date,country,city,maximum_temprature,minimum_temprature,wind_speed,wind_direction,amount_of_rain,humidity,cloud_coverage,pressure
2009-01-01,Afghanistan,Shahrak,0,-9,13,S,0.0,76,19,1020
2009-01-02,Afghanistan,Shahrak,0,-5,21,SSE,7.0,85,43,1015
2009-01-03,Afghanistan,Shahrak,0,-11,18,SW,9.7,95,56,1016
2009-01-04,Afghanistan,Shahrak,-7,-20,7,S,0.0,70,6,1024
2009-01-05,Afghanistan,Shahrak,-4,-21,7,SE,0.0,53,4,1022
2009-01-06,Afghanistan,Shahrak,-3,-14,11,SSW,0.0,63,6,1022
2009-01-07,Afghanistan,Shahrak,-3,-17,9,SSE,0.0,69,4,1024
2009-01-08,Afghanistan,Shahrak,-3,-13,15,SE,0.0,73,13,1026
2009-01-09,Afghanistan,Shahrak,-2,-9,13,S,1.4,92,41,1025
2009-01-10,Afghanistan,Shahrak,-3,-12,15,SE,0.0,86,19,1026
2009-01-11,Afghanistan,Shahrak,-4,-12,15,SSE,5.6,90,35,1023
2009-01-12,Afghanistan,Shahrak,-4,-11,15,SE,2.6,94,53,1024
2009-01-13,Afghanistan,Shahrak,-2,-9,11,S,0.9,93,39,1024
2009-01-14,Afghanistan,Shahrak,-4,-15,6,SSE,0.8,95,51,1029
2009-01-15,Afghanistan,Shahrak,-4,-13,8,E,0.4,91,42,1027
2009-01-16,Afghanistan,Shahrak,-4,-8,8,WNW,6.5,95,77,1024
2009-01-17,Afghanistan,Shahrak,-6,-14,11,S,0.6,95,56,1027
2009-01-18,Afghanistan,Shahrak,-6,-18,9,S,0.0,93,27,1027
2009-01-19,Afghanistan,Shahrak,-5,-19,11,ESE,0.0,78,10,1030
2009-01-20,Afghanistan,Shahrak,-1,-13,15,SSE,0.1,70,42,1024
2009-01-21,Afghanistan,Shahrak,-2,-11,12,SSE,0.2,89,19,1025
2009-01-22,Afghanistan,Shahrak,-2,-15,8,ESE,0.0,89,14,1023
2009-01-23,Afghanistan,Shahrak,-2,-12,14,ESE,0.0,93,36,1023
2009-01-24,Afghanistan,Shahrak,-1,-10,12,ESE,0.5,94,50,1018
2009-01-25,Afghanistan,Shahrak,-1,-8,11,S,0.0,97,63,1016
2009-01-26,Afghanistan,Shahrak,-1,-11,11,SW,0.5,96,57,1019
2009-01-27,Afghanistan,Shahrak,-2,-13,12,S,0.0,90,23,1021
2009-01-28,Afghanistan,Shahrak,-2,-7,11,SSE,0.4,85,61,1019
2009-01-29,Afghanistan,Shahrak,-3,-11,12,SSW,0.2,89,36,1020
2009-01-30,Afghanistan,Shahrak,-2,-15,11,S,0.0,86,10,1024
2009-01-31,Afghanistan,Shahrak,2,-9,14,S,0.0,58,21,1021
2009-02-01,Afghanistan,Shahrak,0,-8,12,S,0.0,80,29,1020
2009-02-02,Afghanistan,Shahrak,1,-4,24,S,9.3,88,58,1015
2009-02-03,Afghanistan,Shahrak,0,-6,13,S,0.3,75,19,1019
2009-02-04,Afghanistan,Shahrak,-2,-10,18,WSW,12.6,92,63,1019
2009-02-05,Afghanistan,Shahrak,-9,-19,13,NNE,0.1,92,41,1028
2009-02-06,Afghanistan,Shahrak,-3,-20,14,SSE,0.0,60,3,1026
2009-02-07,Afghanistan,Shahrak,0,-10,13,SSE,0.0,65,17,1023
2009-02-08,Afghanistan,Shahrak,0,-10,14,SSE,0.0,68,34,1022
2009-02-09,Afghanistan,Shahrak,-1,-10,11,SW,0.2,79,35,1019
2009-02-10,Afghanistan,Shahrak,-1,-15,9,S,0.0,89,22,1020
2009-02-11,Afghanistan,Shahrak,1,-6,19,S,0.3,88,37,1014
2009-02-12,Afghanistan,Shahrak,-2,-9,26,S,11.8,89,32,1010
2009-02-13,Afghanistan,Shahrak,-4,-16,8,SW,0.3,90,32,1018
2009-02-14,Afghanistan,Shahrak,-3,-16,7,SW,0.1,91,29,1022
2009-02-15,Afghanistan,Shahrak,-1,-14,9,S,0.0,80,6,1021
2009-02-16,Afghanistan,Shahrak,-1,-9,12,S,0.5,79,28,1020
2009-02-17,Afghanistan,Shahrak,1,-9,10,S,0.0,87,24,1021
2009-02-18,Afghanistan,Shahrak,0,-6,19,S,0.3,84,18,1018
2009-02-19,Afghanistan,Shahrak,-1,-8,14,SW,6.4,93,44,1015
2009-02-20,Afghanistan,Shahrak,-1,-7,17,SSW,1.2,85,16,1021
2009-02-21,Afghanistan,Shahrak,-2,-7,14,S,10.5,89,44,1021
2009-02-22,Afghanistan,Shahrak,1,-4,23,S,2.2,90,42,1010
2009-02-23,Afghanistan,Shahrak,1,-4,18,SW,0.9,87,50,1010
2009-02-24,Afghanistan,Shahrak,-1,-11,11,WSW,0.0,79,22,1018
2009-02-25,Afghanistan,Shahrak,-1,-11,11,WSW,0.0,79,22,1018
2009-02-26,Afghanistan,Shahrak,-1,-11,7,S,0.0,89,28,1019
2009-02-27,Afghanistan,Shahrak,1,-11,8,S,0.0,80,18,1021
2009-02-28,Afghanistan,Shahrak,0,-5,14,S,12.7,88,46,1018
2009-03-01,Afghanistan,Shahrak,2,1,15,S,11.0,96,57,1014
2009-03-02,Afghanistan,Shahrak,2,0,25,S,14.4,95,57,1010
2009-03-03,Afghanistan,Shahrak,-1,-6,19,SW,16.1,93,45,1011
2009-03-04,Afghanistan,Shahrak,0,-7,12,S,0.0,75,10,1016
2009-03-05,Afghanistan,Shahrak,1,-8,11,SSW,0.0,76,10,1017
2009-03-06,Afghanistan,Shahrak,-1,-10,7,SSW,0.0,81,11,1019
2009-03-07,Afghanistan,Shahrak,-1,-11,5,S,0.0,85,8,1021
2009-03-08,Afghanistan,Shahrak,0,-10,4,E,0.0,83,9,1021
2009-03-09,Afghanistan,Shahrak,2,-9,3,ESE,0.0,83,5,1023
2009-03-10,Afghanistan,Shahrak,6,-4,10,SSE,0.0,67,7,1021
2009-03-11,Afghanistan,Shahrak,5,-1,15,S,0.0,63,9,1020
2009-03-12,Afghanistan,Shahrak,7,-1,8,ESE,0.0,54,16,1021
2009-03-13,Afghanistan,Shahrak,11,0,7,E,0.0,40,3,1021
2009-03-14,Afghanistan,Shahrak,12,2,13,S,0.0,34,7,1019
2009-03-15,Afghanistan,Shahrak,12,1,21,S,0.0,33,22,1015
2009-03-16,Afghanistan,Shahrak,11,3,17,SSW,0.0,38,27,1013
2009-03-17,Afghanistan,Shahrak,12,2,21,SSW,0.0,37,14,1013
2009-03-18,Afghanistan,Shahrak,11,4,21,SW,2.6,50,7,1014
2009-03-19,Afghanistan,Shahrak,11,1,11,SSW,0.3,41,15,1015
2009-03-20,Afghanistan,Shahrak,10,1,15,WSW,0.1,40,10,1014
2009-03-21,Afghanistan,Shahrak,12,0,17,SSW,0.0,35,22,1013
2009-03-22,Afghanistan,Shahrak,8,3,14,S,4.8,55,34,1012
2009-03-23,Afghanistan,Shahrak,10,4,23,S,1.1,64,15,1012
2009-03-24,Afghanistan,Shahrak,11,3,21,SW,0.0,52,12,1015
2009-03-25,Afghanistan,Shahrak,15,2,20,SSW,0.0,47,9,1015
2009-03-26,Afghanistan,Shahrak,11,4,16,SW,3.9,62,15,1013
2009-03-27,Afghanistan,Shahrak,10,1,12,SW,0.0,42,19,1012
2009-03-28,Afghanistan,Shahrak,5,0,9,SE,6.0,57,18,1014
2009-03-29,Afghanistan,Shahrak,9,-1,8,SSE,0.0,39,2,1017
2009-03-30,Afghanistan,Shahrak,11,0,7,SSE,0.0,33,12,1017
2009-03-31,Afghanistan,Shahrak,10,3,24,SSE,0.3,63,24,1012
2009-04-01,Afghanistan,Shahrak,10,3,29,SSW,1.3,60,23,1009
2009-04-02,Afghanistan,Shahrak,6,1,18,SW,0.6,57,19,1014
2009-04-03,Afghanistan,Shahrak,10,-2,10,WSW,0.0,47,11,1018
2009-04-04,Afghanistan,Shahrak,8,2,12,SSE,1.7,43,45,1017
2009-04-05,Afghanistan,Shahrak,5,3,21,S,15.9,83,53,1012
2009-04-06,Afghanistan,Shahrak,8,1,16,WNW,4.0,70,42,1014
2009-04-07,Afghanistan,Shahrak,6,-2,18,SW,0.7,64,21,1015
2009-04-08,Afghanistan,Shahrak,6,-2,8,S,0.0,55,6,1013
2009-04-09,Afghanistan,Shahrak,11,1,21,SSW,0.0,50,10,1014
2009-04-10,Afghanistan,Shahrak,11,3,20,S,6.0,66,30,1016
2009-04-11,Afghanistan,Shahrak,10,4,12,SSW,3.3,69,30,1017
2009-04-12,Afghanistan,Shahrak,11,2,10,SSW,1.4,59,18,1017
2009-04-13,Afghanistan,Shahrak,12,3,8,S,0.0,50,8,1013
2009-04-14,Afghanistan,Shahrak,11,4,23,SW,18.0,69,33,1009
2009-04-15,Afghanistan,Shahrak,7,0,25,SW,0.8,41,2,1015
2009-04-16,Afghanistan,Shahrak,13,0,20,SSW,0.0,27,16,1016
2009-04-17,Afghanistan,Shahrak,14,5,24,SSW,0.3,40,14,1013
2009-04-18,Afghanistan,Shahrak,16,6,23,SSW,0.4,38,11,1014
2009-04-19,Afghanistan,Shahrak,12,6,14,SE,9.4,59,26,1016
2009-04-20,Afghanistan,Shahrak,13,4,21,SW,1.9,53,19,1011
2009-04-21,Afghanistan,Shahrak,9,0,15,WSW,0.4,57,16,1015
2009-04-22,Afghanistan,Shahrak,11,0,11,SSW,0.0,43,10,1014
2009-04-23,Afghanistan,Shahrak,12,2,11,SSW,0.0,33,4,1018
2009-04-24,Afghanistan,Shahrak,15,3,13,SSW,0.0,27,15,1018
2009-04-25,Afghanistan,Shahrak,14,7,18,SSW,0.2,31,46,1017
2009-04-26,Afghanistan,Shahrak,13,4,15,S,0.1,49,22,1018
2009-04-27,Afghanistan,Shahrak,14,7,21,WSW,14.1,59,35,1018
2009-04-28,Afghanistan,Shahrak,13,4,13,SSW,1.7,64,24,1020
2009-04-29,Afghanistan,Shahrak,17,5,12,SW,0.0,38,12,1017
2009-04-30,Afghanistan,Shahrak,19,7,17,SSW,0.0,35,2,1015
2009-05-01,Afghanistan,Shahrak,14,10,22,SSW,1.5,52,16,1016
2009-05-02,Afghanistan,Shahrak,17,8,15,SSW,0.6,50,21,1015
2009-05-03,Afghanistan,Shahrak,12,6,18,WSW,14.8,65,33,1013
2009-05-04,Afghanistan,Shahrak,11,4,18,SW,0.2,67,27,1015
2009-05-05,Afghanistan,Shahrak,14,3,14,SW,0.0,51,12,1016
2009-05-06,Afghanistan,Shahrak,14,7,16,WSW,2.1,50,21,1016
2009-05-07,Afghanistan,Shahrak,15,8,20,WSW,3.6,46,7,1014
2009-05-08,Afghanistan,Shahrak,18,9,20,W,0.6,44,13,1013
2009-05-09,Afghanistan,Shahrak,13,7,12,WSW,2.1,50,15,1015
2009-05-10,Afghanistan,Shahrak,15,5,12,WNW,0.0,40,20,1014
2009-05-11,Afghanistan,Shahrak,19,6,17,WSW,0.0,44,5,1015
2009-05-12,Afghanistan,Shahrak,22,9,16,S,0.0,41,7,1015
2009-05-13,Afghanistan,Shahrak,22,11,13,W,0.0,39,22,1013
2009-05-14,Afghanistan,Shahrak,20,11,18,S,0.0,43,5,1013
2009-05-15,Afghanistan,Shahrak,20,8,18,S,0.0,37,4,1014
2009-05-16,Afghanistan,Shahrak,21,9,14,SE,0.0,30,2,1015
2009-05-17,Afghanistan,Shahrak,25,12,10,SSW,0.0,19,7,1012
2009-05-18,Afghanistan,Shahrak,22,14,16,SW,0.2,26,24,1011
2009-05-19,Afghanistan,Shahrak,22,10,20,SW,0.0,35,11,1011
2009-05-20,Afghanistan,Shahrak,19,8,21,E,0.0,48,10,1013
2009-05-21,Afghanistan,Shahrak,20,7,22,E,0.0,40,4,1015
2009-05-22,Afghanistan,Shahrak,21,8,20,E,0.0,31,2,1015
2009-05-23,Afghanistan,Shahrak,22,8,21,SW,0.0,18,1,1013
2009-05-24,Afghanistan,Shahrak,21,10,22,SE,0.0,25,15,1013
2009-05-25,Afghanistan,Shahrak,21,9,15,SW,0.0,30,10,1010
2009-05-26,Afghanistan,Shahrak,23,12,18,WNW,0.0,26,13,1009
2009-05-27,Afghanistan,Shahrak,23,11,19,SW,0.0,25,12,1012
2009-05-28,Afghanistan,Shahrak,23,12,24,NNE,0.0,21,2,1015
2009-05-29,Afghanistan,Shahrak,24,10,25,NNE,0.0,17,0,1015
2009-05-30,Afghanistan,Shahrak,25,11,25,ESE,0.0,16,0,1011
2009-05-31,Afghanistan,Shahrak,24,11,17,SE,0.0,22,5,1009
2009-06-01,Afghanistan,Shahrak,23,11,17,SSW,0.0,34,3,1008
2009-06-02,Afghanistan,Shahrak,20,8,21,E,0.0,43,12,1012
2009-06-03,Afghanistan,Shahrak,20,7,18,SSW,0.0,41,6,1012
2009-06-04,Afghanistan,Shahrak,19,7,19,ESE,0.0,28,10,1011
2009-06-05,Afghanistan,Shahrak,16,5,26,S,0.0,24,1,1009
2009-06-06,Afghanistan,Shahrak,17,5,18,W,0.0,22,0,1010
2009-06-07,Afghanistan,Shahrak,18,6,20,N,0.0,29,0,1011
2009-06-08,Afghanistan,Shahrak,20,7,22,E,0.0,32,1,1012
2009-06-09,Afghanistan,Shahrak,20,8,27,E,0.0,32,1,1015
2009-06-10,Afghanistan,Shahrak,20,8,28,NNE,0.0,29,1,1014
2009-06-11,Afghanistan,Shahrak,21,9,27,ENE,0.0,24,6,1012
2009-06-12,Afghanistan,Shahrak,22,10,23,ENE,0.0,26,12,1011
2009-06-13,Afghanistan,Shahrak,20,10,24,ESE,0.0,26,23,1012
2009-06-14,Afghanistan,Shahrak,18,9,26,NNE,0.0,28,4,1013
2009-06-15,Afghanistan,Shahrak,20,8,23,NW,0.0,21,1,1011
2009-06-16,Afghanistan,Shahrak,20,8,25,E,0.0,19,0,1010
2009-06-17,Afghanistan,Shahrak,20,8,26,NNE,0.0,30,4,1012
2009-06-18,Afghanistan,Shahrak,22,8,19,S,0.0,18,0,1010
2009-06-19,Afghanistan,Shahrak,21,8,19,S,0.0,13,0,1009
2009-06-20,Afghanistan,Shahrak,22,9,26,NNE,0.0,18,2,1012
2009-06-21,Afghanistan,Shahrak,22,9,24,NNE,0.0,19,1,1013
2009-06-22,Afghanistan,Shahrak,22,10,26,NNE,0.0,22,4,1011
2009-06-23,Afghanistan,Shahrak,23,10,20,SE,0.0,21,2,1010
2009-06-24,Afghanistan,Shahrak,23,11,19,NNE,0.0,25,20,1009
2009-06-25,Afghanistan,Shahrak,23,11,18,ESE,0.0,27,15,1010
2009-06-26,Afghanistan,Shahrak,25,12,18,ESE,0.0,22,9,1009
2009-06-27,Afghanistan,Shahrak,26,13,17,SSE,0.0,18,2,1007
2009-06-28,Afghanistan,Shahrak,27,13,22,S,0.0,15,1,1008
2009-06-29,Afghanistan,Shahrak,22,11,29,E,0.0,23,0,1011
2009-06-30,Afghanistan,Shahrak,23,8,26,E,0.0,14,0,1010
2009-07-01,Afghanistan,Shahrak,24,6,23,SE,0.0,10,0,1008
2009-07-02,Afghanistan,Shahrak,22,8,24,SE,0.0,14,0,1007
2009-07-03,Afghanistan,Shahrak,21,9,21,S,0.0,25,1,1007
2009-07-04,Afghanistan,Shahrak,23,9,14,SSW,0.0,29,4,1005
2009-07-05,Afghanistan,Shahrak,25,11,13,WSW,0.0,20,20,1004
2009-07-06,Afghanistan,Shahrak,28,16,17,SSW,0.0,18,21,1004
2009-07-07,Afghanistan,Shahrak,26,15,9,SE,0.0,20,29,1006
2009-07-08,Afghanistan,Shahrak,27,15,22,NNE,0.0,20,10,1008
2009-07-09,Afghanistan,Shahrak,25,13,27,NNE,0.0,21,1,1008
2009-07-10,Afghanistan,Shahrak,26,12,21,SSE,0.0,22,0,1007
2009-07-11,Afghanistan,Shahrak,27,13,19,S,0.0,22,2,1007
2009-07-12,Afghanistan,Shahrak,25,12,25,SE,0.0,16,0,1008
2009-07-13,Afghanistan,Shahrak,23,11,29,NNE,0.0,23,0,1007
2009-07-14,Afghanistan,Shahrak,25,10,26,ENE,0.0,21,0,1005
2009-07-15,Afghanistan,Shahrak,27,11,15,S,0.0,15,0,1005
2009-07-16,Afghanistan,Shahrak,28,13,15,SE,0.0,15,0,1005
2009-07-17,Afghanistan,Shahrak,27,13,21,ENE,0.0,15,0,1005
2009-07-18,Afghanistan,Shahrak,28,12,20,SSE,0.0,17,0,1005
2009-07-19,Afghanistan,Shahrak,28,13,20,ESE,0.0,18,0,1006
2009-07-20,Afghanistan,Shahrak,28,13,23,SE,0.0,15,0,1005
2009-07-21,Afghanistan,Shahrak,27,12,23,ESE,0.0,13,0,1006
2009-07-22,Afghanistan,Shahrak,27,13,25,ENE,0.0,15,0,1007
2009-07-23,Afghanistan,Shahrak,27,12,27,NNE,0.0,19,0,1007
2009-07-24,Afghanistan,Shahrak,27,12,21,ESE,0.0,15,0,1007
2009-07-25,Afghanistan,Shahrak,28,12,17,SSE,0.0,12,0,1007
2009-07-26,Afghanistan,Shahrak,29,14,21,ESE,0.0,16,0,1005
2009-07-27,Afghanistan,Shahrak,29,15,25,NNE,0.0,19,1,1002
2009-07-28,Afghanistan,Shahrak,29,15,27,NNE,0.0,22,1,1002
2009-07-29,Afghanistan,Shahrak,27,14,26,NNE,0.0,27,2,1004
2009-07-30,Afghanistan,Shahrak,27,14,25,ESE,0.0,23,1,1007
2009-07-31,Afghanistan,Shahrak,27,13,25,NNE,0.0,16,0,1007
2009-08-01,Afghanistan,Shahrak,28,13,19,SSE,0.0,20,1,1006
2009-08-02,Afghanistan,Shahrak,29,15,18,ESE,0.0,23,7,1007
2009-08-03,Afghanistan,Shahrak,29,16,19,SSE,0.0,22,2,1009
2009-08-04,Afghanistan,Shahrak,26,14,27,ENE,0.0,25,0,1009
2009-08-05,Afghanistan,Shahrak,25,13,28,NNE,0.0,27,0,1009
2009-08-06,Afghanistan,Shahrak,24,11,25,S,0.0,25,0,1007
2009-08-07,Afghanistan,Shahrak,25,10,23,S,0.0,19,0,1007
2009-08-08,Afghanistan,Shahrak,27,11,16,S,0.0,16,0,1006
2009-08-09,Afghanistan,Shahrak,27,12,20,SE,0.0,14,0,1006
2009-08-10,Afghanistan,Shahrak,28,13,23,ENE,0.0,15,0,1007
2009-08-11,Afghanistan,Shahrak,29,14,22,ENE,0.0,17,0,1009
2009-08-12,Afghanistan,Shahrak,30,15,17,ESE,0.0,16,0,1008
2009-08-13,Afghanistan,Shahrak,30,16,21,NNE,0.0,16,0,1007
2009-08-14,Afghanistan,Shahrak,28,16,29,NNE,0.0,18,0,1009
2009-08-15,Afghanistan,Shahrak,28,13,27,NNE,0.0,17,0,1008
2009-08-16,Afghanistan,Shahrak,27,13,23,ENE,0.0,18,0,1008
2009-08-17,Afghanistan,Shahrak,26,12,20,SE,0.0,16,0,1010
2009-08-18,Afghanistan,Shahrak,24,11,27,NNE,0.0,15,0,1013
2009-08-19,Afghanistan,Shahrak,23,10,24,ESE,0.0,23,0,1013
2009-08-20,Afghanistan,Shahrak,23,10,21,S,0.0,24,0,1013
2009-08-21,Afghanistan,Shahrak,24,9,20,S,0.0,18,0,1010
2009-08-22,Afghanistan,Shahrak,24,11,18,S,0.0,24,5,1010
2009-08-23,Afghanistan,Shahrak,24,10,16,S,0.0,21,0,1009
2009-08-24,Afghanistan,Shahrak,26,12,16,ESE,0.0,17,3,1010
2009-08-25,Afghanistan,Shahrak,25,14,16,SW,0.0,23,4,1011
2009-08-26,Afghanistan,Shahrak,26,10,15,SSE,0.0,26,1,1010
2009-08-27,Afghanistan,Shahrak,26,11,16,ESE,0.0,20,0,1010
2009-08-28,Afghanistan,Shahrak,27,12,18,SSE,0.0,18,0,1011
2009-08-29,Afghanistan,Shahrak,27,13,19,SE,0.0,19,5,1012
2009-08-30,Afghanistan,Shahrak,26,12,17,S,0.0,23,5,1010
2009-08-31,Afghanistan,Shahrak,25,12,15,S,0.0,22,2,1010
2009-09-01,Afghanistan,Shahrak,24,10,15,S,0.0,21,0,1013
2009-09-02,Afghanistan,Shahrak,19,9,21,SE,0.0,27,0,1013
2009-09-03,Afghanistan,Shahrak,19,6,24,ESE,0.0,33,1,1012
2009-09-04,Afghanistan,Shahrak,21,6,21,ESE,0.0,25,0,1013
2009-09-05,Afghanistan,Shahrak,19,5,21,E,0.0,18,0,1012
2009-09-06,Afghanistan,Shahrak,19,4,17,SSE,0.0,21,0,1010
2009-09-07,Afghanistan,Shahrak,21,5,13,SSE,0.0,25,0,1011
2009-09-08,Afghanistan,Shahrak,21,6,17,S,0.0,22,0,1014
2009-09-09,Afghanistan,Shahrak,19,5,22,NNE,0.0,18,0,1016
2009-09-10,Afghanistan,Shahrak,20,4,15,SSE,0.0,14,0,1012
2009-09-11,Afghanistan,Shahrak,21,5,13,S,0.0,14,0,1011
2009-09-12,Afghanistan,Shahrak,23,6,10,SW,0.0,16,2,1014
2009-09-13,Afghanistan,Shahrak,23,9,10,W,0.0,17,1,1015
2009-09-14,Afghanistan,Shahrak,23,9,13,W,0.0,17,0,1014
2009-09-15,Afghanistan,Shahrak,22,10,12,S,0.0,19,13,1010
2009-09-16,Afghanistan,Shahrak,21,9,16,SSE,1.1,29,32,1010
2009-09-17,Afghanistan,Shahrak,20,11,15,S,1.0,32,19,1012
2009-09-18,Afghanistan,Shahrak,24,11,16,SSW,0.0,29,7,1014
2009-09-19,Afghanistan,Shahrak,22,11,13,WSW,0.0,32,3,1015
2009-09-20,Afghanistan,Shahrak,23,11,9,SSW,0.0,32,12,1015
2009-09-21,Afghanistan,Shahrak,22,12,10,W,0.0,28,18,1015
2009-09-22,Afghanistan,Shahrak,23,11,10,SSW,0.0,26,0,1015
2009-09-23,Afghanistan,Shahrak,23,11,11,SW,0.0,25,0,1014
2009-09-24,Afghanistan,Shahrak,24,10,5,SSW,0.0,21,0,1013
2009-09-25,Afghanistan,Shahrak,25,12,14,S,0.0,20,4,1013
2009-09-26,Afghanistan,Shahrak,23,10,13,SSW,0.0,33,11,1013
2009-09-27,Afghanistan,Shahrak,22,10,14,SW,0.0,28,1,1012
2009-09-28,Afghanistan,Shahrak,21,8,12,SW,0.0,20,0,1014
2009-09-29,Afghanistan,Shahrak,21,6,5,ESE,0.0,14,1,1014
2009-09-30,Afghanistan,Shahrak,23,9,11,S,0.0,20,4,1013
2009-10-01,Afghanistan,Shahrak,22,11,11,SSW,0.0,23,4,1015
2009-10-02,Afghanistan,Shahrak,22,9,15,S,0.0,25,0,1017
2009-10-03,Afghanistan,Shahrak,17,6,23,ESE,0.0,29,0,1017
2009-10-04,Afghanistan,Shahrak,18,4,13,SSE,0.0,33,1,1014
2009-10-05,Afghanistan,Shahrak,17,4,13,S,0.0,46,5,1015
2009-10-06,Afghanistan,Shahrak,18,4,11,S,0.0,26,0,1014
2009-10-07,Afghanistan,Shahrak,17,3,14,SE,0.0,15,0,1014
2009-10-08,Afghanistan,Shahrak,15,4,19,E,0.0,17,2,1016
2009-10-09,Afghanistan,Shahrak,13,2,21,ENE,0.0,31,1,1018
2009-10-10,Afghanistan,Shahrak,15,1,14,S,0.0,30,1,1017
2009-10-11,Afghanistan,Shahrak,15,1,12,SSE,0.0,20,0,1019
2009-10-12,Afghanistan,Shahrak,16,2,11,S,0.0,18,0,1019
2009-10-13,Afghanistan,Shahrak,16,0,12,S,0.0,20,2,1020
2009-10-14,Afghanistan,Shahrak,15,1,8,SSE,0.0,21,0,1019
2009-10-15,Afghanistan,Shahrak,14,1,7,SSW,0.0,21,0,1019
2009-10-16,Afghanistan,Shahrak,13,1,16,NNE,0.0,22,5,1020
2009-10-17,Afghanistan,Shahrak,13,0,14,SE,0.0,24,1,1019
2009-10-18,Afghanistan,Shahrak,13,-1,10,S,0.0,23,0,1017
2009-10-19,Afghanistan,Shahrak,12,-2,11,S,0.0,23,0,1019
2009-10-20,Afghanistan,Shahrak,12,-1,9,SSW,0.0,28,0,1020
2009-10-21,Afghanistan,Shahrak,10,-2,9,SSW,0.0,27,0,1021
2009-10-22,Afghanistan,Shahrak,10,-4,9,SW,0.0,22,0,1023
2009-10-23,Afghanistan,Shahrak,9,-4,12,SSW,0.0,21,0,1024
2009-10-24,Afghanistan,Shahrak,11,-4,13,ENE,0.0,28,0,1021
2009-10-25,Afghanistan,Shahrak,13,-3,12,SSW,0.0,23,22,1019
2009-10-26,Afghanistan,Shahrak,11,1,13,WSW,0.1,36,17,1020
2009-10-27,Afghanistan,Shahrak,9,2,14,SW,2.8,60,30,1020
2009-10-28,Afghanistan,Shahrak,12,0,8,S,0.0,58,8,1020
2009-10-29,Afghanistan,Shahrak,13,0,19,SSW,0.5,46,11,1022
2009-10-30,Afghanistan,Shahrak,13,5,19,SW,0.1,46,16,1022
2009-10-31,Afghanistan,Shahrak,13,3,8,W,0.0,47,7,1021
2009-11-01,Afghanistan,Shahrak,14,3,12,SSW,0.9,49,23,1020
2009-11-02,Afghanistan,Shahrak,14,5,14,SW,2.4,57,15,1020
2009-11-03,Afghanistan,Shahrak,15,3,13,SSW,0.0,42,2,1022
2009-11-04,Afghanistan,Shahrak,12,5,18,SSW,0.5,40,30,1022
2009-11-05,Afghanistan,Shahrak,12,3,10,SW,0.0,43,3,1022
2009-11-06,Afghanistan,Shahrak,14,2,12,SSW,0.0,47,4,1020
2009-11-07,Afghanistan,Shahrak,7,2,10,WSW,3.6,63,34,1019
2009-11-08,Afghanistan,Shahrak,3,-2,16,W,0.3,75,30,1020
2009-11-09,Afghanistan,Shahrak,5,-6,12,W,0.0,48,9,1022
2009-11-10,Afghanistan,Shahrak,9,-7,6,SE,0.0,15,2,1019
2009-11-11,Afghanistan,Shahrak,10,-3,7,SSW,0.0,13,0,1015
2009-11-12,Afghanistan,Shahrak,11,-2,6,SW,0.0,14,1,1016
2009-11-13,Afghanistan,Shahrak,11,-2,9,S,0.0,22,2,1018
2009-11-14,Afghanistan,Shahrak,7,-4,9,WSW,0.0,36,0,1020
2009-11-15,Afghanistan,Shahrak,5,-4,16,S,0.0,40,1,1020
2009-11-16,Afghanistan,Shahrak,5,-8,11,SE,0.0,20,0,1019
2009-11-17,Afghanistan,Shahrak,6,-9,8,SSW,0.0,6,1,1019
2009-11-18,Afghanistan,Shahrak,8,-8,4,SW,0.0,11,3,1020
2009-11-19,Afghanistan,Shahrak,11,-3,10,SSW,0.0,23,0,1019
2009-11-20,Afghanistan,Shahrak,7,-1,18,SSW,0.3,33,9,1020
2009-11-21,Afghanistan,Shahrak,7,-4,19,S,0.0,42,1,1019
2009-11-22,Afghanistan,Shahrak,6,-1,31,S,5.0,64,13,1015
2009-11-23,Afghanistan,Shahrak,5,-3,21,SSW,0.2,58,8,1019
2009-11-24,Afghanistan,Shahrak,1,-4,20,SSW,5.9,74,26,1018
2009-11-25,Afghanistan,Shahrak,-1,-7,9,SW,0.0,52,3,1024
2009-11-26,Afghanistan,Shahrak,1,-11,11,S,0.8,56,18,1022
2009-11-27,Afghanistan,Shahrak,1,-2,13,SSE,5.2,83,34,1021
2009-11-28,Afghanistan,Shahrak,1,-4,10,SSW,0.4,91,29,1023
2009-11-29,Afghanistan,Shahrak,0,-3,13,SSE,1.9,85,48,1022
2009-11-30,Afghanistan,Shahrak,1,-2,16,S,4.8,94,52,1020
2009-12-01,Afghanistan,Shahrak,1,-4,11,S,0.1,92,32,1022
2009-12-02,Afghanistan,Shahrak,0,-6,12,SSE,0.0,84,15,1023
2009-12-03,Afghanistan,Shahrak,-2,-5,16,S,13.8,91,61,1020
2009-12-04,Afghanistan,Shahrak,-5,-10,13,SW,0.9,84,24,1024
2009-12-05,Afghanistan,Shahrak,-6,-14,7,SSE,0.0,83,11,1026
2009-12-06,Afghanistan,Shahrak,-3,-13,12,S,0.0,67,2,1024
2009-12-07,Afghanistan,Shahrak,-1,-10,11,S,0.0,74,6,1021
2009-12-08,Afghanistan,Shahrak,1,-6,16,SSE,0.1,79,34,1017
2009-12-09,Afghanistan,Shahrak,0,-3,16,S,4.8,96,74,1014
2009-12-10,Afghanistan,Shahrak,-3,-8,13,SSW,2.1,95,47,1020
2009-12-11,Afghanistan,Shahrak,-3,-11,13,SSE,0.0,84,35,1023
2009-12-12,Afghanistan,Shahrak,-2,-10,8,S,2.0,93,54,1022
2009-12-13,Afghanistan,Shahrak,-1,-11,13,SSE,0.0,91,25,1023
2009-12-14,Afghanistan,Shahrak,-1,-7,14,S,0.8,93,70,1021
2009-12-15,Afghanistan,Shahrak,-2,-10,13,SSE,0.0,94,32,1024
2009-12-16,Afghanistan,Shahrak,-2,-12,9,S,0.0,91,28,1027
2009-12-17,Afghanistan,Shahrak,-1,-14,11,SSE,0.0,60,37,1024
2009-12-18,Afghanistan,Shahrak,-1,-10,18,SSE,0.0,66,20,1023
2009-12-19,Afghanistan,Shahrak,-1,-7,20,SSE,3.0,87,45,1019
2009-12-20,Afghanistan,Shahrak,-2,-7,13,SSW,0.4,94,51,1024
2009-12-21,Afghanistan,Shahrak,-1,-9,10,S,1.7,96,53,1026
2009-12-22,Afghanistan,Shahrak,-1,-12,7,SSE,0.0,96,31,1026
2009-12-23,Afghanistan,Shahrak,-1,-11,13,NE,0.0,91,27,1028
2009-12-24,Afghanistan,Shahrak,0,-14,4,SSE,0.0,63,16,1024
2009-12-25,Afghanistan,Shahrak,0,-12,4,ESE,0.0,74,9,1020
2009-12-26,Afghanistan,Shahrak,-1,-11,9,S,0.2,79,43,1018
2009-12-27,Afghanistan,Shahrak,-2,-6,13,S,3.7,91,53,1017
2009-12-28,Afghanistan,Shahrak,-2,-9,8,S,6.9,95,56,1019
2009-12-29,Afghanistan,Shahrak,-2,-13,6,SSE,1.3,93,37,1019
2009-12-30,Afghanistan,Shahrak,-1,-11,13,S,0.0,73,10,1021
2009-12-31,Afghanistan,Shahrak,0,-11,10,SSE,0.0,71,9,1020
2010-01-01,Afghanistan,Shahrak,0,-8,16,SE,0.0,66,3,1018
2010-01-02,Afghanistan,Shahrak,-1,-7,20,SSE,0.7,87,45,1018
2010-01-03,Afghanistan,Shahrak,-1,-7,16,S,0.7,96,55,1022
2010-01-04,Afghanistan,Shahrak,0,-8,14,SSW,0.0,78,6,1023
2010-01-05,Afghanistan,Shahrak,1,-11,8,S,0.0,60,7,1020
2010-01-06,Afghanistan,Shahrak,0,-12,7,SE,0.0,64,25,1019
2010-01-07,Afghanistan,Shahrak,-1,-15,5,SE,0.0,81,7,1022
2010-01-08,Afghanistan,Shahrak,-2,-17,7,SSE,0.0,71,20,1026
2010-01-09,Afghanistan,Shahrak,-4,-14,13,NE,0.0,84,19,1028
2010-01-10,Afghanistan,Shahrak,-5,-17,12,NE,0.0,76,11,1028
2010-01-11,Afghanistan,Shahrak,-3,-19,6,SSE,0.0,55,6,1024
2010-01-12,Afghanistan,Shahrak,-2,-17,11,S,0.0,51,0,1023
2010-01-13,Afghanistan,Shahrak,-1,-15,9,SW,0.0,61,10,1025
2010-01-14,Afghanistan,Shahrak,1,-10,16,S,0.0,61,18,1024
2010-01-15,Afghanistan,Shahrak,0,-9,14,S,0.0,63,11,1025
2010-01-16,Afghanistan,Shahrak,0,-7,14,S,0.0,63,22,1026
2010-01-17,Afghanistan,Shahrak,0,-12,7,SSW,0.0,79,7,1028
2010-01-18,Afghanistan,Shahrak,-1,-12,8,NE,0.0,85,8,1029
2010-01-19,Afghanistan,Shahrak,1,-11,10,SSE,0.0,76,40,1023
2010-01-20,Afghanistan,Shahrak,1,-7,14,S,0.0,70,9,1022
2010-01-21,Afghanistan,Shahrak,1,-6,13,S,0.1,71,20,1020
2010-01-22,Afghanistan,Shahrak,0,-5,13,S,0.3,83,27,1019
2010-01-23,Afghanistan,Shahrak,-2,-4,11,SSE,14.0,93,69,1020
2010-01-24,Afghanistan,Shahrak,2,-11,8,S,0.0,71,8,1022
2010-01-25,Afghanistan,Shahrak,0,-11,14,SSE,0.0,58,23,1021
2010-01-26,Afghanistan,Shahrak,0,-6,23,SSE,0.5,83,24,1017
2010-01-27,Afghanistan,Shahrak,-1,-7,16,SSE,1.2,93,42,1017
2010-01-28,Afghanistan,Shahrak,-4,-10,14,SSW,4.7,91,35,1019
2010-01-29,Afghanistan,Shahrak,-3,-15,15,S,0.0,71,20,1025
2010-01-30,Afghanistan,Shahrak,-1,-10,16,S,0.0,72,20,1023
2010-01-31,Afghanistan,Shahrak,-1,-11,6,SSW,0.4,84,14,1022
2010-02-01,Afghanistan,Shahrak,-2,-15,10,S,0.0,81,9,1022
2010-02-02,Afghanistan,Shahrak,0,-8,15,SSW,4.7,91,48,1020
2010-02-03,Afghanistan,Shahrak,0,-6,12,S,0.8,85,19,1018
2010-02-04,Afghanistan,Shahrak,1,-6,18,SSE,6.4,92,59,1017
2010-02-05,Afghanistan,Shahrak,1,0,23,S,6.5,99,97,1010
2010-02-06,Afghanistan,Shahrak,0,-2,16,S,0.4,98,81,1013
2010-02-07,Afghanistan,Shahrak,1,-2,20,SSW,4.6,93,52,1012
2010-02-08,Afghanistan,Shahrak,-11,-18,18,WSW,7.4,95,78,1020
2010-02-09,Afghanistan,Shahrak,-9,-22,7,ESE,0.0,76,9,1027
2010-02-10,Afghanistan,Shahrak,-5,-18,13,S,0.0,65,45,1023
2010-02-11,Afghanistan,Shahrak,-3,-11,13,S,0.3,78,58,1023
2010-02-12,Afghanistan,Shahrak,-4,-20,9,SSW,0.1,95,31,1026
2010-02-13,Afghanistan,Shahrak,-4,-21,10,WSW,0.3,95,52,1027
2010-02-14,Afghanistan,Shahrak,-10,-24,12,SE,0.2,96,71,1030
2010-02-15,Afghanistan,Shahrak,-11,-29,11,NE,0.0,63,8,1032
2010-02-16,Afghanistan,Shahrak,-3,-31,12,SW,0.0,52,3,1026
2010-02-17,Afghanistan,Shahrak,0,-11,16,SSW,1.3,78,38,1023
2010-02-18,Afghanistan,Shahrak,1,-9,12,SSW,0.4,92,47,1021
2010-02-19,Afghanistan,Shahrak,1,-5,15,SSW,0.9,83,22,1020
2010-02-20,Afghanistan,Shahrak,1,-2,21,SSE,1.4,88,25,1017
2010-02-21,Afghanistan,Shahrak,1,-3,23,SSE,0.8,87,31,1014
2010-02-22,Afghanistan,Shahrak,0,-1,16,S,11.3,98,75,1014
2010-02-23,Afghanistan,Shahrak,0,-5,18,S,9.3,97,61,1015
2010-02-24,Afghanistan,Shahrak,0,-3,15,S,6.0,96,67,1013
2010-02-25,Afghanistan,Shahrak,0,-3,15,S,6.0,96,67,1013
2010-02-26,Afghanistan,Shahrak,1,-1,17,S,15.0,98,84,1015
2010-02-27,Afghanistan,Shahrak,1,1,19,S,7.6,98,81,1015
2010-02-28,Afghanistan,Shahrak,1,0,20,S,13.5,99,92,1012
2010-03-01,Afghanistan,Shahrak,0,-13,7,S,0.2,87,20,1020
2010-03-02,Afghanistan,Shahrak,1,-8,14,SSE,0.4,75,16,1017
2010-03-03,Afghanistan,Shahrak,2,-1,19,SSW,12.0,91,53,1009
2010-03-04,Afghanistan,Shahrak,2,-4,15,SSW,0.0,77,16,1013
2010-03-05,Afghanistan,Shahrak,4,-3,17,SSE,6.7,86,28,1013
2010-03-06,Afghanistan,Shahrak,2,-5,8,SW,7.8,91,36,1015
2010-03-07,Afghanistan,Shahrak,3,-4,13,SW,0.1,85,14,1021
2010-03-08,Afghanistan,Shahrak,4,-4,8,S,0.0,84,8,1025
2010-03-09,Afghanistan,Shahrak,6,-3,7,ESE,0.0,70,9,1025
2010-03-10,Afghanistan,Shahrak,9,0,9,SSW,0.0,62,2,1022
2010-03-11,Afghanistan,Shahrak,7,0,8,SW,0.0,75,24,1022
2010-03-12,Afghanistan,Shahrak,10,1,11,WSW,0.8,65,12,1023
2010-03-13,Afghanistan,Shahrak,10,1,12,WSW,0.0,63,8,1021
2010-03-14,Afghanistan,Shahrak,14,3,11,WSW,0.0,55,16,1020
2010-03-15,Afghanistan,Shahrak,14,4,11,WSW,0.0,45,3,1019
2010-03-16,Afghanistan,Shahrak,15,4,13,S,0.0,42,6,1018
2010-03-17,Afghanistan,Shahrak,17,5,14,SSW,0.0,33,12,1020
2010-03-18,Afghanistan,Shahrak,17,5,18,SSE,0.0,32,10,1022
2010-03-19,Afghanistan,Shahrak,18,7,21,S,0.0,31,3,1020
2010-03-20,Afghanistan,Shahrak,17,5,14,SSW,0.0,35,24,1020
2010-03-21,Afghanistan,Shahrak,16,6,11,SSW,0.6,38,25,1018
2010-03-22,Afghanistan,Shahrak,13,3,20,WSW,0.0,44,11,1014
2010-03-23,Afghanistan,Shahrak,13,0,10,S,0.0,35,2,1014
2010-03-24,Afghanistan,Shahrak,12,0,12,ESE,0.0,31,8,1017
2010-03-25,Afghanistan,Shahrak,15,4,12,SSW,0.0,27,15,1014
2010-03-26,Afghanistan,Shahrak,13,5,11,WSW,0.0,39,4,1015
2010-03-27,Afghanistan,Shahrak,12,2,12,S,1.1,59,27,1018
2010-03-28,Afghanistan,Shahrak,13,5,14,S,1.9,54,16,1017
2010-03-29,Afghanistan,Shahrak,13,5,27,SW,0.2,45,11,1015
2010-03-30,Afghanistan,Shahrak,11,1,11,WSW,0.0,44,3,1016
2010-03-31,Afghanistan,Shahrak,13,0,12,SSW,0.0,38,2,1015
2010-04-01,Afghanistan,Shahrak,13,2,11,WSW,0.0,38,22,1013
2010-04-02,Afghanistan,Shahrak,11,4,21,SW,1.0,41,21,1012
2010-04-03,Afghanistan,Shahrak,11,0,11,SSW,0.0,38,1,1016
2010-04-04,Afghanistan,Shahrak,13,0,12,SW,0.0,32,0,1019
2010-04-05,Afghanistan,Shahrak,13,2,11,S,0.0,32,9,1020
2010-04-06,Afghanistan,Shahrak,16,4,17,SSE,0.2,32,25,1019
2010-04-07,Afghanistan,Shahrak,15,7,21,SSW,0.2,33,34,1016
2010-04-08,Afghanistan,Shahrak,16,6,11,SW,0.0,32,16,1018
2010-04-09,Afghanistan,Shahrak,17,8,14,SW,0.3,36,12,1016
2010-04-10,Afghanistan,Shahrak,13,7,17,SW,11.5,59,36,1012
2010-04-11,Afghanistan,Shahrak,15,6,16,SSW,3.9,61,10,1012
2010-04-12,Afghanistan,Shahrak,16,4,9,SSW,0.0,45,16,1016
2010-04-13,Afghanistan,Shahrak,20,5,13,SSW,0.0,23,9,1014
2010-04-14,Afghanistan,Shahrak,18,9,21,S,0.2,30,25,1013
2010-04-15,Afghanistan,Shahrak,18,10,10,SW,0.0,38,8,1017
2010-04-16,Afghanistan,Shahrak,18,9,12,SSW,0.0,40,14,1017
2010-04-17,Afghanistan,Shahrak,10,8,8,ESE,11.8,65,43,1016
2010-04-18,Afghanistan,Shahrak,14,7,10,WSW,1.5,65,12,1013
2010-04-19,Afghanistan,Shahrak,16,7,10,SW,5.2,56,14,1010
2010-04-20,Afghanistan,Shahrak,11,5,16,SW,7.5,63,24,1010
2010-04-21,Afghanistan,Shahrak,11,3,12,SW,0.5,61,20,1012
2010-04-22,Afghanistan,Shahrak,15,2,12,SW,0.0,48,5,1016
2010-04-23,Afghanistan,Shahrak,17,5,12,SW,0.0,35,0,1016
2010-04-24,Afghanistan,Shahrak,19,5,12,SSW,0.0,26,2,1014
2010-04-25,Afghanistan,Shahrak,18,6,13,SE,0.0,30,9,1013
2010-04-26,Afghanistan,Shahrak,14,8,9,SSE,22.9,60,30,1016
2010-04-27,Afghanistan,Shahrak,17,8,10,SSW,0.0,37,11,1018
2010-04-28,Afghanistan,Shahrak,15,9,12,SE,2.1,54,23,1018
2010-04-29,Afghanistan,Shahrak,17,7,8,S,0.4,54,19,1014
2010-04-30,Afghanistan,Shahrak,19,9,11,SW,0.2,44,14,1014
2010-05-01,Afghanistan,Shahrak,20,9,10,S,0.0,33,16,1016
2010-05-02,Afghanistan,Shahrak,21,13,8,SSW,0.0,34,18,1015
2010-05-03,Afghanistan,Shahrak,20,12,21,SW,9.3,53,27,1011
2010-05-04,Afghanistan,Shahrak,17,11,8,SSW,9.3,64,22,1011
2010-05-05,Afghanistan,Shahrak,17,9,13,S,2.7,58,9,1008
2010-05-06,Afghanistan,Shahrak,17,8,12,SSE,2.0,53,18,1010
2010-05-07,Afghanistan,Shahrak,17,8,10,SSE,0.2,44,14,1010
2010-05-08,Afghanistan,Shahrak,16,7,13,SW,0.0,39,17,1012
2010-05-09,Afghanistan,Shahrak,16,7,10,SSW,1.9,45,14,1012
2010-05-10,Afghanistan,Shahrak,18,8,10,SW,0.0,41,7,1012
2010-05-11,Afghanistan,Shahrak,17,8,11,SSW,0.8,45,13,1014
2010-05-12,Afghanistan,Shahrak,18,8,18,WSW,0.0,44,2,1016
2010-05-13,Afghanistan,Shahrak,17,7,20,E,0.0,42,3,1015
2010-05-14,Afghanistan,Shahrak,20,7,16,E,0.0,34,3,1012
2010-05-15,Afghanistan,Shahrak,23,9,12,S,0.4,28,13,1009
2010-05-16,Afghanistan,Shahrak,19,11,19,SSW,6.2,46,23,1007
2010-05-17,Afghanistan,Shahrak,17,10,20,SSW,3.0,48,7,1010
2010-05-18,Afghanistan,Shahrak,18,7,12,WNW,0.0,38,2,1013
2010-05-19,Afghanistan,Shahrak,20,9,12,SW,0.0,32,16,1014
2010-05-20,Afghanistan,Shahrak,24,10,12,SW,0.0,27,4,1012
2010-05-21,Afghanistan,Shahrak,25,13,19,SW,0.0,29,13,1010
2010-05-22,Afghanistan,Shahrak,21,13,13,SSW,3.2,45,25,1011
2010-05-23,Afghanistan,Shahrak,21,10,12,S,0.0,36,12,1012
2010-05-24,Afghanistan,Shahrak,25,10,13,SW,0.0,24,8,1011
2010-05-25,Afghanistan,Shahrak,25,12,13,WSW,0.0,20,11,1009
2010-05-26,Afghanistan,Shahrak,24,11,18,SSW,0.0,31,3,1010
2010-05-27,Afghanistan,Shahrak,19,8,25,E,0.0,39,3,1012
2010-05-28,Afghanistan,Shahrak,19,5,22,E,0.0,27,1,1014
2010-05-29,Afghanistan,Shahrak,22,6,16,S,0.0,15,0,1013
2010-05-30,Afghanistan,Shahrak,23,8,15,S,0.0,15,4,1012
2010-05-31,Afghanistan,Shahrak,24,11,16,SE,0.0,20,12,1011
2010-06-01,Afghanistan,Shahrak,23,12,12,S,0.4,25,17,1011
2010-06-02,Afghanistan,Shahrak,23,9,18,S,0.0,37,5,1012
2010-06-03,Afghanistan,Shahrak,18,8,23,S,0.0,47,6,1014
2010-06-04,Afghanistan,Shahrak,18,6,22,ENE,0.0,26,1,1015
2010-06-05,Afghanistan,Shahrak,20,5,22,ESE,0.0,17,1,1011
2010-06-06,Afghanistan,Shahrak,20,6,21,ESE,0.0,19,0,1008
2010-06-07,Afghanistan,Shahrak,20,7,20,S,0.0,21,1,1007
2010-06-08,Afghanistan,Shahrak,22,8,16,SSE,0.0,22,0,1009
2010-06-09,Afghanistan,Shahrak,23,9,16,ESE,0.0,22,0,1010
2010-06-10,Afghanistan,Shahrak,23,10,19,SE,0.0,21,2,1010
2010-06-11,Afghanistan,Shahrak,24,11,24,SSE,0.0,25,4,1011
2010-06-12,Afghanistan,Shahrak,23,12,28,NNE,0.0,25,0,1013
2010-06-13,Afghanistan,Shahrak,22,11,30,N,0.0,30,0,1013
2010-06-14,Afghanistan,Shahrak,22,11,29,E,0.0,31,1,1011
2010-06-15,Afghanistan,Shahrak,20,10,29,NNE,0.0,39,3,1010
2010-06-16,Afghanistan,Shahrak,21,10,23,NNE,0.0,33,0,1009
2010-06-17,Afghanistan,Shahrak,23,10,16,SE,0.0,27,2,1007
2010-06-18,Afghanistan,Shahrak,25,11,14,S,0.0,16,0,1008
2010-06-19,Afghanistan,Shahrak,27,12,17,SE,0.0,15,2,1010
2010-06-20,Afghanistan,Shahrak,27,14,21,ESE,0.0,19,3,1011
2010-06-21,Afghanistan,Shahrak,27,14,26,NNE,0.0,21,0,1009
2010-06-22,Afghanistan,Shahrak,27,14,19,SSE,0.0,21,1,1006
2010-06-23,Afghanistan,Shahrak,26,14,12,SSW,0.0,24,21,1005
2010-06-24,Afghanistan,Shahrak,26,14,13,WNW,0.0,23,15,1003
2010-06-25,Afghanistan,Shahrak,26,12,13,SSW,0.0,20,10,1003
2010-06-26,Afghanistan,Shahrak,28,15,15,SSW,0.0,14,16,1004
2010-06-27,Afghanistan,Shahrak,27,14,16,SE,0.0,13,7,1007
2010-06-28,Afghanistan,Shahrak,24,13,22,S,0.0,16,0,1009
2010-06-29,Afghanistan,Shahrak,24,11,26,NE,0.0,20,0,1008
2010-06-30,Afghanistan,Shahrak,25,10,23,ESE,0.0,19,0,1007
2010-07-01,Afghanistan,Shahrak,26,11,22,ENE,0.0,16,0,1007
2010-07-02,Afghanistan,Shahrak,27,11,16,ESE,0.0,14,0,1006
2010-07-03,Afghanistan,Shahrak,28,13,21,ESE,0.0,12,1,1008
2010-07-04,Afghanistan,Shahrak,27,14,19,SSE,0.0,17,8,1009
2010-07-05,Afghanistan,Shahrak,25,14,21,ESE,0.0,17,1,1009
2010-07-06,Afghanistan,Shahrak,26,11,20,ENE,0.0,17,0,1008
2010-07-07,Afghanistan,Shahrak,28,12,17,SE,0.0,16,0,1009
2010-07-08,Afghanistan,Shahrak,28,13,16,SE,0.0,16,0,1011
2010-07-09,Afghanistan,Shahrak,28,14,22,ENE,0.0,15,0,1010
2010-07-10,Afghanistan,Shahrak,28,14,27,NNE,0.0,20,0,1009
2010-07-11,Afghanistan,Shahrak,26,13,26,E,0.0,18,0,1010
2010-07-12,Afghanistan,Shahrak,22,10,30,NNE,0.0,16,0,1007
2010-07-13,Afghanistan,Shahrak,24,10,21,SSE,0.0,21,0,1005
2010-07-14,Afghanistan,Shahrak,26,11,13,S,0.0,19,3,1006
2010-07-15,Afghanistan,Shahrak,29,13,12,WSW,0.0,12,0,1007
2010-07-16,Afghanistan,Shahrak,31,15,17,ESE,0.0,14,1,1007
2010-07-17,Afghanistan,Shahrak,31,17,23,ENE,0.0,17,1,1008
2010-07-18,Afghanistan,Shahrak,30,16,23,ESE,0.0,22,0,1008
2010-07-19,Afghanistan,Shahrak,26,13,28,ENE,0.0,26,0,1006
2010-07-20,Afghanistan,Shahrak,25,12,28,SE,0.0,31,1,1004
2010-07-21,Afghanistan,Shahrak,23,11,33,E,0.0,36,3,1006
2010-07-22,Afghanistan,Shahrak,23,9,24,ESE,0.0,41,3,1006
2010-07-23,Afghanistan,Shahrak,25,9,15,S,0.0,25,1,1006
2010-07-24,Afghanistan,Shahrak,26,11,16,S,0.0,20,0,1004
2010-07-25,Afghanistan,Shahrak,27,11,14,S,0.0,21,0,1004
2010-07-26,Afghanistan,Shahrak,27,12,20,S,0.0,19,0,1006
2010-07-27,Afghanistan,Shahrak,24,11,28,ESE,0.0,21,1,1007
2010-07-28,Afghanistan,Shahrak,24,10,22,SE,0.0,29,1,1006
2010-07-29,Afghanistan,Shahrak,23,10,17,ESE,0.0,30,0,1006
2010-07-30,Afghanistan,Shahrak,24,11,15,E,0.0,30,4,1008
2010-07-31,Afghanistan,Shahrak,24,10,14,ESE,0.0,21,8,1009
2010-08-01,Afghanistan,Shahrak,24,9,10,S,0.0,19,3,1008
2010-08-02,Afghanistan,Shahrak,24,10,9,SSE,0.0,16,1,1008
2010-08-03,Afghanistan,Shahrak,22,10,13,S,0.0,18,1,1007
2010-08-04,Afghanistan,Shahrak,22,11,14,NNE,0.0,23,7,1007
2010-08-05,Afghanistan,Shahrak,20,13,10,NNE,0.0,36,52,1009
2010-08-06,Afghanistan,Shahrak,25,13,12,SE,0.0,30,37,1011
2010-08-07,Afghanistan,Shahrak,26,12,14,SE,0.0,19,20,1009
2010-08-08,Afghanistan,Shahrak,26,15,15,SSE,0.0,23,41,1007
2010-08-09,Afghanistan,Shahrak,23,16,12,E,0.1,26,54,1008
2010-08-10,Afghanistan,Shahrak,24,13,12,SE,0.0,30,24,1009
2010-08-11,Afghanistan,Shahrak,25,12,12,SE,0.0,22,3,1008
2010-08-12,Afghanistan,Shahrak,24,12,13,S,0.0,24,0,1009
2010-08-13,Afghanistan,Shahrak,25,11,12,S,0.0,18,1,1009
2010-08-14,Afghanistan,Shahrak,23,10,15,SE,0.0,17,0,1010
2010-08-15,Afghanistan,Shahrak,24,10,12,ESE,0.0,18,0,1010
2010-08-16,Afghanistan,Shahrak,25,11,9,S,0.0,24,0,1010
2010-08-17,Afghanistan,Shahrak,25,12,13,SSW,0.0,25,1,1008
2010-08-18,Afghanistan,Shahrak,25,11,14,SSE,0.0,22,0,1007
2010-08-19,Afghanistan,Shahrak,26,12,13,SSE,0.0,21,0,1009
2010-08-20,Afghanistan,Shahrak,28,13,13,ESE,0.0,17,0,1010
2010-08-21,Afghanistan,Shahrak,28,13,15,NNE,0.0,14,0,1009
2010-08-22,Afghanistan,Shahrak,27,13,18,ENE,0.0,18,0,1008
2010-08-23,Afghanistan,Shahrak,25,12,17,ENE,0.0,35,2,1009
2010-08-24,Afghanistan,Shahrak,20,10,16,S,0.0,33,1,1009
2010-08-25,Afghanistan,Shahrak,20,7,15,ESE,0.0,24,0,1009
2010-08-26,Afghanistan,Shahrak,22,8,9,SSW,0.0,19,0,1010
2010-08-27,Afghanistan,Shahrak,23,10,11,SW,0.0,16,0,1010
2010-08-28,Afghanistan,Shahrak,23,11,9,WSW,0.0,18,8,1011
2010-08-29,Afghanistan,Shahrak,24,11,12,S,0.0,17,0,1011
2010-08-30,Afghanistan,Shahrak,24,10,11,SW,0.0,16,0,1008
2010-08-31,Afghanistan,Shahrak,24,10,10,SSW,0.0,17,1,1008
2010-09-01,Afghanistan,Shahrak,23,10,13,S,0.0,19,0,1010
2010-09-02,Afghanistan,Shahrak,24,11,14,ENE,0.0,20,0,1011
2010-09-03,Afghanistan,Shahrak,24,11,17,SE,0.0,23,0,1011
2010-09-04,Afghanistan,Shahrak,21,9,15,S,0.0,26,0,1010
2010-09-05,Afghanistan,Shahrak,22,9,9,S,0.0,28,3,1010
2010-09-06,Afghanistan,Shahrak,22,10,10,SW,0.0,26,1,1010
2010-09-07,Afghanistan,Shahrak,22,9,12,S,0.0,19,0,1009
2010-09-08,Afghanistan,Shahrak,23,9,9,SSW,0.0,15,0,1010
2010-09-09,Afghanistan,Shahrak,23,9,9,S,0.0,15,0,1012
2010-09-10,Afghanistan,Shahrak,22,9,12,SSE,0.0,15,1,1010
2010-09-11,Afghanistan,Shahrak,22,9,15,ESE,0.0,20,3,1011
2010-09-12,Afghanistan,Shahrak,18,8,15,SE,0.0,30,1,1015
2010-09-13,Afghanistan,Shahrak,16,5,15,SE,0.0,39,3,1013
2010-09-14,Afghanistan,Shahrak,21,4,9,SSW,0.0,18,0,1010
2010-09-15,Afghanistan,Shahrak,21,5,9,NW,0.0,11,1,1010
2010-09-16,Afghanistan,Shahrak,17,6,12,SSE,0.0,28,2,1013
2010-09-17,Afghanistan,Shahrak,13,2,18,NE,0.0,42,9,1015
2010-09-18,Afghanistan,Shahrak,15,-1,14,ENE,0.0,26,0,1016
2010-09-19,Afghanistan,Shahrak,17,1,9,SSE,0.0,16,0,1015
2010-09-20,Afghanistan,Shahrak,18,2,8,S,0.0,15,0,1015
2010-09-21,Afghanistan,Shahrak,19,4,9,S,0.0,18,0,1015
2010-09-22,Afghanistan,Shahrak,18,4,12,SW,0.0,20,0,1016
2010-09-23,Afghanistan,Shahrak,16,2,12,SSE,0.0,28,0,1016
2010-09-24,Afghanistan,Shahrak,19,4,11,SSE,0.0,25,0,1015
2010-09-25,Afghanistan,Shahrak,17,4,12,SE,0.0,24,0,1017
2010-09-26,Afghanistan,Shahrak,18,4,10,SW,0.0,23,4,1017
2010-09-27,Afghanistan,Shahrak,18,4,11,S,0.0,24,8,1016
2010-09-28,Afghanistan,Shahrak,16,5,9,S,0.0,32,7,1015
2010-09-29,Afghanistan,Shahrak,17,3,10,SSE,0.0,33,7,1015
2010-09-30,Afghanistan,Shahrak,17,3,11,SW,0.0,26,0,1016
2010-10-01,Afghanistan,Shahrak,19,4,10,W,0.0,26,1,1016
2010-10-02,Afghanistan,Shahrak,20,5,12,NNW,0.0,26,0,1017
2010-10-03,Afghanistan,Shahrak,19,5,13,NE,0.0,20,0,1018
2010-10-04,Afghanistan,Shahrak,20,5,11,ESE,0.0,14,0,1016
2010-10-05,Afghanistan,Shahrak,20,7,16,ENE,0.0,20,0,1016
2010-10-06,Afghanistan,Shahrak,20,6,8,SSW,0.0,23,0,1014
2010-10-07,Afghanistan,Shahrak,20,6,10,SW,0.0,25,1,1014
2010-10-08,Afghanistan,Shahrak,17,5,13,NE,0.0,42,2,1017
2010-10-09,Afghanistan,Shahrak,17,4,12,S,0.0,41,2,1015
2010-10-10,Afghanistan,Shahrak,17,3,11,S,0.0,30,0,1013
2010-10-11,Afghanistan,Shahrak,17,4,8,S,0.0,28,4,1013
2010-10-12,Afghanistan,Shahrak,19,5,12,S,0.0,27,10,1013
2010-10-13,Afghanistan,Shahrak,18,6,9,S,0.2,26,34,1015
2010-10-14,Afghanistan,Shahrak,19,6,14,SW,0.0,27,17,1013
2010-10-15,Afghanistan,Shahrak,19,5,7,SW,0.0,31,0,1015
2010-10-16,Afghanistan,Shahrak,20,4,7,SSW,0.0,27,0,1016
2010-10-17,Afghanistan,Shahrak,20,5,10,ESE,0.0,24,0,1016
2010-10-18,Afghanistan,Shahrak,20,5,8,SSE,0.0,27,0,1016
2010-10-19,Afghanistan,Shahrak,18,5,10,SSE,0.0,37,1,1017
2010-10-20,Afghanistan,Shahrak,16,3,13,SSE,0.0,42,2,1019
2010-10-21,Afghanistan,Shahrak,13,2,15,NE,0.0,49,4,1019
2010-10-22,Afghanistan,Shahrak,13,-2,14,ENE,0.0,23,1,1017
2010-10-23,Afghanistan,Shahrak,14,-1,11,ESE,0.0,5,0,1016
2010-10-24,Afghanistan,Shahrak,14,1,11,ESE,0.0,11,2,1017
2010-10-25,Afghanistan,Shahrak,14,0,11,ESE,0.0,18,1,1018
2010-10-26,Afghanistan,Shahrak,12,0,9,S,0.0,27,7,1019
2010-10-27,Afghanistan,Shahrak,12,-1,8,S,0.0,35,28,1018
2010-10-28,Afghanistan,Shahrak,12,1,12,SSW,4.6,40,27,1016
2010-10-29,Afghanistan,Shahrak,10,4,8,W,6.2,54,36,1018
2010-10-30,Afghanistan,Shahrak,11,0,7,SW,0.0,48,9,1021
2010-10-31,Afghanistan,Shahrak,13,1,10,SW,0.0,35,16,1022
2010-11-01,Afghanistan,Shahrak,13,1,4,SW,0.0,33,10,1020
2010-11-02,Afghanistan,Shahrak,14,2,5,SSE,0.0,29,7,1018
2010-11-03,Afghanistan,Shahrak,14,2,7,SW,0.0,29,4,1022
2010-11-04,Afghanistan,Shahrak,13,1,6,SSW,0.0,38,16,1021
2010-11-05,Afghanistan,Shahrak,9,1,8,SSW,0.3,49,4,1020
2010-11-06,Afghanistan,Shahrak,9,-2,5,SSW,0.0,43,2,1020
2010-11-07,Afghanistan,Shahrak,11,-3,5,ENE,0.0,26,0,1022
2010-11-08,Afghanistan,Shahrak,12,-1,3,SSW,0.0,19,0,1021
2010-11-09,Afghanistan,Shahrak,14,1,4,SSW,0.0,19,0,1023
2010-11-10,Afghanistan,Shahrak,14,-2,5,SW,0.0,17,0,1022
2010-11-11,Afghanistan,Shahrak,10,-1,6,S,0.0,23,0,1019
2010-11-12,Afghanistan,Shahrak,8,-3,6,SW,0.0,36,0,1016
2010-11-13,Afghanistan,Shahrak,7,-4,5,SE,0.0,37,0,1016
2010-11-14,Afghanistan,Shahrak,6,-5,5,E,0.0,29,0,1021
2010-11-15,Afghanistan,Shahrak,9,-3,11,ESE,0.0,43,1,1025
2010-11-16,Afghanistan,Shahrak,8,-5,12,NNE,0.0,43,2,1024
2010-11-17,Afghanistan,Shahrak,9,-4,7,SSE,0.0,27,0,1021
2010-11-18,Afghanistan,Shahrak,9,-5,5,SW,0.0,23,0,1020
2010-11-19,Afghanistan,Shahrak,9,-5,5,WSW,0.0,22,0,1021
2010-11-20,Afghanistan,Shahrak,8,-5,5,SSW,0.0,21,18,1017
2010-11-21,Afghanistan,Shahrak,10,-1,6,SW,0.0,20,12,1015
2010-11-22,Afghanistan,Shahrak,9,-4,3,S,0.0,23,0,1014
2010-11-23,Afghanistan,Shahrak,9,-5,8,S,0.0,23,2,1015
2010-11-24,Afghanistan,Shahrak,7,-4,8,SSW,0.0,20,1,1018
2010-11-25,Afghanistan,Shahrak,5,-6,9,WSW,0.0,24,0,1020
2010-11-26,Afghanistan,Shahrak,6,-8,4,SE,0.0,23,0,1021
2010-11-27,Afghanistan,Shahrak,8,-7,7,ESE,0.0,9,0,1018
2010-11-28,Afghanistan,Shahrak,8,-6,4,SE,0.0,12,15,1019
2010-11-29,Afghanistan,Shahrak,9,-5,8,SE,0.0,18,0,1022
2010-11-30,Afghanistan,Shahrak,7,-6,7,S,0.0,21,0,1021
2010-12-01,Afghanistan,Shahrak,6,-7,4,NNW,0.0,20,0,1019
2010-12-02,Afghanistan,Shahrak,9,-6,4,SSE,0.0,22,2,1021
2010-12-03,Afghanistan,Shahrak,8,-4,9,SE,0.0,31,3,1023
2010-12-04,Afghanistan,Shahrak,6,-6,13,ENE,0.0,48,2,1025
2010-12-05,Afghanistan,Shahrak,4,-9,11,S,0.0,54,3,1021
2010-12-06,Afghanistan,Shahrak,-2,-11,7,SSE,0.0,41,2,1022
2010-12-07,Afghanistan,Shahrak,0,-11,8,WSW,0.0,22,1,1022
2010-12-08,Afghanistan,Shahrak,3,-11,8,ENE,0.0,27,0,1023
2010-12-09,Afghanistan,Shahrak,5,-10,5,S,0.0,32,0,1019
2010-12-10,Afghanistan,Shahrak,5,-9,3,SSW,0.0,27,0,1016
2010-12-11,Afghanistan,Shahrak,8,-7,7,SSW,0.0,19,11,1013
2010-12-12,Afghanistan,Shahrak,7,-6,6,SW,0.0,20,25,1012
2010-12-13,Afghanistan,Shahrak,7,-7,5,SW,0.0,29,0,1016
2010-12-14,Afghanistan,Shahrak,9,-4,8,S,0.0,35,5,1015
2010-12-15,Afghanistan,Shahrak,2,-6,12,SW,0.0,37,2,1020
2010-12-16,Afghanistan,Shahrak,3,-10,8,SW,0.0,32,25,1022
2010-12-17,Afghanistan,Shahrak,2,-9,7,WSW,0.0,31,9,1021
2010-12-18,Afghanistan,Shahrak,5,-9,7,SW,0.0,28,22,1021
2010-12-19,Afghanistan,Shahrak,7,-6,9,SW,0.0,20,26,1020
2010-12-20,Afghanistan,Shahrak,9,-4,5,SSW,0.0,51,16,1023
2010-12-21,Afghanistan,Shahrak,5,-6,7,SW,0.0,54,6,1023
2010-12-22,Afghanistan,Shahrak,1,-9,12,NNE,0.0,54,3,1023
2010-12-23,Afghanistan,Shahrak,1,-12,11,NE,0.0,25,6,1022
2010-12-24,Afghanistan,Shahrak,3,-10,5,S,0.0,13,24,1019
2010-12-25,Afghanistan,Shahrak,2,-11,4,S,0.0,15,12,1018
2010-12-26,Afghanistan,Shahrak,1,-12,4,SSE,0.0,16,4,1018
2010-12-27,Afghanistan,Shahrak,0,-13,4,SSE,0.0,19,7,1020
2010-12-28,Afghanistan,Shahrak,0,-12,4,SSE,0.0,26,14,1021
2010-12-29,Afghanistan,Shahrak,2,-12,8,SE,0.0,26,4,1022
2010-12-30,Afghanistan,Shahrak,1,-11,13,SW,0.0,27,0,1023
2010-12-31,Afghanistan,Shahrak,5,-10,8,ENE,0.0,27,0,1021
2011-01-01,Afghanistan,Shahrak,7,-9,7,SSE,0.0,19,15,1016
2011-01-02,Afghanistan,Shahrak,5,-10,5,WSW,0.0,22,4,1016
2011-01-03,Afghanistan,Shahrak,4,-10,8,SW,0.0,34,18,1018
2011-01-04,Afghanistan,Shahrak,1,-11,7,SW,0.0,32,11,1021
2011-01-05,Afghanistan,Shahrak,4,-11,8,SSW,0.0,23,23,1019
2011-01-06,Afghanistan,Shahrak,4,-8,8,SW,0.6,32,32,1019
2011-01-07,Afghanistan,Shahrak,-1,-7,7,WSW,1.8,80,34,1023
2011-01-08,Afghanistan,Shahrak,1,-12,5,SSE,0.0,55,13,1023
2011-01-09,Afghanistan,Shahrak,3,-12,6,SW,0.0,36,13,1021
2011-01-10,Afghanistan,Shahrak,-1,-6,10,SSE,7.4,82,58,1018
2011-01-11,Afghanistan,Shahrak,1,-9,12,SSW,0.3,62,27,1019
2011-01-12,Afghanistan,Shahrak,-4,-20,5,SE,2.3,83,43,1019
2011-01-13,Afghanistan,Shahrak,-7,-22,7,WSW,6.0,96,75,1021
2011-01-14,Afghanistan,Shahrak,-12,-27,3,SSE,0.1,96,52,1027
2011-01-15,Afghanistan,Shahrak,-5,-26,6,S,0.0,69,2,1026
2011-01-16,Afghanistan,Shahrak,-4,-13,10,S,7.2,86,76,1020
2011-01-17,Afghanistan,Shahrak,-4,-19,8,SW,0.8,95,63,1020
2011-01-18,Afghanistan,Shahrak,-6,-24,5,SE,0.0,92,23,1025
2011-01-19,Afghanistan,Shahrak,-2,-21,7,SSE,0.0,66,38,1019
2011-01-20,Afghanistan,Shahrak,-5,-18,8,SSW,7.4,88,66,1020
2011-01-21,Afghanistan,Shahrak,-4,-20,5,S,0.0,93,46,1025
2011-01-22,Afghanistan,Shahrak,-4,-23,4,SSE,0.0,91,7,1026
2011-01-23,Afghanistan,Shahrak,-5,-24,3,ESE,0.0,82,3,1027
2011-01-24,Afghanistan,Shahrak,-5,-24,4,SSE,0.0,84,4,1026
2011-01-25,Afghanistan,Shahrak,-5,-23,6,SSW,0.0,93,12,1026
2011-01-26,Afghanistan,Shahrak,-4,-20,8,SSE,0.0,76,13,1026
2011-01-27,Afghanistan,Shahrak,-1,-14,8,SSE,3.1,73,47,1023
2011-01-28,Afghanistan,Shahrak,-1,-15,7,S,2.6,95,73,1019
2011-01-29,Afghanistan,Shahrak,-3,-17,6,SW,5.3,98,64,1018
2011-01-30,Afghanistan,Shahrak,-2,-17,9,SSE,0.2,86,32,1021
2011-01-31,Afghanistan,Shahrak,-1,-12,10,SSE,0.9,88,40,1021
2011-02-01,Afghanistan,Shahrak,1,-8,11,SSE,2.3,98,83,1018
2011-02-02,Afghanistan,Shahrak,0,-7,16,SSE,21.2,99,86,1014
2011-02-03,Afghanistan,Shahrak,0,-6,13,SSE,3.5,97,73,1012
2011-02-04,Afghanistan,Shahrak,-3,-15,15,S,0.6,90,29,1018
2011-02-05,Afghanistan,Shahrak,-4,-10,11,S,0.7,89,62,1018
2011-02-06,Afghanistan,Shahrak,-4,-12,12,SSW,1.8,96,68,1015
2011-02-07,Afghanistan,Shahrak,-5,-22,7,SSW,0.0,88,25,1019
2011-02-08,Afghanistan,Shahrak,-1,-15,8,SSE,0.0,81,7,1017
2011-02-09,Afghanistan,Shahrak,-3,-15,8,SSE,0.0,84,7,1017
2011-02-10,Afghanistan,Shahrak,-2,-12,11,SE,0.0,86,31,1015
2011-02-11,Afghanistan,Shahrak,-1,-6,11,SSE,11.5,97,81,1010
2011-02-12,Afghanistan,Shahrak,-1,-9,10,SSW,9.0,98,67,1007
2011-02-13,Afghanistan,Shahrak,-3,-15,10,SSW,1.6,91,49,1012
2011-02-14,Afghanistan,Shahrak,-3,-19,5,S,0.0,78,8,1016
2011-02-15,Afghanistan,Shahrak,-4,-19,6,S,0.0,79,3,1016
2011-02-16,Afghanistan,Shahrak,-3,-18,8,SSE,0.0,87,24,1019
2011-02-17,Afghanistan,Shahrak,-1,-16,9,SSE,0.1,90,28,1018
2011-02-18,Afghanistan,Shahrak,-3,-11,8,S,1.4,91,41,1016
2011-02-19,Afghanistan,Shahrak,-3,-13,9,SSW,6.0,97,89,1020
2011-02-20,Afghanistan,Shahrak,-1,-17,9,SSE,0.0,86,33,1025
2011-02-21,Afghanistan,Shahrak,-1,-11,13,SSE,1.4,81,39,1020
2011-02-22,Afghanistan,Shahrak,-1,-5,10,S,13.7,98,89,1016
2011-02-23,Afghanistan,Shahrak,-2,-15,6,WSW,0.3,96,48,1022
2011-02-24,Afghanistan,Shahrak,-3,-16,3,SW,0.0,91,23,1023
2011-02-25,Afghanistan,Shahrak,-3,-16,3,SW,0.0,91,23,1023
2011-02-26,Afghanistan,Shahrak,-5,-22,6,E,0.0,85,20,1026
2011-02-27,Afghanistan,Shahrak,0,-19,9,SE,0.3,75,49,1022
2011-02-28,Afghanistan,Shahrak,-1,-12,8,SSW,7.1,98,87,1019
2011-03-01,Afghanistan,Shahrak,-2,-13,8,SSE,10.0,97,78,1018
2011-03-02,Afghanistan,Shahrak,-3,-16,8,SSW,3.7,94,49,1018
2011-03-03,Afghanistan,Shahrak,2,-13,11,S,0.6,81,51,1016
2011-03-04,Afghanistan,Shahrak,2,-7,9,S,0.4,77,60,1016
2011-03-05,Afghanistan,Shahrak,2,-8,9,SSE,0.2,77,49,1017
2011-03-06,Afghanistan,Shahrak,2,-6,8,SSE,0.8,80,56,1018
2011-03-07,Afghanistan,Shahrak,-2,-18,8,S,0.0,85,18,1025
2011-03-08,Afghanistan,Shahrak,1,-18,3,SSE,0.0,66,1,1026
2011-03-09,Afghanistan,Shahrak,1,-13,4,SSE,0.0,58,11,1022
2011-03-10,Afghanistan,Shahrak,3,-9,5,S,0.0,53,22,1021
2011-03-11,Afghanistan,Shahrak,5,-6,7,S,0.1,65,33,1021
2011-03-12,Afghanistan,Shahrak,6,-3,5,SE,0.0,75,9,1020
2011-03-13,Afghanistan,Shahrak,7,0,4,SSE,0.1,79,23,1021
2011-03-14,Afghanistan,Shahrak,9,0,6,SE,0.0,75,25,1020
2011-03-15,Afghanistan,Shahrak,8,1,7,SE,0.0,80,21,1020
2011-03-16,Afghanistan,Shahrak,9,0,7,S,0.0,80,18,1019
2011-03-17,Afghanistan,Shahrak,4,-2,7,S,0.0,74,9,1020
2011-03-18,Afghanistan,Shahrak,4,-2,7,SSW,1.8,70,40,1016
2011-03-19,Afghanistan,Shahrak,1,-5,7,SE,0.0,67,6,1018
2011-03-20,Afghanistan,Shahrak,8,-3,6,ENE,0.0,46,1,1017
2011-03-21,Afghanistan,Shahrak,8,0,7,NNE,0.0,45,11,1016
2011-03-22,Afghanistan,Shahrak,11,0,3,SE,0.0,51,0,1015
2011-03-23,Afghanistan,Shahrak,11,2,6,S,0.0,48,7,1014
2011-03-24,Afghanistan,Shahrak,9,2,16,SSE,0.2,45,14,1014
2011-03-25,Afghanistan,Shahrak,12,2,18,S,0.2,45,10,1013
2011-03-26,Afghanistan,Shahrak,12,3,11,S,1.2,42,21,1015
2011-03-27,Afghanistan,Shahrak,8,2,13,SSW,6.1,67,43,1014
2011-03-28,Afghanistan,Shahrak,9,-1,7,SSE,0.0,64,13,1015
2011-03-29,Afghanistan,Shahrak,7,0,8,WSW,0.5,59,6,1015
2011-03-30,Afghanistan,Shahrak,8,0,9,W,0.0,48,25,1017
2011-03-31,Afghanistan,Shahrak,7,-1,10,NNW,1.0,55,9,1019
2011-04-01,Afghanistan,Shahrak,7,-2,11,W,0.0,47,5,1020
2011-04-02,Afghanistan,Shahrak,7,-3,13,W,0.0,38,1,1022
2011-04-03,Afghanistan,Shahrak,9,-3,13,S,0.0,47,5,1023
2011-04-04,Afghanistan,Shahrak,7,-1,11,WSW,0.0,59,10,1021
2011-04-05,Afghanistan,Shahrak,10,-2,9,SSW,0.0,38,12,1017
2011-04-06,Afghanistan,Shahrak,14,-1,9,SW,0.0,34,20,1015
2011-04-07,Afghanistan,Shahrak,12,4,12,SW,0.9,48,27,1015
2011-04-08,Afghanistan,Shahrak,13,5,14,SSW,2.3,56,20,1015
2011-04-09,Afghanistan,Shahrak,13,5,20,SSW,2.5,56,20,1013
2011-04-10,Afghanistan,Shahrak,13,5,16,SSW,0.9,51,16,1013
2011-04-11,Afghanistan,Shahrak,12,5,10,SW,0.5,42,20,1014
2011-04-12,Afghanistan,Shahrak,14,3,9,SSW,0.0,44,9,1015
2011-04-13,Afghanistan,Shahrak,15,5,14,SSW,0.0,34,5,1015
2011-04-14,Afghanistan,Shahrak,16,6,13,S,6.9,51,20,1014
2011-04-15,Afghanistan,Shahrak,12,6,10,SW,2.5,48,15,1014
2011-04-16,Afghanistan,Shahrak,11,4,9,SSE,0.0,35,19,1016
2011-04-17,Afghanistan,Shahrak,13,2,9,S,0.0,28,0,1018
2011-04-18,Afghanistan,Shahrak,13,1,16,SW,0.0,25,0,1017
2011-04-19,Afghanistan,Shahrak,14,2,14,ESE,0.0,26,0,1017
2011-04-20,Afghanistan,Shahrak,15,3,11,S,0.0,29,1,1017
2011-04-21,Afghanistan,Shahrak,19,4,9,S,0.0,23,3,1016
2011-04-22,Afghanistan,Shahrak,20,6,15,N,0.0,18,0,1017
2011-04-23,Afghanistan,Shahrak,21,7,10,SSE,0.0,18,0,1014
2011-04-24,Afghanistan,Shahrak,22,9,7,SSW,0.0,18,5,1012
2011-04-25,Afghanistan,Shahrak,22,9,7,SSW,0.0,20,6,1013
2011-04-26,Afghanistan,Shahrak,24,10,7,SSE,0.0,21,14,1012
2011-04-27,Afghanistan,Shahrak,22,11,10,SSE,0.6,24,25,1012
2011-04-28,Afghanistan,Shahrak,16,10,9,E,19.4,54,31,1011
2011-04-29,Afghanistan,Shahrak,19,7,9,S,0.0,40,5,1011
2011-04-30,Afghanistan,Shahrak,20,8,8,S,0.0,30,0,1012
2011-05-01,Afghanistan,Shahrak,21,9,6,WSW,0.0,24,5,1012
2011-05-02,Afghanistan,Shahrak,21,11,7,WNW,0.2,27,18,1011
2011-05-03,Afghanistan,Shahrak,22,11,8,SSW,0.2,29,10,1009
2011-05-04,Afghanistan,Shahrak,18,12,18,S,3.2,41,17,1008
2011-05-05,Afghanistan,Shahrak,17,9,20,SW,0.0,33,8,1011
2011-05-06,Afghanistan,Shahrak,17,6,9,W,0.0,32,1,1014
2011-05-07,Afghanistan,Shahrak,19,7,9,SSW,0.0,29,9,1013
2011-05-08,Afghanistan,Shahrak,20,10,9,WSW,1.1,33,20,1011
2011-05-09,Afghanistan,Shahrak,20,9,11,W,0.4,35,3,1011
2011-05-10,Afghanistan,Shahrak,18,12,14,W,1.3,34,14,1012
2011-05-11,Afghanistan,Shahrak,16,8,13,SW,0.0,37,4,1014
2011-05-12,Afghanistan,Shahrak,18,10,13,WSW,0.0,30,5,1014
2011-05-13,Afghanistan,Shahrak,21,11,10,W,0.0,26,16,1012
2011-05-14,Afghanistan,Shahrak,22,14,10,W,0.8,24,29,1011
2011-05-15,Afghanistan,Shahrak,24,14,6,S,0.1,21,3,1013
2011-05-16,Afghanistan,Shahrak,24,17,10,WSW,0.0,24,19,1016
2011-05-17,Afghanistan,Shahrak,25,15,13,WSW,0.0,31,1,1016
2011-05-18,Afghanistan,Shahrak,23,15,16,SW,0.0,31,2,1015
2011-05-19,Afghanistan,Shahrak,20,13,20,S,0.0,37,2,1017
2011-05-20,Afghanistan,Shahrak,20,10,17,SW,0.0,32,2,1013
2011-05-21,Afghanistan,Shahrak,19,11,17,NNW,0.0,26,0,1012
2011-05-22,Afghanistan,Shahrak,22,10,9,SSW,0.0,21,16,1010
2011-05-23,Afghanistan,Shahrak,24,14,13,WSW,0.0,19,18,1010
2011-05-24,Afghanistan,Shahrak,23,16,12,SSW,1.9,31,21,1009
2011-05-25,Afghanistan,Shahrak,20,15,9,WSW,1.3,33,19,1009
2011-05-26,Afghanistan,Shahrak,22,14,10,SSW,0.8,34,9,1011
2011-05-27,Afghanistan,Shahrak,21,13,10,SSW,0.0,27,29,1012
2011-05-28,Afghanistan,Shahrak,21,13,11,SSW,0.0,24,22,1012
2011-05-29,Afghanistan,Shahrak,23,13,15,SSE,0.0,23,1,1014
2011-05-30,Afghanistan,Shahrak,23,13,16,S,0.0,26,0,1016
2011-05-31,Afghanistan,Shahrak,17,11,26,SSE,0.0,35,2,1015
2011-06-01,Afghanistan,Shahrak,17,7,17,SW,0.0,17,0,1012
2011-06-02,Afghanistan,Shahrak,19,8,13,SW,0.0,14,3,1011
2011-06-03,Afghanistan,Shahrak,22,11,10,SSW,0.0,16,12,1011
2011-06-04,Afghanistan,Shahrak,23,15,10,WNW,0.1,22,17,1010
2011-06-05,Afghanistan,Shahrak,23,14,10,SSW,0.0,24,1,1010
2011-06-06,Afghanistan,Shahrak,24,14,12,SSE,0.0,19,0,1011
2011-06-07,Afghanistan,Shahrak,24,15,22,NNE,0.0,15,0,1012
2011-06-08,Afghanistan,Shahrak,24,13,24,NNE,0.0,18,0,1010
2011-06-09,Afghanistan,Shahrak,25,14,14,S,0.0,20,2,1005
2011-06-10,Afghanistan,Shahrak,23,15,10,SW,0.1,24,24,1003
2011-06-11,Afghanistan,Shahrak,24,15,15,SSW,0.0,24,23,1002
2011-06-12,Afghanistan,Shahrak,23,14,16,WSW,0.0,20,6,1004
2011-06-13,Afghanistan,Shahrak,24,15,12,WSW,0.0,17,5,1006
2011-06-14,Afghanistan,Shahrak,25,18,11,WNW,0.0,15,11,1007
2011-06-15,Afghanistan,Shahrak,26,17,17,SW,0.0,16,1,1007
2011-06-16,Afghanistan,Shahrak,24,16,23,SE,0.0,21,0,1009
2011-06-17,Afghanistan,Shahrak,21,13,23,N,0.0,30,2,1008
2011-06-18,Afghanistan,Shahrak,21,12,20,N,0.0,28,1,1008
2011-06-19,Afghanistan,Shahrak,23,13,21,NNE,0.0,27,1,1007
2011-06-20,Afghanistan,Shahrak,25,13,12,ESE,0.0,23,0,1005
2011-06-21,Afghanistan,Shahrak,27,16,12,SW,0.0,16,0,1004
2011-06-22,Afghanistan,Shahrak,25,15,20,NE,0.0,19,1,1005
2011-06-23,Afghanistan,Shahrak,25,15,14,SE,0.0,24,5,1005
2011-06-24,Afghanistan,Shahrak,26,15,15,S,0.0,22,2,1005
2011-06-25,Afghanistan,Shahrak,23,15,16,SSE,0.0,28,1,1006
2011-06-26,Afghanistan,Shahrak,24,12,13,S,0.0,31,1,1005
2011-06-27,Afghanistan,Shahrak,24,13,17,SE,0.0,23,25,1007
2011-06-28,Afghanistan,Shahrak,23,13,18,SSW,0.0,17,0,1004
2011-06-29,Afghanistan,Shahrak,23,13,16,S,0.0,18,0,1004
2011-06-30,Afghanistan,Shahrak,22,12,19,E,0.0,20,0,1005
2011-07-01,Afghanistan,Shahrak,23,13,16,SE,0.0,19,0,1005
2011-07-02,Afghanistan,Shahrak,22,13,18,E,0.0,18,0,1006
2011-07-03,Afghanistan,Shahrak,23,12,16,NE,0.0,20,0,1005
2011-07-04,Afghanistan,Shahrak,25,13,11,SSW,0.0,16,0,1006
2011-07-05,Afghanistan,Shahrak,25,16,13,SW,0.0,15,0,1007
2011-07-06,Afghanistan,Shahrak,26,16,20,NNE,0.0,13,0,1009
2011-07-07,Afghanistan,Shahrak,24,16,23,E,0.0,18,0,1009
2011-07-08,Afghanistan,Shahrak,24,13,22,ENE,0.0,13,0,1010
2011-07-09,Afghanistan,Shahrak,23,13,21,ENE,0.0,17,0,1009
2011-07-10,Afghanistan,Shahrak,24,13,14,SE,0.0,15,0,1007
2011-07-11,Afghanistan,Shahrak,26,13,11,SW,0.0,9,0,1005
2011-07-12,Afghanistan,Shahrak,27,15,13,S,0.0,12,0,1004
2011-07-13,Afghanistan,Shahrak,26,16,22,ENE,0.0,18,0,1007
2011-07-14,Afghanistan,Shahrak,22,14,20,E,0.0,32,2,1008
2011-07-15,Afghanistan,Shahrak,21,12,17,E,0.0,16,0,1006
2011-07-16,Afghanistan,Shahrak,23,12,14,S,0.0,16,0,1004
2011-07-17,Afghanistan,Shahrak,23,13,11,SW,0.0,15,4,1003
2011-07-18,Afghanistan,Shahrak,23,14,13,E,0.0,19,3,1004
2011-07-19,Afghanistan,Shahrak,24,14,14,SE,0.0,24,0,1005
2011-07-20,Afghanistan,Shahrak,24,11,14,S,0.0,18,0,1003
2011-07-21,Afghanistan,Shahrak,24,13,13,S,0.0,20,0,1003
2011-07-22,Afghanistan,Shahrak,25,15,12,SW,0.0,18,1,1003
2011-07-23,Afghanistan,Shahrak,25,15,13,S,0.0,18,2,1003
2011-07-24,Afghanistan,Shahrak,26,14,13,SE,0.0,17,3,1005
2011-07-25,Afghanistan,Shahrak,26,16,14,SE,0.0,16,1,1009
2011-07-26,Afghanistan,Shahrak,26,14,15,S,0.0,17,0,1010
2011-07-27,Afghanistan,Shahrak,24,14,15,S,0.0,19,0,1008
2011-07-28,Afghanistan,Shahrak,22,13,16,SE,0.0,24,1,1006
2011-07-29,Afghanistan,Shahrak,22,13,18,SE,0.0,23,3,1007
2011-07-30,Afghanistan,Shahrak,22,13,16,S,0.0,20,0,1007
2011-07-31,Afghanistan,Shahrak,23,13,17,ENE,0.0,18,0,1006
2011-08-01,Afghanistan,Shahrak,24,14,18,ENE,0.0,19,0,1006
2011-08-02,Afghanistan,Shahrak,25,14,18,NE,0.0,18,0,1006
2011-08-03,Afghanistan,Shahrak,26,15,14,S,0.0,18,0,1005
2011-08-04,Afghanistan,Shahrak,26,15,15,SSW,0.0,16,0,1004
2011-08-05,Afghanistan,Shahrak,27,15,14,SSW,0.0,17,0,1003
2011-08-06,Afghanistan,Shahrak,27,16,17,WSW,0.0,19,0,1002
2011-08-07,Afghanistan,Shahrak,26,16,25,NNE,0.0,21,0,1005
2011-08-08,Afghanistan,Shahrak,25,15,20,NNE,0.0,29,0,1006
2011-08-09,Afghanistan,Shahrak,24,13,15,E,0.0,26,0,1006
2011-08-10,Afghanistan,Shahrak,24,13,13,S,0.0,23,0,1005
2011-08-11,Afghanistan,Shahrak,24,14,12,S,0.0,24,0,1004
2011-08-12,Afghanistan,Shahrak,23,13,14,SSW,0.0,22,2,1002
2011-08-13,Afghanistan,Shahrak,24,13,10,SSW,0.0,16,4,1002
2011-08-14,Afghanistan,Shahrak,24,14,11,SSW,0.0,14,1,1005
2011-08-15,Afghanistan,Shahrak,24,15,15,SE,0.0,17,0,1006
2011-08-16,Afghanistan,Shahrak,24,14,16,E,0.0,18,0,1005
2011-08-17,Afghanistan,Shahrak,24,14,14,E,0.0,18,0,1006
2011-08-18,Afghanistan,Shahrak,24,14,12,E,0.0,17,0,1006
2011-08-19,Afghanistan,Shahrak,24,14,12,SSW,0.0,15,0,1007
2011-08-20,Afghanistan,Shahrak,25,15,14,NNE,0.0,13,0,1010
2011-08-21,Afghanistan,Shahrak,27,15,14,NNE,0.0,19,0,1010
2011-08-22,Afghanistan,Shahrak,27,16,12,SSW,0.0,22,1,1009
2011-08-23,Afghanistan,Shahrak,26,16,13,SSE,0.0,18,2,1008
2011-08-24,Afghanistan,Shahrak,26,16,16,NNE,0.0,21,3,1006
2011-08-25,Afghanistan,Shahrak,24,15,15,SE,0.0,35,2,1008
2011-08-26,Afghanistan,Shahrak,24,13,13,S,0.0,33,1,1009
2011-08-27,Afghanistan,Shahrak,22,13,13,SE,0.0,27,0,1009
2011-08-28,Afghanistan,Shahrak,19,10,15,SE,0.0,26,0,1009
2011-08-29,Afghanistan,Shahrak,20,10,12,S,0.0,23,0,1011
2011-08-30,Afghanistan,Shahrak,20,10,11,SE,0.0,20,8,1012
2011-08-31,Afghanistan,Shahrak,22,12,9,S,0.0,21,32,1009
2011-09-01,Afghanistan,Shahrak,21,13,8,SSW,0.0,23,14,1008
2011-09-02,Afghanistan,Shahrak,22,13,8,SSW,0.0,19,0,1008
2011-09-03,Afghanistan,Shahrak,22,13,9,SSW,0.0,15,0,1009
2011-09-04,Afghanistan,Shahrak,24,13,9,S,0.0,15,0,1009
2011-09-05,Afghanistan,Shahrak,24,14,9,S,0.0,13,0,1008
2011-09-06,Afghanistan,Shahrak,23,14,11,S,0.0,17,0,1007
2011-09-07,Afghanistan,Shahrak,23,13,13,S,0.0,18,3,1006
2011-09-08,Afghanistan,Shahrak,22,12,12,SE,0.0,17,2,1006
2011-09-09,Afghanistan,Shahrak,23,12,9,S,0.0,22,1,1008
2011-09-10,Afghanistan,Shahrak,22,12,9,S,0.0,23,0,1010
2011-09-11,Afghanistan,Shahrak,22,12,14,ENE,0.0,22,0,1010
2011-09-12,Afghanistan,Shahrak,23,12,8,S,0.0,19,0,1009
2011-09-13,Afghanistan,Shahrak,23,13,11,SSW,0.0,17,0,1008
2011-09-14,Afghanistan,Shahrak,20,11,17,ESE,0.0,22,0,1010
2011-09-15,Afghanistan,Shahrak,17,9,21,E,0.0,32,1,1012
2011-09-16,Afghanistan,Shahrak,15,6,16,E,0.0,39,4,1011
2011-09-17,Afghanistan,Shahrak,20,8,11,SSW,0.0,31,1,1009
2011-09-18,Afghanistan,Shahrak,16,7,11,SW,0.0,32,1,1011
2011-09-19,Afghanistan,Shahrak,16,7,12,SE,0.0,25,1,1014
2011-09-20,Afghanistan,Shahrak,17,7,11,S,0.0,19,0,1015
2011-09-21,Afghanistan,Shahrak,16,7,14,SE,0.0,31,3,1014
2011-09-22,Afghanistan,Shahrak,18,7,9,SSE,0.0,35,3,1012
2011-09-23,Afghanistan,Shahrak,17,9,8,W,0.0,28,1,1012
2011-09-24,Afghanistan,Shahrak,18,8,9,SSW,0.0,27,0,1012
2011-09-25,Afghanistan,Shahrak,18,7,10,WSW,0.0,24,0,1014
2011-09-26,Afghanistan,Shahrak,18,9,14,W,0.0,27,0,1016
2011-09-27,Afghanistan,Shahrak,17,9,15,ESE,0.0,27,0,1017
2011-09-28,Afghanistan,Shahrak,16,6,13,ESE,0.0,25,0,1017
2011-09-29,Afghanistan,Shahrak,16,5,11,SE,0.0,28,0,1016
2011-09-30,Afghanistan,Shahrak,18,6,7,SSW,0.0,22,1,1016
2011-10-01,Afghanistan,Shahrak,19,8,7,W,0.0,20,0,1015
2011-10-02,Afghanistan,Shahrak,20,10,5,WNW,0.0,17,0,1013
2011-10-03,Afghanistan,Shahrak,21,11,8,WSW,0.0,18,0,1011
2011-10-04,Afghanistan,Shahrak,20,10,12,SSW,0.0,22,0,1011
2011-10-05,Afghanistan,Shahrak,18,7,12,SSE,0.0,27,1,1015
2011-10-06,Afghanistan,Shahrak,20,9,14,SW,0.0,17,9,1016
2011-10-07,Afghanistan,Shahrak,16,6,8,SW,0.0,23,0,1016
2011-10-08,Afghanistan,Shahrak,16,4,7,WSW,0.0,19,19,1017
2011-10-09,Afghanistan,Shahrak,14,8,9,SW,1.3,25,38,1018
2011-10-10,Afghanistan,Shahrak,11,6,7,SW,2.0,42,36,1019
2011-10-11,Afghanistan,Shahrak,8,6,4,SSW,10.4,61,41,1021
2011-10-12,Afghanistan,Shahrak,10,4,9,SSW,3.3,56,10,1021
2011-10-13,Afghanistan,Shahrak,10,3,10,SW,0.0,43,3,1019
2011-10-14,Afghanistan,Shahrak,13,3,9,WNW,0.0,30,0,1020
2011-10-15,Afghanistan,Shahrak,15,5,15,NNE,0.0,31,0,1020
2011-10-16,Afghanistan,Shahrak,14,5,14,NE,0.0,33,1,1019
2011-10-17,Afghanistan,Shahrak,15,5,9,SSW,0.0,30,1,1018
2011-10-18,Afghanistan,Shahrak,14,6,8,S,0.0,27,2,1019
2011-10-19,Afghanistan,Shahrak,13,4,8,W,0.0,32,5,1016
2011-10-20,Afghanistan,Shahrak,14,6,11,SW,0.7,35,19,1012
2011-10-21,Afghanistan,Shahrak,16,6,16,S,0.2,28,16,1010
2011-10-22,Afghanistan,Shahrak,12,4,17,WSW,0.0,34,3,1013
2011-10-23,Afghanistan,Shahrak,7,-1,7,SW,0.0,51,9,1020
2011-10-24,Afghanistan,Shahrak,9,0,7,S,0.0,32,3,1020
2011-10-25,Afghanistan,Shahrak,9,0,6,WSW,0.0,23,1,1020
2011-10-26,Afghanistan,Shahrak,12,2,8,SW,0.0,17,19,1019
2011-10-27,Afghanistan,Shahrak,13,4,9,SSW,0.0,20,17,1019
2011-10-28,Afghanistan,Shahrak,12,4,8,WSW,0.0,28,12,1019
2011-10-29,Afghanistan,Shahrak,12,3,6,SW,0.0,37,6,1018
2011-10-30,Afghanistan,Shahrak,12,3,9,SSW,0.1,31,18,1015
2011-10-31,Afghanistan,Shahrak,12,4,14,SSW,0.0,33,13,1014
2011-11-01,Afghanistan,Shahrak,11,3,14,SSW,0.6,41,17,1016
2011-11-02,Afghanistan,Shahrak,8,4,9,SW,5.5,53,51,1016
2011-11-03,Afghanistan,Shahrak,10,2,12,SSW,3.8,56,21,1015
2011-11-04,Afghanistan,Shahrak,8,1,12,SSW,0.0,51,6,1017
2011-11-05,Afghanistan,Shahrak,10,1,10,WSW,0.0,39,2,1021
2011-11-06,Afghanistan,Shahrak,11,0,8,SSE,0.0,32,14,1018
2011-11-07,Afghanistan,Shahrak,11,3,18,S,7.6,47,50,1014
2011-11-08,Afghanistan,Shahrak,8,3,16,S,6.4,69,29,1017
2011-11-09,Afghanistan,Shahrak,5,0,14,S,1.1,82,32,1017
2011-11-10,Afghanistan,Shahrak,5,-2,12,S,0.3,79,20,1018
2011-11-11,Afghanistan,Shahrak,5,-3,8,SSW,0.0,65,14,1021
2011-11-12,Afghanistan,Shahrak,8,-2,7,SSW,0.0,30,14,1020
2011-11-13,Afghanistan,Shahrak,9,1,9,SSW,0.0,24,18,1018
2011-11-14,Afghanistan,Shahrak,8,0,8,SSW,0.0,46,5,1020
2011-11-15,Afghanistan,Shahrak,8,-1,9,SW,0.0,43,2,1021
2011-11-16,Afghanistan,Shahrak,5,0,9,SSW,9.4,56,41,1021
2011-11-17,Afghanistan,Shahrak,8,2,12,SSW,5.7,58,39,1019
2011-11-18,Afghanistan,Shahrak,9,1,9,SSW,0.4,56,18,1019
2011-11-19,Afghanistan,Shahrak,10,2,8,SSW,0.1,55,14,1020
2011-11-20,Afghanistan,Shahrak,10,1,12,S,0.0,49,10,1021
2011-11-21,Afghanistan,Shahrak,11,2,11,S,0.0,43,25,1022
2011-11-22,Afghanistan,Shahrak,10,2,13,SSE,0.0,36,35,1020
2011-11-23,Afghanistan,Shahrak,8,1,24,S,5.5,47,41,1017
2011-11-24,Afghanistan,Shahrak,5,1,14,S,6.0,63,28,1018
2011-11-25,Afghanistan,Shahrak,6,0,16,S,2.8,73,31,1017
2011-11-26,Afghanistan,Shahrak,5,-1,16,S,2.8,69,24,1016
2011-11-27,Afghanistan,Shahrak,1,-2,12,S,1.8,77,46,1018
2011-11-28,Afghanistan,Shahrak,1,-4,8,SSW,0.0,55,19,1022
2011-11-29,Afghanistan,Shahrak,0,-11,6,SE,0.0,56,1,1023
2011-11-30,Afghanistan,Shahrak,2,-7,7,SE,0.0,55,0,1020
2011-12-01,Afghanistan,Shahrak,3,-3,11,SSE,0.0,44,1,1018
2011-12-02,Afghanistan,Shahrak,2,-5,9,S,0.0,71,6,1020
2011-12-03,Afghanistan,Shahrak,2,-6,7,S,0.0,55,1,1019
2011-12-04,Afghanistan,Shahrak,1,-8,7,SW,0.0,41,0,1020
2011-12-05,Afghanistan,Shahrak,-5,-12,7,SSW,0.0,69,7,1025
2011-12-06,Afghanistan,Shahrak,-2,-13,3,SE,0.0,45,1,1025
2011-12-07,Afghanistan,Shahrak,-1,-12,5,SSE,0.0,29,1,1023
2011-12-08,Afghanistan,Shahrak,-1,-12,7,SSW,0.0,21,1,1022
2011-12-09,Afghanistan,Shahrak,0,-8,9,SSW,0.0,17,0,1024
2011-12-10,Afghanistan,Shahrak,2,-7,6,SW,0.0,20,0,1024
2011-12-11,Afghanistan,Shahrak,2,-11,6,SSW,0.0,38,0,1020
2011-12-12,Afghanistan,Shahrak,-3,-11,7,S,0.0,51,0,1025
2011-12-13,Afghanistan,Shahrak,-2,-14,5,ESE,0.0,46,6,1026
2011-12-14,Afghanistan,Shahrak,1,-13,3,SW,0.0,41,13,1024
2011-12-15,Afghanistan,Shahrak,-2,-14,4,ESE,0.0,47,8,1026
2011-12-16,Afghanistan,Shahrak,-1,-12,6,E,0.0,47,37,1024
2011-12-17,Afghanistan,Shahrak,1,-11,8,S,0.0,43,12,1019
2011-12-18,Afghanistan,Shahrak,0,-9,6,SSW,0.0,49,11,1021
2011-12-19,Afghanistan,Shahrak,-5,-8,11,W,1.2,77,51,1027
2011-12-20,Afghanistan,Shahrak,-11,-17,11,ESE,0.0,73,22,1036
2011-12-21,Afghanistan,Shahrak,-5,-19,5,SW,0.0,23,0,1031
2011-12-22,Afghanistan,Shahrak,0,-12,3,ESE,0.0,11,6,1026
2011-12-23,Afghanistan,Shahrak,1,-10,6,SSW,0.0,13,22,1020
2011-12-24,Afghanistan,Shahrak,2,-5,9,SSW,0.0,30,5,1018
2011-12-25,Afghanistan,Shahrak,3,-5,8,S,0.0,44,2,1017
2011-12-26,Afghanistan,Shahrak,0,-5,7,SW,0.3,48,42,1018
2011-12-27,Afghanistan,Shahrak,-1,-8,7,SSW,0.0,56,8,1021
2011-12-28,Afghanistan,Shahrak,-3,-10,7,SSW,0.0,51,5,1024
2011-12-29,Afghanistan,Shahrak,-2,-11,4,ESE,0.0,52,1,1026
2011-12-30,Afghanistan,Shahrak,-2,-10,8,ESE,0.0,44,1,1028
2011-12-31,Afghanistan,Shahrak,1,-10,6,SSE,0.0,29,1,1025
2012-01-01,Afghanistan,Shahrak,1,-9,9,SSW,0.0,10,4,1021
2012-01-02,Afghanistan,Shahrak,0,-6,11,S,1.5,56,26,1018
2012-01-03,Afghanistan,Shahrak,1,-6,9,S,0.6,52,23,1015
2012-01-04,Afghanistan,Shahrak,-2,-7,12,SSW,1.1,52,20,1016
2012-01-05,Afghanistan,Shahrak,-8,-18,6,WSW,0.7,83,50,1024
2012-01-06,Afghanistan,Shahrak,-12,-26,5,SSW,0.4,92,46,1028
2012-01-07,Afghanistan,Shahrak,-1,-23,10,SSE,1.2,73,44,1023
2012-01-08,Afghanistan,Shahrak,-3,-18,7,SW,0.0,89,29,1026
2012-01-09,Afghanistan,Shahrak,-1,-18,9,S,0.0,75,29,1024
2012-01-10,Afghanistan,Shahrak,-2,-10,9,SSW,1.2,92,35,1022
2012-01-11,Afghanistan,Shahrak,-3,-15,5,SSW,0.2,92,40,1025
2012-01-12,Afghanistan,Shahrak,-1,-15,11,SSE,0.2,54,16,1022
2012-01-13,Afghanistan,Shahrak,-1,-9,11,SSE,0.6,88,36,1018
2012-01-14,Afghanistan,Shahrak,0,-6,12,S,19.8,97,82,1011
2012-01-15,Afghanistan,Shahrak,-8,-21,10,WSW,4.2,93,55,1019
2012-01-16,Afghanistan,Shahrak,-6,-22,6,ENE,0.0,69,4,1022
2012-01-17,Afghanistan,Shahrak,-3,-21,6,ENE,0.0,50,0,1019
2012-01-18,Afghanistan,Shahrak,-6,-26,7,SSE,0.0,59,0,1021
2012-01-19,Afghanistan,Shahrak,-7,-27,4,SE,0.0,61,9,1020
2012-01-20,Afghanistan,Shahrak,-7,-26,8,SSE,0.0,53,19,1020
2012-01-21,Afghanistan,Shahrak,-5,-16,10,SE,1.5,70,54,1016
2012-01-22,Afghanistan,Shahrak,-5,-20,9,SSW,5.2,95,73,1017
2012-01-23,Afghanistan,Shahrak,-8,-22,9,SSE,0.0,89,38,1024
2012-01-24,Afghanistan,Shahrak,-4,-18,7,SSE,0.0,71,7,1022
2012-01-25,Afghanistan,Shahrak,-6,-21,8,S,0.0,87,10,1024
2012-01-26,Afghanistan,Shahrak,-6,-23,5,SSE,0.0,81,37,1026
2012-01-27,Afghanistan,Shahrak,-5,-19,3,S,0.0,80,29,1023
2012-01-28,Afghanistan,Shahrak,-4,-20,6,SSE,0.0,85,7,1022
2012-01-29,Afghanistan,Shahrak,-3,-16,11,SSE,0.1,67,15,1020
2012-01-30,Afghanistan,Shahrak,-5,-21,6,S,6.6,93,56,1023
2012-01-31,Afghanistan,Shahrak,-5,-24,6,SSE,0.0,70,19,1028
2012-02-01,Afghanistan,Shahrak,-5,-13,9,SSE,2.4,70,62,1024
2012-02-02,Afghanistan,Shahrak,0,-10,14,SSE,6.8,96,80,1016
2012-02-03,Afghanistan,Shahrak,-2,-15,12,SW,17.1,94,60,1016
2012-02-04,Afghanistan,Shahrak,-14,-25,9,W,0.9,97,60,1030
2012-02-05,Afghanistan,Shahrak,-12,-28,5,SSE,0.0,91,30,1032
2012-02-06,Afghanistan,Shahrak,-13,-31,4,SSW,0.0,91,34,1034
2012-02-07,Afghanistan,Shahrak,-11,-30,3,E,0.0,86,4,1032
2012-02-08,Afghanistan,Shahrak,-5,-27,7,S,0.0,55,9,1024
2012-02-09,Afghanistan,Shahrak,-2,-15,10,SSW,1.8,86,68,1021
2012-02-10,Afghanistan,Shahrak,-2,-18,9,S,0.0,90,42,1020
2012-02-11,Afghanistan,Shahrak,-1,-6,10,SSW,11.2,97,88,1015
2012-02-12,Afghanistan,Shahrak,-9,-18,9,WNW,4.7,94,79,1023
2012-02-13,Afghanistan,Shahrak,-11,-26,8,NE,0.0,94,48,1031
2012-02-14,Afghanistan,Shahrak,-8,-27,4,SW,0.0,82,7,1030
2012-02-15,Afghanistan,Shahrak,-5,-23,6,SSW,0.0,63,44,1024
2012-02-16,Afghanistan,Shahrak,-5,-23,10,SSE,3.0,73,37,1020
2012-02-17,Afghanistan,Shahrak,-4,-10,13,SSE,13.1,93,70,1016
2012-02-18,Afghanistan,Shahrak,-2,-7,11,SSE,16.7,96,89,1016
2012-02-19,Afghanistan,Shahrak,2,-3,14,S,13.5,99,97,1013
2012-02-20,Afghanistan,Shahrak,-1,-14,12,SW,3.4,94,59,1014
2012-02-21,Afghanistan,Shahrak,-9,-19,10,NW,1.1,93,74,1026
2012-02-22,Afghanistan,Shahrak,-12,-30,7,NE,0.0,91,43,1031
2012-02-23,Afghanistan,Shahrak,-8,-32,3,SE,0.0,76,1,1027
2012-02-24,Afghanistan,Shahrak,-8,-28,7,S,0.0,64,21,1024
2012-02-25,Afghanistan,Shahrak,-8,-28,7,S,0.0,64,21,1024
2012-02-26,Afghanistan,Shahrak,-2,-11,16,SSE,11.1,85,66,1014
2012-02-27,Afghanistan,Shahrak,-3,-18,8,S,3.9,96,67,1018
2012-02-28,Afghanistan,Shahrak,1,-17,6,SSE,0.0,69,6,1018
2012-03-01,Afghanistan,Shahrak,0,-12,9,SSE,0.0,74,22,1013
2012-03-02,Afghanistan,Shahrak,1,-9,11,SSE,1.2,90,56,1011
2012-03-03,Afghanistan,Shahrak,0,-8,18,SSE,1.0,82,37,1005
2012-03-04,Afghanistan,Shahrak,-2,-16,12,SW,3.3,82,37,1008
2012-03-05,Afghanistan,Shahrak,-3,-21,11,SSE,0.0,65,5,1016
2012-03-06,Afghanistan,Shahrak,-6,-22,12,S,0.0,68,15,1019
2012-03-07,Afghanistan,Shahrak,-4,-22,6,SSW,0.0,85,8,1023
2012-03-08,Afghanistan,Shahrak,-5,-20,5,E,0.0,82,12,1023
2012-03-09,Afghanistan,Shahrak,-4,-18,5,S,0.0,72,19,1019
2012-03-10,Afghanistan,Shahrak,-2,-17,10,SSE,0.4,73,17,1014
2012-03-11,Afghanistan,Shahrak,-2,-10,14,SSW,4.1,76,65,1014
2012-03-12,Afghanistan,Shahrak,-7,-22,10,SSW,2.0,83,13,1022
2012-03-13,Afghanistan,Shahrak,-3,-16,14,S,7.8,85,64,1023
2012-03-14,Afghanistan,Shahrak,0,-6,10,SSW,4.8,94,63,1020
2012-03-15,Afghanistan,Shahrak,1,-3,13,S,3.5,85,45,1015
2012-03-16,Afghanistan,Shahrak,5,0,15,S,0.3,69,15,1011
2012-03-17,Afghanistan,Shahrak,9,1,17,S,0.1,49,21,1010
2012-03-18,Afghanistan,Shahrak,8,1,19,S,0.0,54,23,1011
2012-03-19,Afghanistan,Shahrak,-5,-11,15,NNW,0.5,67,25,1026
2012-03-20,Afghanistan,Shahrak,-4,-15,8,SW,0.0,51,0,1031
2012-03-21,Afghanistan,Shahrak,0,-12,5,SE,0.0,54,3,1024
2012-03-22,Afghanistan,Shahrak,4,-10,7,S,0.0,39,16,1020
2012-03-23,Afghanistan,Shahrak,5,-1,11,S,0.8,49,18,1019
2012-03-24,Afghanistan,Shahrak,5,0,9,SSW,2.1,54,27,1020
2012-03-25,Afghanistan,Shahrak,5,0,8,WSW,2.9,64,14,1019
2012-03-26,Afghanistan,Shahrak,5,-2,4,S,0.0,45,25,1020
2012-03-27,Afghanistan,Shahrak,7,0,9,S,0.9,48,24,1018
2012-03-28,Afghanistan,Shahrak,11,2,15,S,0.5,51,17,1020
2012-03-29,Afghanistan,Shahrak,11,4,12,SSW,1.3,61,23,1021
2012-03-30,Afghanistan,Shahrak,13,5,8,SW,2.0,58,23,1018
2012-03-31,Afghanistan,Shahrak,13,7,29,S,2.1,53,40,1013
2012-04-01,Afghanistan,Shahrak,12,5,11,SSW,3.6,44,12,1017
2012-04-02,Afghanistan,Shahrak,13,5,8,S,0.0,31,12,1018
2012-04-03,Afghanistan,Shahrak,13,5,7,WSW,0.0,26,2,1020
2012-04-04,Afghanistan,Shahrak,13,6,6,WNW,1.0,35,16,1020
2012-04-05,Afghanistan,Shahrak,12,6,9,S,0.6,44,7,1018
2012-04-06,Afghanistan,Shahrak,14,5,8,SSW,0.0,40,4,1015
2012-04-07,Afghanistan,Shahrak,13,6,8,S,0.1,39,26,1013
2012-04-08,Afghanistan,Shahrak,13,7,12,SSW,2.6,46,19,1012
2012-04-09,Afghanistan,Shahrak,13,7,8,W,2.9,49,23,1013
2012-04-10,Afghanistan,Shahrak,13,6,14,NNW,0.0,41,2,1016
2012-04-11,Afghanistan,Shahrak,13,5,11,NNW,0.0,35,5,1015
2012-04-12,Afghanistan,Shahrak,15,5,10,SE,0.0,29,2,1011
2012-04-13,Afghanistan,Shahrak,16,6,8,SE,0.0,19,0,1008
2012-04-14,Afghanistan,Shahrak,17,7,7,S,0.0,15,0,1010
2012-04-15,Afghanistan,Shahrak,17,8,6,W,0.0,23,10,1013
2012-04-16,Afghanistan,Shahrak,14,10,7,WSW,1.3,32,16,1010
2012-04-17,Afghanistan,Shahrak,14,9,7,WSW,1.6,37,14,1009
2012-04-18,Afghanistan,Shahrak,14,9,8,SSE,4.2,44,36,1008
2012-04-19,Afghanistan,Shahrak,13,7,13,S,10.5,56,19,1009
2012-04-20,Afghanistan,Shahrak,10,7,9,SSE,10.4,61,45,1011
2012-04-21,Afghanistan,Shahrak,7,4,12,SW,24.5,70,87,1014
2012-04-22,Afghanistan,Shahrak,10,4,10,WNW,3.4,58,42,1012
2012-04-23,Afghanistan,Shahrak,12,5,9,W,0.0,47,4,1011
2012-04-24,Afghanistan,Shahrak,13,6,10,WNW,0.0,48,4,1013
2012-04-25,Afghanistan,Shahrak,13,5,10,SSE,0.0,47,7,1014
2012-04-26,Afghanistan,Shahrak,13,7,9,SSW,7.1,51,33,1014
2012-04-27,Afghanistan,Shahrak,12,6,12,WNW,2.0,56,18,1015
2012-04-28,Afghanistan,Shahrak,10,3,15,WNW,0.0,58,15,1016
2012-04-29,Afghanistan,Shahrak,10,3,16,SE,0.1,50,12,1017
2012-04-30,Afghanistan,Shahrak,10,2,15,S,0.0,47,6,1017
2012-05-01,Afghanistan,Shahrak,14,3,9,SSW,0.0,31,7,1013
2012-05-02,Afghanistan,Shahrak,13,8,12,NW,0.0,35,19,1014
2012-05-03,Afghanistan,Shahrak,13,6,12,WSW,0.0,38,3,1016
2012-05-04,Afghanistan,Shahrak,18,7,10,SSW,0.0,29,6,1012
2012-05-05,Afghanistan,Shahrak,18,11,16,WSW,9.9,39,15,1011
2012-05-06,Afghanistan,Shahrak,18,12,11,WSW,6.7,42,34,1011
2012-05-07,Afghanistan,Shahrak,17,10,8,W,2.5,37,9,1011
2012-05-08,Afghanistan,Shahrak,18,12,9,WSW,0.7,33,14,1012
2012-05-09,Afghanistan,Shahrak,18,12,10,WNW,2.5,38,13,1015
2012-05-10,Afghanistan,Shahrak,16,10,12,WSW,1.9,47,6,1017
2012-05-11,Afghanistan,Shahrak,13,7,17,W,0.0,47,6,1017
2012-05-12,Afghanistan,Shahrak,13,6,15,SE,0.0,41,4,1014
2012-05-13,Afghanistan,Shahrak,15,6,11,SW,0.0,30,3,1013
2012-05-14,Afghanistan,Shahrak,17,8,12,W,0.0,29,14,1012
2012-05-15,Afghanistan,Shahrak,17,11,10,SW,3.2,37,26,1013
2012-05-16,Afghanistan,Shahrak,16,10,12,SW,5.6,42,18,1010
2012-05-17,Afghanistan,Shahrak,15,9,13,W,1.2,39,8,1010
2012-05-18,Afghanistan,Shahrak,16,9,13,WNW,0.0,36,3,1013
2012-05-19,Afghanistan,Shahrak,16,9,12,W,0.4,37,6,1015
2012-05-20,Afghanistan,Shahrak,14,8,17,W,0.3,46,6,1015
2012-05-21,Afghanistan,Shahrak,15,7,16,SW,0.0,36,3,1014
2012-05-22,Afghanistan,Shahrak,17,8,11,SW,0.0,23,0,1013
2012-05-23,Afghanistan,Shahrak,21,9,12,S,0.0,18,14,1009
2012-05-24,Afghanistan,Shahrak,19,13,25,SSW,10.0,30,30,1005
2012-05-25,Afghanistan,Shahrak,15,10,15,W,2.8,43,12,1008
2012-05-26,Afghanistan,Shahrak,17,8,11,W,0.0,45,7,1012
2012-05-27,Afghanistan,Shahrak,20,10,11,WNW,0.0,26,1,1013
2012-05-28,Afghanistan,Shahrak,20,12,8,SW,0.0,25,13,1012
2012-05-29,Afghanistan,Shahrak,21,14,12,SW,0.3,29,23,1013
2012-05-30,Afghanistan,Shahrak,20,13,15,W,1.0,36,7,1012
2012-05-31,Afghanistan,Shahrak,18,11,17,N,0.0,34,2,1012
2012-06-01,Afghanistan,Shahrak,20,10,17,N,0.0,31,1,1011
2012-06-02,Afghanistan,Shahrak,22,11,15,S,0.0,27,0,1010
2012-06-03,Afghanistan,Shahrak,21,12,26,NE,0.0,25,0,1010
2012-06-04,Afghanistan,Shahrak,17,10,29,N,0.0,45,7,1013
2012-06-05,Afghanistan,Shahrak,18,9,23,N,0.0,44,9,1012
2012-06-06,Afghanistan,Shahrak,19,9,24,ENE,0.0,36,3,1009
2012-06-07,Afghanistan,Shahrak,21,11,14,SE,0.0,27,0,1007
2012-06-08,Afghanistan,Shahrak,22,12,10,S,0.0,19,0,1007
2012-06-09,Afghanistan,Shahrak,22,13,17,S,0.0,20,0,1009
2012-06-10,Afghanistan,Shahrak,20,11,21,ENE,0.0,20,0,1010
2012-06-11,Afghanistan,Shahrak,19,9,23,NNE,0.0,22,1,1009
2012-06-12,Afghanistan,Shahrak,20,11,19,ENE,0.0,30,11,1008
2012-06-13,Afghanistan,Shahrak,21,11,15,E,0.0,28,1,1010
2012-06-14,Afghanistan,Shahrak,21,11,14,SE,0.0,31,4,1010
2012-06-15,Afghanistan,Shahrak,21,12,14,E,1.6,31,14,1009
2012-06-16,Afghanistan,Shahrak,21,13,24,NE,0.0,23,36,1008
2012-06-17,Afghanistan,Shahrak,21,12,27,NNE,0.0,27,13,1006
2012-06-18,Afghanistan,Shahrak,21,13,13,SE,0.0,27,12,1005
2012-06-19,Afghanistan,Shahrak,21,14,11,ENE,1.5,28,19,1005
2012-06-20,Afghanistan,Shahrak,21,13,11,ESE,4.9,38,18,1006
2012-06-21,Afghanistan,Shahrak,21,14,10,SSW,7.3,43,14,1007
2012-06-22,Afghanistan,Shahrak,19,12,15,SE,3.9,50,12,1009
2012-06-23,Afghanistan,Shahrak,20,12,20,E,0.0,48,8,1008
2012-06-24,Afghanistan,Shahrak,19,12,21,N,0.0,33,2,1006
2012-06-25,Afghanistan,Shahrak,19,12,21,N,0.0,36,2,1007
2012-06-26,Afghanistan,Shahrak,20,11,18,SE,0.0,40,4,1007
2012-06-27,Afghanistan,Shahrak,21,11,14,E,0.0,33,5,1005
2012-06-28,Afghanistan,Shahrak,22,13,14,E,0.0,29,6,1006
2012-06-29,Afghanistan,Shahrak,23,15,11,E,0.0,29,12,1006
2012-06-30,Afghanistan,Shahrak,24,15,15,SE,0.0,28,7,1006
2012-07-01,Afghanistan,Shahrak,25,15,14,SE,0.0,22,7,1006
2012-07-02,Afghanistan,Shahrak,26,17,16,S,0.0,20,8,1006
2012-07-03,Afghanistan,Shahrak,25,16,18,NE,0.0,20,5,1005
2012-07-04,Afghanistan,Shahrak,25,15,17,N,0.0,21,0,1004
2012-07-05,Afghanistan,Shahrak,27,15,12,S,0.0,18,0,1002
2012-07-06,Afghanistan,Shahrak,27,16,16,SSW,0.0,16,0,1001
2012-07-07,Afghanistan,Shahrak,26,15,15,S,0.0,15,0,999
2012-07-08,Afghanistan,Shahrak,25,15,13,SSE,0.0,21,2,1000
2012-07-09,Afghanistan,Shahrak,26,16,13,E,0.0,21,6,1003
2012-07-10,Afghanistan,Shahrak,28,18,13,ENE,0.0,15,0,1005
2012-07-11,Afghanistan,Shahrak,28,18,18,NNE,0.0,16,0,1006
2012-07-12,Afghanistan,Shahrak,27,18,19,NNE,0.0,19,0,1007
2012-07-13,Afghanistan,Shahrak,24,17,22,W,0.0,21,0,1008
2012-07-14,Afghanistan,Shahrak,23,15,22,W,0.0,22,0,1007
2012-07-15,Afghanistan,Shahrak,22,13,20,SW,0.0,22,0,1006
2012-07-16,Afghanistan,Shahrak,23,14,15,S,0.0,25,2,1006
2012-07-17,Afghanistan,Shahrak,24,15,12,SSW,0.0,23,3,1007
2012-07-18,Afghanistan,Shahrak,23,16,23,E,0.0,25,2,1007
2012-07-19,Afghanistan,Shahrak,22,14,31,NNE,0.0,24,0,1007
2012-07-20,Afghanistan,Shahrak,22,13,29,NNE,0.0,24,0,1008
2012-07-21,Afghanistan,Shahrak,23,14,23,NNE,0.0,25,0,1010
2012-07-22,Afghanistan,Shahrak,24,14,20,NNE,0.0,28,0,1010
2012-07-23,Afghanistan,Shahrak,22,13,24,N,0.0,34,2,1007
2012-07-24,Afghanistan,Shahrak,22,13,26,NNE,0.0,30,1,1006
2012-07-25,Afghanistan,Shahrak,21,13,26,NNE,0.0,34,4,1007
2012-07-26,Afghanistan,Shahrak,21,14,26,NNE,0.1,24,10,1008
2012-07-27,Afghanistan,Shahrak,21,12,16,SE,0.0,30,1,1008
2012-07-28,Afghanistan,Shahrak,24,12,12,SE,0.0,23,0,1006
2012-07-29,Afghanistan,Shahrak,20,13,8,NNE,0.0,21,0,1007
2012-07-30,Afghanistan,Shahrak,25,13,10,S,0.0,21,0,1005
2012-07-31,Afghanistan,Shahrak,23,14,18,E,0.0,27,0,1006
2012-08-01,Afghanistan,Shahrak,24,14,17,E,0.0,24,0,1007
2012-08-02,Afghanistan,Shahrak,23,14,18,SE,0.0,26,0,1008
2012-08-03,Afghanistan,Shahrak,21,12,19,NE,0.0,21,0,1006
2012-08-04,Afghanistan,Shahrak,21,10,17,E,0.0,32,1,1005
2012-08-05,Afghanistan,Shahrak,22,12,14,S,0.0,29,1,1006
2012-08-06,Afghanistan,Shahrak,24,13,13,S,0.0,21,0,1007
2012-08-07,Afghanistan,Shahrak,24,13,11,SW,0.0,21,2,1007
2012-08-08,Afghanistan,Shahrak,26,14,17,E,0.0,21,4,1007
2012-08-09,Afghanistan,Shahrak,24,15,14,SW,0.0,15,0,1005
2012-08-10,Afghanistan,Shahrak,23,14,16,SW,0.0,19,3,1005
2012-08-11,Afghanistan,Shahrak,23,13,13,SSW,0.0,16,3,1006
2012-08-12,Afghanistan,Shahrak,23,13,16,ESE,0.0,24,11,1007
2012-08-13,Afghanistan,Shahrak,23,14,16,E,0.0,24,8,1006
2012-08-14,Afghanistan,Shahrak,23,14,17,NE,0.0,22,1,1007
2012-08-15,Afghanistan,Shahrak,24,14,16,NNE,0.0,18,0,1008
2012-08-16,Afghanistan,Shahrak,24,14,12,S,0.0,21,2,1008
2012-08-17,Afghanistan,Shahrak,25,15,9,S,0.0,19,14,1007
2012-08-18,Afghanistan,Shahrak,25,16,11,SW,0.0,23,4,1007
2012-08-19,Afghanistan,Shahrak,25,16,17,SE,0.0,21,0,1008
2012-08-20,Afghanistan,Shahrak,26,15,12,S,0.0,19,0,1006
2012-08-21,Afghanistan,Shahrak,26,16,13,S,0.0,18,2,1006
2012-08-22,Afghanistan,Shahrak,25,16,17,NE,0.0,18,0,1007
2012-08-23,Afghanistan,Shahrak,26,15,13,SE,0.0,15,1,1008
2012-08-24,Afghanistan,Shahrak,22,14,18,NE,0.0,29,2,1010
2012-08-25,Afghanistan,Shahrak,22,12,14,S,0.0,39,3,1009
2012-08-26,Afghanistan,Shahrak,21,12,13,S,0.0,29,0,1010
2012-08-27,Afghanistan,Shahrak,22,12,12,S,0.0,30,3,1008
2012-08-28,Afghanistan,Shahrak,23,13,9,SSW,0.0,32,10,1009
2012-08-29,Afghanistan,Shahrak,24,15,9,SW,0.0,24,6,1009
2012-08-30,Afghanistan,Shahrak,25,15,11,SW,0.0,23,5,1010
2012-08-31,Afghanistan,Shahrak,25,15,10,SW,0.0,21,6,1008
2012-09-01,Afghanistan,Shahrak,23,13,11,S,0.0,16,1,1008
2012-09-02,Afghanistan,Shahrak,23,13,13,S,0.0,19,0,1010
2012-09-03,Afghanistan,Shahrak,21,13,19,NNE,0.0,27,0,1011
2012-09-04,Afghanistan,Shahrak,21,10,11,SSE,0.0,31,3,1009
2012-09-05,Afghanistan,Shahrak,20,10,9,S,0.0,20,0,1010
2012-09-06,Afghanistan,Shahrak,21,11,8,SSW,0.0,19,0,1010
2012-09-07,Afghanistan,Shahrak,20,11,12,SE,0.0,22,0,1011
2012-09-08,Afghanistan,Shahrak,22,11,9,SSW,0.0,18,0,1009
2012-09-09,Afghanistan,Shahrak,22,12,10,S,0.0,21,0,1011
2012-09-10,Afghanistan,Shahrak,24,13,8,SSW,0.0,16,2,1010
2012-09-11,Afghanistan,Shahrak,23,13,10,SSW,0.0,18,2,1010
2012-09-12,Afghanistan,Shahrak,20,12,17,N,0.0,26,2,1012
2012-09-13,Afghanistan,Shahrak,20,11,14,SE,0.0,33,1,1012
2012-09-14,Afghanistan,Shahrak,19,10,15,E,0.0,29,1,1011
2012-09-15,Afghanistan,Shahrak,18,8,13,S,0.0,19,0,1009
2012-09-16,Afghanistan,Shahrak,16,6,14,SW,0.0,22,2,1010
2012-09-17,Afghanistan,Shahrak,14,6,15,SE,0.0,30,3,1012
2012-09-18,Afghanistan,Shahrak,16,6,10,S,0.0,32,1,1013
2012-09-19,Afghanistan,Shahrak,18,7,8,SW,0.0,20,0,1014
2012-09-20,Afghanistan,Shahrak,17,7,9,S,0.0,20,0,1014
2012-09-21,Afghanistan,Shahrak,16,7,11,SW,0.0,21,0,1014
2012-09-22,Afghanistan,Shahrak,17,6,10,S,0.0,23,0,1014
2012-09-23,Afghanistan,Shahrak,17,6,10,SSW,0.0,17,0,1013
2012-09-24,Afghanistan,Shahrak,18,7,11,WSW,0.0,15,0,1012
2012-09-25,Afghanistan,Shahrak,15,8,8,WSW,0.0,21,6,1014
2012-09-26,Afghanistan,Shahrak,15,7,7,SW,0.0,22,1,1016
2012-09-27,Afghanistan,Shahrak,17,8,8,S,0.0,17,0,1017
2012-09-28,Afghanistan,Shahrak,16,7,8,WSW,0.0,18,0,1018
2012-09-29,Afghanistan,Shahrak,15,6,12,SE,0.0,34,3,1020
2012-09-30,Afghanistan,Shahrak,15,5,12,E,0.0,38,2,1020
2012-10-01,Afghanistan,Shahrak,16,6,10,S,0.0,25,0,1019
2012-10-02,Afghanistan,Shahrak,15,5,12,SE,0.0,24,0,1019
2012-10-03,Afghanistan,Shahrak,14,2,12,SE,0.0,18,0,1017
2012-10-04,Afghanistan,Shahrak,15,3,11,SE,0.0,17,0,1015
2012-10-05,Afghanistan,Shahrak,15,4,9,S,0.0,15,1,1015
2012-10-06,Afghanistan,Shahrak,15,5,9,S,0.0,19,3,1017
2012-10-07,Afghanistan,Shahrak,15,5,9,S,0.0,21,0,1019
2012-10-08,Afghanistan,Shahrak,15,5,10,SW,0.0,20,0,1018
2012-10-09,Afghanistan,Shahrak,15,4,9,WNW,0.0,25,10,1016
2012-10-10,Afghanistan,Shahrak,16,4,9,WNW,0.6,38,15,1017
2012-10-11,Afghanistan,Shahrak,15,5,10,WSW,0.0,39,1,1019
2012-10-12,Afghanistan,Shahrak,13,4,8,NNW,0.0,28,0,1017
2012-10-13,Afghanistan,Shahrak,17,4,8,NW,0.0,20,3,1016
2012-10-14,Afghanistan,Shahrak,11,5,10,WNW,0.7,51,14,1019
2012-10-15,Afghanistan,Shahrak,12,2,9,SSE,0.0,48,9,1021
2012-10-16,Afghanistan,Shahrak,14,2,7,S,0.0,28,8,1020
2012-10-17,Afghanistan,Shahrak,13,3,6,WSW,0.0,28,1,1020
2012-10-18,Afghanistan,Shahrak,10,3,7,SSE,9.7,50,26,1020
2012-10-19,Afghanistan,Shahrak,9,4,7,WNW,1.8,53,18,1020
2012-10-20,Afghanistan,Shahrak,9,1,10,SE,0.0,36,14,1022
2012-10-21,Afghanistan,Shahrak,10,-1,7,SSW,0.0,18,0,1022
2012-10-22,Afghanistan,Shahrak,8,1,6,SSW,0.0,13,0,1022
2012-10-23,Afghanistan,Shahrak,11,-1,8,S,0.0,12,1,1021
2012-10-24,Afghanistan,Shahrak,12,2,11,WSW,0.0,28,24,1019
2012-10-25,Afghanistan,Shahrak,11,3,9,W,0.1,49,7,1018
2012-10-26,Afghanistan,Shahrak,12,4,7,SSW,0.0,42,22,1017
2012-10-27,Afghanistan,Shahrak,13,3,9,WSW,0.0,31,19,1018
2012-10-28,Afghanistan,Shahrak,14,4,5,WSW,0.0,37,33,1018
2012-10-29,Afghanistan,Shahrak,14,5,7,SW,0.0,37,6,1017
2012-10-30,Afghanistan,Shahrak,13,5,14,S,0.0,36,13,1016
2012-10-31,Afghanistan,Shahrak,9,5,13,SSW,4.1,50,22,1018
2012-11-01,Afghanistan,Shahrak,8,1,7,WSW,0.0,54,7,1020
2012-11-02,Afghanistan,Shahrak,8,0,7,WSW,0.0,46,4,1019
2012-11-03,Afghanistan,Shahrak,9,1,7,W,0.0,46,6,1018
2012-11-04,Afghanistan,Shahrak,8,1,9,WSW,0.9,61,12,1020
2012-11-05,Afghanistan,Shahrak,8,-2,7,ESE,0.0,47,16,1019
2012-11-06,Afghanistan,Shahrak,9,-1,6,SSW,0.0,21,64,1018
2012-11-07,Afghanistan,Shahrak,9,-1,8,SW,0.0,33,9,1018
2012-11-08,Afghanistan,Shahrak,9,0,9,WSW,0.1,43,7,1016
2012-11-09,Afghanistan,Shahrak,8,0,7,SW,0.0,48,4,1019
2012-11-10,Afghanistan,Shahrak,11,2,5,S,0.0,43,2,1020
2012-11-11,Afghanistan,Shahrak,12,0,8,WSW,0.0,29,8,1019
2012-11-12,Afghanistan,Shahrak,7,1,11,E,0.0,53,15,1021
2012-11-13,Afghanistan,Shahrak,9,0,7,SSE,0.0,60,12,1022
2012-11-14,Afghanistan,Shahrak,11,0,6,S,0.0,46,9,1018
2012-11-15,Afghanistan,Shahrak,10,2,13,SSW,0.5,44,26,1017
2012-11-16,Afghanistan,Shahrak,6,2,6,WNW,4.1,64,28,1021
2012-11-17,Afghanistan,Shahrak,4,-1,6,SW,0.0,51,4,1022
2012-11-18,Afghanistan,Shahrak,6,-4,5,SSW,0.0,33,6,1022
2012-11-19,Afghanistan,Shahrak,5,-4,5,SSE,0.0,22,11,1022
2012-11-20,Afghanistan,Shahrak,6,-3,4,S,0.0,21,46,1021
2012-11-21,Afghanistan,Shahrak,4,-1,5,SE,2.5,46,63,1019
2012-11-22,Afghanistan,Shahrak,5,-2,7,SSW,3.7,75,57,1019
2012-11-23,Afghanistan,Shahrak,1,-3,9,W,2.3,79,50,1022
2012-11-24,Afghanistan,Shahrak,4,-6,7,E,0.0,41,47,1021
2012-11-25,Afghanistan,Shahrak,2,-3,10,SSW,2.8,57,48,1019
2012-11-26,Afghanistan,Shahrak,4,-4,8,SSW,0.0,62,11,1020
2012-11-27,Afghanistan,Shahrak,1,-3,11,SSE,3.8,75,43,1016
2012-11-28,Afghanistan,Shahrak,0,-4,10,W,4.3,89,59,1018
2012-11-29,Afghanistan,Shahrak,-2,-9,5,ENE,0.0,76,16,1025
2012-11-30,Afghanistan,Shahrak,1,-8,3,SE,0.0,55,0,1023
2012-12-01,Afghanistan,Shahrak,2,-6,6,NE,0.0,50,0,1021
2012-12-02,Afghanistan,Shahrak,2,-8,4,SSE,0.0,49,7,1021
2012-12-03,Afghanistan,Shahrak,3,-6,6,SE,0.0,48,37,1021
2012-12-04,Afghanistan,Shahrak,2,-6,9,SSE,0.0,43,44,1020
2012-12-05,Afghanistan,Shahrak,5,-4,11,SSE,0.0,37,22,1019
2012-12-06,Afghanistan,Shahrak,5,-2,12,SSE,0.5,60,35,1019
2012-12-07,Afghanistan,Shahrak,4,-1,12,SSW,3.9,79,46,1019
2012-12-08,Afghanistan,Shahrak,4,-4,4,SSE,0.0,49,6,1021
2012-12-09,Afghanistan,Shahrak,6,-2,5,SW,0.0,26,28,1017
2012-12-10,Afghanistan,Shahrak,1,-5,5,WSW,0.0,39,8,1018
2012-12-11,Afghanistan,Shahrak,2,-5,9,SW,0.0,45,8,1017
2012-12-12,Afghanistan,Shahrak,1,-3,9,S,15.1,71,60,1013
2012-12-13,Afghanistan,Shahrak,-3,-6,10,W,9.3,78,44,1016
2012-12-14,Afghanistan,Shahrak,-3,-12,6,SSE,0.0,67,5,1020
2012-12-15,Afghanistan,Shahrak,-3,-11,8,SSE,0.0,88,32,1023
2012-12-16,Afghanistan,Shahrak,-2,-9,8,SSE,0.0,90,38,1024
2012-12-17,Afghanistan,Shahrak,-1,-5,13,S,11.9,96,92,1020
2012-12-18,Afghanistan,Shahrak,-4,-12,8,SSW,0.3,84,36,1029
2012-12-19,Afghanistan,Shahrak,-1,-12,3,ESE,0.0,64,2,1028
2012-12-20,Afghanistan,Shahrak,0,-11,4,ESE,0.0,63,2,1023
2012-12-21,Afghanistan,Shahrak,1,-10,6,SSE,0.0,57,2,1020
2012-12-22,Afghanistan,Shahrak,1,-7,10,SSE,0.0,55,7,1020
2012-12-23,Afghanistan,Shahrak,1,-6,7,SSW,0.8,81,18,1020
2012-12-24,Afghanistan,Shahrak,0,-9,7,SSW,0.0,84,11,1022
2012-12-25,Afghanistan,Shahrak,0,-9,6,SSW,0.0,67,2,1022
2012-12-26,Afghanistan,Shahrak,1,-7,9,SSE,3.1,75,52,1018
2012-12-27,Afghanistan,Shahrak,-4,-21,10,W,13.9,97,91,1024
2012-12-28,Afghanistan,Shahrak,-12,-24,11,NNE,0.0,88,32,1033
2012-12-29,Afghanistan,Shahrak,-4,-19,7,NE,0.0,55,1,1026
2012-12-30,Afghanistan,Shahrak,0,-17,4,E,0.0,46,3,1020
2012-12-31,Afghanistan,Shahrak,-3,-17,8,S,0.0,46,0,1019
2013-01-01,Afghanistan,Shahrak,-10,-19,8,S,0.1,77,19,1028
2013-01-02,Afghanistan,Shahrak,-3,-18,7,SSW,0.0,54,3,1024
2013-01-03,Afghanistan,Shahrak,-6,-22,4,SW,0.0,75,9,1026
2013-01-04,Afghanistan,Shahrak,-7,-24,6,ESE,0.0,88,9,1027
2013-01-05,Afghanistan,Shahrak,-6,-24,7,S,0.0,66,0,1021
2013-01-06,Afghanistan,Shahrak,-6,-20,9,SSE,0.0,84,10,1021
2013-01-07,Afghanistan,Shahrak,-3,-18,9,SSE,1.9,91,37,1021
2013-01-08,Afghanistan,Shahrak,-3,-7,10,S,13.3,97,91,1018
2013-01-09,Afghanistan,Shahrak,-2,-16,10,SSE,0.0,92,32,1021
2013-01-10,Afghanistan,Shahrak,-2,-13,11,SSE,0.4,96,48,1018
2013-01-11,Afghanistan,Shahrak,1,-3,14,S,4.0,98,90,1014
2013-01-12,Afghanistan,Shahrak,-7,-18,8,SSW,4.6,90,45,1028
2013-01-13,Afghanistan,Shahrak,-4,-22,5,SSE,0.0,49,21,1025
2013-01-14,Afghanistan,Shahrak,-3,-19,7,S,0.0,52,9,1019
2013-01-15,Afghanistan,Shahrak,-5,-24,4,SSE,0.0,74,9,1021
2013-01-16,Afghanistan,Shahrak,-9,-20,11,NNE,0.3,97,69,1029
2013-01-17,Afghanistan,Shahrak,-9,-27,5,ESE,0.0,94,37,1029
2013-01-18,Afghanistan,Shahrak,-5,-26,7,SSW,0.0,60,14,1024
2013-01-19,Afghanistan,Shahrak,-4,-21,7,SSW,0.0,68,6,1026
2013-01-20,Afghanistan,Shahrak,-3,-20,7,S,0.0,64,6,1025
2013-01-21,Afghanistan,Shahrak,-2,-14,11,SSE,0.0,67,25,1022
2013-01-22,Afghanistan,Shahrak,-2,-19,9,SSW,0.2,78,38,1023
2013-01-23,Afghanistan,Shahrak,-2,-21,6,SSE,0.0,75,3,1024
2013-01-24,Afghanistan,Shahrak,-1,-16,9,S,0.0,63,8,1023
2013-01-25,Afghanistan,Shahrak,-1,-15,8,S,0.0,81,8,1024
2013-01-26,Afghanistan,Shahrak,0,-13,8,SSE,0.0,75,26,1023
2013-01-27,Afghanistan,Shahrak,-1,-10,5,S,0.7,91,46,1023
2013-01-28,Afghanistan,Shahrak,1,-14,7,SSE,0.0,67,15,1022
2013-01-29,Afghanistan,Shahrak,2,-13,8,SSE,0.1,61,39,1018
2013-01-30,Afghanistan,Shahrak,1,-8,14,SSE,1.6,95,66,1014
2013-01-31,Afghanistan,Shahrak,1,-12,9,SSE,0.0,95,58,1018
2013-02-01,Afghanistan,Shahrak,0,-2,15,SSE,6.7,96,93,1014
2013-02-02,Afghanistan,Shahrak,-1,-8,11,S,5.5,95,55,1015
2013-02-03,Afghanistan,Shahrak,-1,-9,11,WSW,11.9,96,69,1012
2013-02-04,Afghanistan,Shahrak,-6,-13,12,WSW,3.3,93,78,1022
2013-02-05,Afghanistan,Shahrak,-7,-19,11,SSE,0.3,92,51,1026
2013-02-06,Afghanistan,Shahrak,-1,-20,6,SSE,0.0,68,5,1027
2013-02-07,Afghanistan,Shahrak,0,-16,4,ESE,0.0,58,2,1023
2013-02-08,Afghanistan,Shahrak,1,-14,5,SW,0.0,62,28,1020
2013-02-09,Afghanistan,Shahrak,-1,-18,3,SSW,0.0,78,3,1020
2013-02-10,Afghanistan,Shahrak,0,-16,5,ESE,0.0,88,8,1022
2013-02-11,Afghanistan,Shahrak,-2,-18,6,SSE,0.0,80,19,1021
2013-02-12,Afghanistan,Shahrak,-2,-14,9,SSE,0.0,85,14,1019
2013-02-13,Afghanistan,Shahrak,-1,-11,7,SSE,4.6,93,53,1017
2013-02-14,Afghanistan,Shahrak,-2,-9,6,ESE,3.3,98,90,1018
2013-02-15,Afghanistan,Shahrak,-4,-12,10,ENE,0.5,96,79,1019
2013-02-16,Afghanistan,Shahrak,-1,-14,5,SE,0.0,67,36,1016
2013-02-17,Afghanistan,Shahrak,3,-7,10,SSW,0.2,51,5,1012
2013-02-18,Afghanistan,Shahrak,2,-7,8,S,0.0,71,10,1014
2013-02-19,Afghanistan,Shahrak,0,-12,6,S,0.1,84,9,1016
2013-02-20,Afghanistan,Shahrak,1,-11,8,SSE,0.0,75,6,1017
2013-02-21,Afghanistan,Shahrak,0,-7,4,WSW,1.3,89,40,1015
2013-02-22,Afghanistan,Shahrak,-2,-11,6,SW,0.1,82,35,1020
2013-02-23,Afghanistan,Shahrak,0,-15,7,SE,0.0,73,13,1023
2013-02-24,Afghanistan,Shahrak,2,-8,8,SE,0.0,71,56,1020
2013-02-25,Afghanistan,Shahrak,2,-8,8,SE,0.0,71,56,1020
2013-02-26,Afghanistan,Shahrak,-2,-8,10,S,1.7,96,91,1020
2013-02-27,Afghanistan,Shahrak,-5,-14,7,WSW,0.2,81,37,1022
2013-02-28,Afghanistan,Shahrak,-1,-13,9,S,0.0,70,5,1024
2013-03-01,Afghanistan,Shahrak,1,-10,9,SSE,0.0,74,16,1023
2013-03-02,Afghanistan,Shahrak,2,-8,10,SSE,0.0,74,20,1023
2013-03-03,Afghanistan,Shahrak,2,-7,8,S,0.0,76,34,1021
2013-03-04,Afghanistan,Shahrak,3,-11,4,SSE,0.0,77,53,1023
2013-03-05,Afghanistan,Shahrak,2,-8,9,SSE,0.0,63,35,1021
2013-03-06,Afghanistan,Shahrak,3,-5,12,SSE,0.0,70,8,1020
2013-03-07,Afghanistan,Shahrak,5,-1,17,SSE,0.0,71,18,1018
2013-03-08,Afghanistan,Shahrak,2,-4,21,SSW,3.6,79,24,1016
2013-03-09,Afghanistan,Shahrak,0,-15,5,SSW,0.0,62,2,1021
2013-03-10,Afghanistan,Shahrak,7,-10,8,S,0.0,30,20,1016
2013-03-11,Afghanistan,Shahrak,8,1,14,S,1.3,48,32,1013
2013-03-12,Afghanistan,Shahrak,6,0,16,S,0.6,56,18,1014
2013-03-13,Afghanistan,Shahrak,5,-2,10,WSW,0.0,52,4,1017
2013-03-14,Afghanistan,Shahrak,8,-1,7,W,0.0,49,7,1018
2013-03-15,Afghanistan,Shahrak,6,-1,4,WNW,1.7,65,11,1021
2013-03-16,Afghanistan,Shahrak,8,0,15,W,1.0,57,6,1019
2013-03-17,Afghanistan,Shahrak,10,1,16,SW,0.0,50,11,1015
2013-03-18,Afghanistan,Shahrak,14,4,14,SSW,0.5,39,44,1012
2013-03-19,Afghanistan,Shahrak,11,5,16,S,2.7,43,23,1011
2013-03-20,Afghanistan,Shahrak,9,4,19,SSW,3.4,48,13,1014
2013-03-21,Afghanistan,Shahrak,11,1,11,SSW,0.2,30,40,1015
2013-03-22,Afghanistan,Shahrak,5,2,8,S,24.4,72,78,1010
2013-03-23,Afghanistan,Shahrak,2,0,7,SW,18.4,87,72,1010
2013-03-24,Afghanistan,Shahrak,7,-1,12,SSW,0.0,57,20,1014
2013-03-25,Afghanistan,Shahrak,10,1,10,S,0.0,49,7,1016
2013-03-26,Afghanistan,Shahrak,10,3,6,S,7.1,54,32,1014
2013-03-27,Afghanistan,Shahrak,7,3,6,ESE,6.8,66,29,1012
2013-03-28,Afghanistan,Shahrak,10,3,9,SSW,7.3,60,16,1013
2013-03-29,Afghanistan,Shahrak,11,3,8,W,0.0,43,3,1016
2013-03-30,Afghanistan,Shahrak,12,5,6,WSW,0.2,33,19,1016
2013-03-31,Afghanistan,Shahrak,9,3,10,WSW,0.7,59,23,1018
2013-04-01,Afghanistan,Shahrak,7,-1,12,E,0.0,49,11,1019
2013-04-02,Afghanistan,Shahrak,9,0,9,SSW,0.0,36,5,1016
2013-04-03,Afghanistan,Shahrak,8,1,9,SW,0.0,27,1,1016
2013-04-04,Afghanistan,Shahrak,9,1,14,SW,0.0,19,8,1016
2013-04-05,Afghanistan,Shahrak,11,4,13,WSW,0.3,31,33,1014
2013-04-06,Afghanistan,Shahrak,11,6,8,WSW,1.5,36,30,1012
2013-04-07,Afghanistan,Shahrak,12,6,7,SSE,1.7,46,38,1011
2013-04-08,Afghanistan,Shahrak,10,7,9,S,13.1,66,48,1011
2013-04-09,Afghanistan,Shahrak,13,6,8,SSW,1.9,57,20,1011
2013-04-10,Afghanistan,Shahrak,13,6,9,SW,9.1,58,12,1013
2013-04-11,Afghanistan,Shahrak,15,7,8,SW,6.6,57,13,1014
2013-04-12,Afghanistan,Shahrak,12,7,12,WNW,4.2,52,8,1016
2013-04-13,Afghanistan,Shahrak,14,6,10,S,0.0,40,2,1018
2013-04-14,Afghanistan,Shahrak,14,8,10,SSW,1.7,42,20,1017
2013-04-15,Afghanistan,Shahrak,12,6,13,W,3.7,53,18,1015
2013-04-16,Afghanistan,Shahrak,12,2,9,WSW,0.0,43,6,1016
2013-04-17,Afghanistan,Shahrak,15,4,10,SSW,0.0,36,2,1012
2013-04-18,Afghanistan,Shahrak,15,7,7,SW,0.0,34,23,1011
2013-04-19,Afghanistan,Shahrak,14,8,13,W,3.0,42,27,1011
2013-04-20,Afghanistan,Shahrak,15,8,7,S,1.0,37,12,1010
2013-04-21,Afghanistan,Shahrak,16,9,18,SSW,1.3,32,19,1007
2013-04-22,Afghanistan,Shahrak,16,9,28,S,1.8,38,9,1007
2013-04-23,Afghanistan,Shahrak,15,9,27,S,1.5,36,3,1009
2013-04-24,Afghanistan,Shahrak,14,6,15,SSW,2.9,28,23,1012
2013-04-25,Afghanistan,Shahrak,13,6,14,SW,1.5,29,33,1014
2013-04-26,Afghanistan,Shahrak,12,6,10,W,0.8,34,24,1015
2013-04-27,Afghanistan,Shahrak,12,6,13,WSW,0.4,29,17,1016
2013-04-28,Afghanistan,Shahrak,10,3,15,SSW,1.1,45,12,1017
2013-04-29,Afghanistan,Shahrak,4,-3,15,NNW,0.0,44,7,1019
2013-04-30,Afghanistan,Shahrak,9,0,11,WNW,0.0,40,2,1019
2013-05-01,Afghanistan,Shahrak,12,3,12,E,0.0,34,3,1018
2013-05-02,Afghanistan,Shahrak,15,4,10,S,0.0,30,9,1013
2013-05-03,Afghanistan,Shahrak,14,7,14,NW,0.0,42,24,1011
2013-05-04,Afghanistan,Shahrak,13,5,18,E,0.0,39,5,1011
2013-05-05,Afghanistan,Shahrak,15,6,15,E,0.0,37,4,1012
2013-05-06,Afghanistan,Shahrak,16,7,8,S,0.6,32,12,1012
2013-05-07,Afghanistan,Shahrak,16,9,9,WSW,1.9,28,20,1011
2013-05-08,Afghanistan,Shahrak,16,9,9,WSW,3.2,32,15,1013
2013-05-09,Afghanistan,Shahrak,17,10,12,NNE,0.0,26,14,1013
2013-05-10,Afghanistan,Shahrak,15,10,11,SE,1.0,34,16,1011
2013-05-11,Afghanistan,Shahrak,16,7,15,S,0.0,30,1,1011
2013-05-12,Afghanistan,Shahrak,16,8,13,WSW,0.0,29,1,1011
2013-05-13,Afghanistan,Shahrak,17,9,9,NW,2.0,34,18,1012
2013-05-14,Afghanistan,Shahrak,18,11,13,W,3.8,34,9,1010
2013-05-15,Afghanistan,Shahrak,19,11,12,W,0.2,27,11,1010
2013-05-16,Afghanistan,Shahrak,21,13,14,WSW,0.0,21,1,1011
2013-05-17,Afghanistan,Shahrak,23,12,8,SSW,0.0,17,1,1010
2013-05-18,Afghanistan,Shahrak,24,15,25,SSW,0.0,19,5,1007
2013-05-19,Afghanistan,Shahrak,19,11,12,WNW,0.3,32,2,1009
2013-05-20,Afghanistan,Shahrak,22,11,10,WSW,0.0,17,5,1010
2013-05-21,Afghanistan,Shahrak,22,13,11,SSW,0.0,26,6,1012
2013-05-22,Afghanistan,Shahrak,23,14,11,SSW,0.0,28,5,1011
2013-05-23,Afghanistan,Shahrak,23,14,9,SW,0.2,25,11,1010
2013-05-24,Afghanistan,Shahrak,23,13,10,S,3.8,36,14,1009
2013-05-25,Afghanistan,Shahrak,17,9,15,SSW,3.2,47,8,1010
2013-05-26,Afghanistan,Shahrak,15,7,16,S,0.0,30,2,1013
2013-05-27,Afghanistan,Shahrak,17,8,12,W,0.0,22,0,1013
2013-05-28,Afghanistan,Shahrak,19,9,10,SW,0.0,15,0,1013
2013-05-29,Afghanistan,Shahrak,22,11,11,SSE,0.0,11,0,1011
2013-05-30,Afghanistan,Shahrak,24,12,10,SW,0.0,11,2,1008
2013-05-31,Afghanistan,Shahrak,25,15,7,SSW,0.0,16,5,1007
2013-06-01,Afghanistan,Shahrak,25,16,10,SSE,0.0,20,12,1007
2013-06-02,Afghanistan,Shahrak,23,16,11,SSW,1.0,24,19,1006
2013-06-03,Afghanistan,Shahrak,23,15,13,S,0.3,29,20,1007
2013-06-04,Afghanistan,Shahrak,23,16,14,WSW,0.5,28,21,1010
2013-06-05,Afghanistan,Shahrak,22,15,14,SSW,0.0,26,17,1013
2013-06-06,Afghanistan,Shahrak,23,14,24,NNE,0.0,24,0,1013
2013-06-07,Afghanistan,Shahrak,26,13,15,NNE,0.0,18,0,1009
2013-06-08,Afghanistan,Shahrak,28,15,11,SW,0.0,10,0,1005
2013-06-09,Afghanistan,Shahrak,27,16,14,S,0.0,17,0,1006
2013-06-10,Afghanistan,Shahrak,26,16,15,SE,0.0,29,1,1005
2013-06-11,Afghanistan,Shahrak,27,16,14,S,0.0,24,5,1004
2013-06-12,Afghanistan,Shahrak,28,17,10,S,0.0,18,5,1002
2013-06-13,Afghanistan,Shahrak,27,18,13,SW,0.0,18,6,1004
2013-06-14,Afghanistan,Shahrak,22,14,20,SE,0.0,19,0,1006
2013-06-15,Afghanistan,Shahrak,21,11,20,NE,0.0,17,0,1006
2013-06-16,Afghanistan,Shahrak,19,11,25,E,0.0,20,0,1007
2013-06-17,Afghanistan,Shahrak,19,10,23,NNE,0.0,23,1,1006
2013-06-18,Afghanistan,Shahrak,24,10,9,SSE,0.0,11,0,1003
2013-06-19,Afghanistan,Shahrak,26,14,8,WSW,0.0,12,0,1004
2013-06-20,Afghanistan,Shahrak,26,16,9,WSW,0.0,13,1,1006
2013-06-21,Afghanistan,Shahrak,27,17,12,SW,0.0,12,1,1006
2013-06-22,Afghanistan,Shahrak,26,17,17,S,0.0,13,1,1006
2013-06-23,Afghanistan,Shahrak,25,16,20,N,0.0,22,0,1007
2013-06-24,Afghanistan,Shahrak,26,16,17,ENE,0.0,24,0,1005
2013-06-25,Afghanistan,Shahrak,28,17,11,S,0.0,20,1,1004
2013-06-26,Afghanistan,Shahrak,28,18,12,SW,0.0,18,3,1004
2013-06-27,Afghanistan,Shahrak,23,18,13,WSW,0.2,26,19,1005
2013-06-28,Afghanistan,Shahrak,22,14,15,WNW,0.1,36,17,1005
2013-06-29,Afghanistan,Shahrak,19,13,10,SSW,1.2,43,16,1005
2013-06-30,Afghanistan,Shahrak,21,13,13,WSW,0.0,33,5,1006
2013-07-01,Afghanistan,Shahrak,21,13,17,W,0.0,29,4,1004
2013-07-02,Afghanistan,Shahrak,22,13,11,WSW,0.0,23,0,1003
2013-07-03,Afghanistan,Shahrak,25,14,9,SW,0.0,15,0,1005
2013-07-04,Afghanistan,Shahrak,27,16,12,S,0.0,14,0,1005
2013-07-05,Afghanistan,Shahrak,26,17,14,W,0.0,21,0,1006
2013-07-06,Afghanistan,Shahrak,23,15,16,SE,0.0,25,0,1008
2013-07-07,Afghanistan,Shahrak,23,13,16,S,0.0,18,0,1009
2013-07-08,Afghanistan,Shahrak,22,11,16,S,0.0,17,0,1008
2013-07-09,Afghanistan,Shahrak,20,12,20,NE,0.0,22,0,1006
2013-07-10,Afghanistan,Shahrak,21,11,21,N,0.0,26,0,1004
2013-07-11,Afghanistan,Shahrak,22,12,15,SE,0.0,24,0,1005
2013-07-12,Afghanistan,Shahrak,25,13,10,S,0.0,20,0,1006
2013-07-13,Afghanistan,Shahrak,27,16,13,SW,0.0,18,0,1006
2013-07-14,Afghanistan,Shahrak,26,17,14,SW,0.0,25,3,1006
2013-07-15,Afghanistan,Shahrak,24,15,16,NE,0.0,34,2,1006
2013-07-16,Afghanistan,Shahrak,24,15,16,SE,0.0,26,1,1006
2013-07-17,Afghanistan,Shahrak,25,14,16,NE,0.0,19,0,1007
2013-07-18,Afghanistan,Shahrak,26,15,16,E,0.0,19,0,1005
2013-07-19,Afghanistan,Shahrak,26,15,21,NNE,0.0,17,0,1003
2013-07-20,Afghanistan,Shahrak,26,16,20,NNE,0.0,20,0,1003
2013-07-21,Afghanistan,Shahrak,26,17,19,NNE,0.0,25,0,1004
2013-07-22,Afghanistan,Shahrak,26,16,14,SE,0.0,20,0,1003
2013-07-23,Afghanistan,Shahrak,26,16,19,E,0.0,16,0,1006
2013-07-24,Afghanistan,Shahrak,25,15,18,NE,0.0,19,0,1006
2013-07-25,Afghanistan,Shahrak,25,14,23,NNE,0.0,18,0,1004
2013-07-26,Afghanistan,Shahrak,26,14,17,NNE,0.0,19,0,1002
2013-07-27,Afghanistan,Shahrak,28,16,15,NNE,0.0,16,0,1003
2013-07-28,Afghanistan,Shahrak,29,18,13,E,0.0,17,0,1003
2013-07-29,Afghanistan,Shahrak,30,19,11,S,0.0,21,1,1002
2013-07-30,Afghanistan,Shahrak,29,20,12,SE,0.0,19,6,1001
2013-07-31,Afghanistan,Shahrak,28,19,18,NE,0.0,20,12,1001
2013-08-01,Afghanistan,Shahrak,28,18,17,ESE,0.0,26,10,1002
2013-08-02,Afghanistan,Shahrak,28,18,16,SE,0.0,23,3,1003
2013-08-03,Afghanistan,Shahrak,27,17,14,S,0.0,24,1,1005
2013-08-04,Afghanistan,Shahrak,27,17,13,S,0.0,22,1,1006
2013-08-05,Afghanistan,Shahrak,28,17,13,NNE,0.0,19,0,1005
2013-08-06,Afghanistan,Shahrak,28,18,15,ENE,0.0,19,0,1005
2013-08-07,Afghanistan,Shahrak,27,17,13,S,0.0,26,6,1006
2013-08-08,Afghanistan,Shahrak,25,16,13,SW,0.0,27,0,1006
2013-08-09,Afghanistan,Shahrak,25,15,14,SE,0.0,20,0,1005
2013-08-10,Afghanistan,Shahrak,26,16,11,SE,0.0,24,13,1004
2013-08-11,Afghanistan,Shahrak,26,18,9,SSW,0.0,31,30,1005
2013-08-12,Afghanistan,Shahrak,25,16,14,WNW,0.0,29,3,1007
2013-08-13,Afghanistan,Shahrak,19,12,23,N,0.0,37,3,1008
2013-08-14,Afghanistan,Shahrak,20,10,18,NE,0.0,33,2,1008
2013-08-15,Afghanistan,Shahrak,22,11,14,S,0.0,30,3,1008
2013-08-16,Afghanistan,Shahrak,22,12,13,SE,0.0,24,12,1007
2013-08-17,Afghanistan,Shahrak,21,13,15,SE,0.3,30,27,1007
2013-08-18,Afghanistan,Shahrak,19,12,14,NE,1.7,33,20,1007
2013-08-19,Afghanistan,Shahrak,22,13,13,S,0.0,26,3,1008
2013-08-20,Afghanistan,Shahrak,22,12,16,SSE,0.0,21,0,1008
2013-08-21,Afghanistan,Shahrak,21,12,19,NE,0.0,16,0,1009
2013-08-22,Afghanistan,Shahrak,22,12,17,NNE,0.0,20,0,1010
2013-08-23,Afghanistan,Shahrak,22,13,16,NNE,0.0,26,0,1011
2013-08-24,Afghanistan,Shahrak,23,13,14,SE,0.0,29,0,1010
2013-08-25,Afghanistan,Shahrak,23,13,11,S,0.0,25,0,1009
2013-08-26,Afghanistan,Shahrak,24,14,13,S,0.0,23,0,1007
2013-08-27,Afghanistan,Shahrak,24,13,14,E,0.0,23,0,1007
2013-08-28,Afghanistan,Shahrak,24,13,15,ESE,0.0,18,0,1009
2013-08-29,Afghanistan,Shahrak,22,14,17,NE,0.0,28,3,1011
2013-08-30,Afghanistan,Shahrak,21,11,13,SE,0.0,34,10,1011
2013-08-31,Afghanistan,Shahrak,22,12,9,SSW,0.0,22,1,1010
2013-09-01,Afghanistan,Shahrak,22,12,10,SSW,0.0,16,0,1010
2013-09-02,Afghanistan,Shahrak,21,12,11,SW,0.0,15,0,1012
2013-09-03,Afghanistan,Shahrak,20,10,14,E,0.0,19,0,1012
2013-09-04,Afghanistan,Shahrak,21,10,13,ESE,0.0,12,0,1011
2013-09-05,Afghanistan,Shahrak,24,11,11,ENE,0.0,8,0,1009
2013-09-06,Afghanistan,Shahrak,24,11,11,S,0.0,7,0,1009
2013-09-07,Afghanistan,Shahrak,24,12,11,SE,0.0,12,0,1011
2013-09-08,Afghanistan,Shahrak,24,12,9,S,0.0,12,0,1011
2013-09-09,Afghanistan,Shahrak,23,12,8,S,0.0,14,0,1012
2013-09-10,Afghanistan,Shahrak,23,13,11,ENE,0.0,14,0,1011
2013-09-11,Afghanistan,Shahrak,21,12,12,E,0.0,19,0,1012
2013-09-12,Afghanistan,Shahrak,21,12,9,S,0.0,34,2,1013
2013-09-13,Afghanistan,Shahrak,21,12,10,S,0.0,32,2,1015
2013-09-14,Afghanistan,Shahrak,20,12,13,S,0.0,25,0,1014
2013-09-15,Afghanistan,Shahrak,17,10,14,S,0.0,37,2,1012
2013-09-16,Afghanistan,Shahrak,19,8,9,SE,0.0,34,3,1010
2013-09-17,Afghanistan,Shahrak,20,10,8,SSW,0.0,18,0,1010
2013-09-18,Afghanistan,Shahrak,21,10,7,S,0.0,12,0,1010
2013-09-19,Afghanistan,Shahrak,22,11,8,SSW,0.0,10,0,1011
2013-09-20,Afghanistan,Shahrak,22,11,13,SW,0.0,11,0,1011
2013-09-21,Afghanistan,Shahrak,21,11,7,S,0.0,10,0,1011
2013-09-22,Afghanistan,Shahrak,21,11,8,S,0.0,14,0,1010
2013-09-23,Afghanistan,Shahrak,21,11,8,S,0.0,15,0,1009
2013-09-24,Afghanistan,Shahrak,22,11,6,SSE,0.0,13,0,1010
2013-09-25,Afghanistan,Shahrak,23,12,6,SSW,0.0,13,0,1010
2013-09-26,Afghanistan,Shahrak,23,13,6,WSW,0.0,16,0,1011
2013-09-27,Afghanistan,Shahrak,21,12,11,SE,0.0,34,1,1013
2013-09-28,Afghanistan,Shahrak,21,11,7,SSW,0.0,29,0,1011
2013-09-29,Afghanistan,Shahrak,20,11,8,WSW,0.0,24,0,1010
2013-09-30,Afghanistan,Shahrak,20,9,9,S,0.0,25,0,1011
2013-10-01,Afghanistan,Shahrak,19,10,8,SE,0.0,17,0,1014
2013-10-02,Afghanistan,Shahrak,20,9,9,SSE,0.0,13,0,1016
2013-10-03,Afghanistan,Shahrak,21,9,9,WSW,0.0,14,0,1015
2013-10-04,Afghanistan,Shahrak,23,11,7,S,0.0,16,0,1013
2013-10-05,Afghanistan,Shahrak,22,11,8,ESE,0.0,17,0,1012
2013-10-06,Afghanistan,Shahrak,22,11,6,SSE,0.0,16,0,1012
2013-10-07,Afghanistan,Shahrak,22,8,5,S,0.0,14,0,1014
2013-10-08,Afghanistan,Shahrak,21,9,7,S,0.0,19,0,1016
2013-10-09,Afghanistan,Shahrak,19,10,9,SE,0.0,24,0,1018
2013-10-10,Afghanistan,Shahrak,18,8,10,S,0.0,25,1,1020
2013-10-11,Afghanistan,Shahrak,18,8,9,SE,0.0,22,1,1019
2013-10-12,Afghanistan,Shahrak,17,8,9,S,0.7,25,14,1016
2013-10-13,Afghanistan,Shahrak,16,7,10,WSW,0.1,36,2,1015
2013-10-14,Afghanistan,Shahrak,17,7,5,WSW,0.0,32,2,1016
2013-10-15,Afghanistan,Shahrak,15,7,7,S,0.4,31,19,1017
2013-10-16,Afghanistan,Shahrak,13,5,8,WSW,0.0,26,0,1018
2013-10-17,Afghanistan,Shahrak,12,2,6,WSW,0.0,23,0,1020
2013-10-18,Afghanistan,Shahrak,14,2,5,SSW,0.0,13,0,1020
2013-10-19,Afghanistan,Shahrak,15,3,8,W,0.0,14,0,1019
2013-10-20,Afghanistan,Shahrak,17,3,6,NW,0.0,17,0,1018
2013-10-21,Afghanistan,Shahrak,16,5,7,S,0.0,18,0,1017
2013-10-22,Afghanistan,Shahrak,16,4,10,SSE,0.0,35,7,1016
2013-10-23,Afghanistan,Shahrak,12,2,7,WSW,0.0,31,2,1019
2013-10-24,Afghanistan,Shahrak,12,0,7,WSW,0.0,17,0,1021
2013-10-25,Afghanistan,Shahrak,12,0,8,S,0.0,32,8,1020
2013-10-26,Afghanistan,Shahrak,9,1,10,WSW,0.0,37,1,1019
2013-10-27,Afghanistan,Shahrak,10,-2,6,SW,0.0,22,7,1019
2013-10-28,Afghanistan,Shahrak,11,4,9,SW,0.1,23,47,1016
2013-10-29,Afghanistan,Shahrak,9,4,14,SSW,5.1,43,37,1016
2013-10-30,Afghanistan,Shahrak,5,-1,8,WNW,0.1,60,12,1020
2013-10-31,Afghanistan,Shahrak,6,-1,7,WSW,0.0,55,10,1022
2013-11-01,Afghanistan,Shahrak,7,-3,6,SSW,0.0,35,9,1022
2013-11-02,Afghanistan,Shahrak,8,-2,7,S,0.0,18,23,1022
2013-11-03,Afghanistan,Shahrak,9,1,8,S,1.0,33,28,1020
2013-11-04,Afghanistan,Shahrak,8,4,12,SSW,2.5,54,41,1020
2013-11-05,Afghanistan,Shahrak,7,1,8,W,3.6,68,21,1020
2013-11-06,Afghanistan,Shahrak,6,0,8,S,2.6,69,25,1020
2013-11-07,Afghanistan,Shahrak,5,-2,6,SSW,0.0,70,15,1020
2013-11-08,Afghanistan,Shahrak,5,-3,4,SW,0.0,53,6,1020
2013-11-09,Afghanistan,Shahrak,7,-3,5,S,0.0,30,4,1021
2013-11-10,Afghanistan,Shahrak,8,-2,8,S,0.0,19,10,1023
2013-11-11,Afghanistan,Shahrak,8,-1,9,NNE,0.0,34,12,1021
2013-11-12,Afghanistan,Shahrak,8,-2,6,SSW,0.0,27,18,1019
2013-11-13,Afghanistan,Shahrak,8,-2,5,S,0.0,23,5,1017
2013-11-14,Afghanistan,Shahrak,9,0,7,SSW,0.0,36,13,1016
2013-11-15,Afghanistan,Shahrak,9,1,14,SSE,0.1,41,31,1017
2013-11-16,Afghanistan,Shahrak,6,2,10,SSW,4.9,58,27,1020
2013-11-17,Afghanistan,Shahrak,6,-1,8,S,0.0,55,5,1022
2013-11-18,Afghanistan,Shahrak,7,-1,7,SSW,0.6,57,28,1023
2013-11-19,Afghanistan,Shahrak,7,1,6,WNW,0.8,64,15,1024
2013-11-20,Afghanistan,Shahrak,3,-1,12,NNE,0.1,75,27,1024
2013-11-21,Afghanistan,Shahrak,9,-3,7,ESE,0.0,42,18,1017
2013-11-22,Afghanistan,Shahrak,8,4,17,SSE,1.5,45,57,1015
2013-11-23,Afghanistan,Shahrak,6,2,20,SSE,2.9,66,35,1016
2013-11-24,Afghanistan,Shahrak,4,-1,12,S,0.0,69,29,1019
2013-11-25,Afghanistan,Shahrak,4,-2,8,SSW,0.0,65,12,1020
2013-11-26,Afghanistan,Shahrak,4,-3,5,SSW,0.0,53,4,1020
2013-11-27,Afghanistan,Shahrak,4,-3,7,SW,0.0,47,3,1020
2013-11-28,Afghanistan,Shahrak,5,-4,8,S,0.0,46,2,1023
2013-11-29,Afghanistan,Shahrak,8,-3,6,SW,0.0,44,6,1024
2013-11-30,Afghanistan,Shahrak,9,-1,6,SSW,0.0,48,3,1022
2013-12-01,Afghanistan,Shahrak,5,-1,9,WSW,4.8,67,45,1023
2013-12-02,Afghanistan,Shahrak,3,-5,5,SE,0.0,51,28,1022
2013-12-03,Afghanistan,Shahrak,7,-2,10,S,0.0,19,24,1018
2013-12-04,Afghanistan,Shahrak,8,-2,12,SSE,0.3,31,33,1018
2013-12-05,Afghanistan,Shahrak,5,-1,8,S,0.3,40,39,1020
2013-12-06,Afghanistan,Shahrak,4,-1,11,SSE,2.3,66,27,1016
2013-12-07,Afghanistan,Shahrak,3,-1,7,SW,8.9,69,32,1015
2013-12-08,Afghanistan,Shahrak,4,-4,9,S,0.0,57,9,1017
2013-12-09,Afghanistan,Shahrak,4,-6,8,S,0.2,55,45,1016
2013-12-10,Afghanistan,Shahrak,3,-3,14,S,2.2,68,24,1012
2013-12-11,Afghanistan,Shahrak,3,-4,11,S,0.0,55,9,1017
2013-12-12,Afghanistan,Shahrak,0,-10,7,SSE,0.0,76,7,1021
2013-12-13,Afghanistan,Shahrak,2,-9,5,SSE,0.0,63,20,1022
2013-12-14,Afghanistan,Shahrak,3,-6,6,S,0.0,57,2,1018
2013-12-15,Afghanistan,Shahrak,8,-2,11,S,0.0,41,1,1015
2013-12-16,Afghanistan,Shahrak,2,-4,10,S,2.5,60,29,1020
2013-12-17,Afghanistan,Shahrak,0,-8,7,ESE,0.0,80,29,1024
2013-12-18,Afghanistan,Shahrak,-2,-10,8,ESE,0.0,70,11,1027
2013-12-19,Afghanistan,Shahrak,1,-11,6,ESE,0.0,34,2,1023
2013-12-20,Afghanistan,Shahrak,1,-6,9,WSW,0.0,19,23,1020
2013-12-21,Afghanistan,Shahrak,-5,-10,10,NW,0.0,68,27,1026
2013-12-22,Afghanistan,Shahrak,-6,-13,6,ENE,0.0,64,9,1027
2013-12-23,Afghanistan,Shahrak,-4,-13,5,SE,0.0,47,2,1030
2013-12-24,Afghanistan,Shahrak,-6,-15,6,ESE,0.0,50,3,1033
2013-12-25,Afghanistan,Shahrak,-2,-13,7,ESE,0.0,29,0,1030
2013-12-26,Afghanistan,Shahrak,-2,-10,6,S,0.0,32,6,1027
2013-12-27,Afghanistan,Shahrak,-5,-11,9,WNW,0.1,54,22,1026
2013-12-28,Afghanistan,Shahrak,-9,-13,8,NW,0.4,53,27,1030
2013-12-29,Afghanistan,Shahrak,-14,-19,11,SSW,0.0,56,7,1033
2013-12-30,Afghanistan,Shahrak,-9,-18,7,SSW,0.0,48,4,1032
2013-12-31,Afghanistan,Shahrak,-4,-15,4,WSW,0.0,29,0,1028
2014-01-01,Afghanistan,Shahrak,0,-12,4,S,0.0,17,17,1025
2014-01-02,Afghanistan,Shahrak,0,-5,8,S,0.1,26,34,1022
2014-01-03,Afghanistan,Shahrak,-2,-10,8,SSW,0.0,49,20,1023
2014-01-04,Afghanistan,Shahrak,-2,-14,5,WNW,0.0,59,6,1024
2014-01-05,Afghanistan,Shahrak,-4,-11,6,S,0.0,63,11,1025
2014-01-06,Afghanistan,Shahrak,-2,-12,3,ESE,0.0,26,32,1023
2014-01-07,Afghanistan,Shahrak,-4,-7,7,SE,3.4,62,70,1019
2014-01-08,Afghanistan,Shahrak,-5,-7,7,W,6.7,86,63,1020
2014-01-09,Afghanistan,Shahrak,-7,-23,5,SSW,0.0,89,56,1028
2014-01-10,Afghanistan,Shahrak,-6,-22,7,ENE,0.0,78,22,1030
2014-01-11,Afghanistan,Shahrak,-1,-20,6,SE,0.0,46,16,1024
2014-01-12,Afghanistan,Shahrak,-2,-12,11,SSE,0.1,62,38,1022
2014-01-13,Afghanistan,Shahrak,-2,-14,7,S,1.0,95,52,1024
2014-01-14,Afghanistan,Shahrak,-4,-18,10,SSE,0.0,89,31,1025
2014-01-15,Afghanistan,Shahrak,-2,-19,3,SSE,0.0,77,7,1026
2014-01-16,Afghanistan,Shahrak,-2,-12,8,NE,0.0,74,45,1025
2014-01-17,Afghanistan,Shahrak,-2,-16,7,SE,0.0,81,12,1024
2014-01-18,Afghanistan,Shahrak,-2,-17,7,SSE,0.0,86,8,1023
2014-01-19,Afghanistan,Shahrak,-1,-11,12,SE,0.0,73,15,1025
2014-01-20,Afghanistan,Shahrak,-1,-10,9,SSE,0.2,86,44,1022
2014-01-21,Afghanistan,Shahrak,-2,-12,7,SSE,0.7,95,62,1022
2014-01-22,Afghanistan,Shahrak,-3,-15,6,S,0.0,96,37,1023
2014-01-23,Afghanistan,Shahrak,-2,-12,11,SSE,0.0,95,50,1023
2014-01-24,Afghanistan,Shahrak,-2,-9,11,SSE,1.1,94,65,1020
2014-01-25,Afghanistan,Shahrak,-1,-11,9,SSE,0.1,97,49,1021
2014-01-26,Afghanistan,Shahrak,0,-13,8,S,0.0,93,29,1023
2014-01-27,Afghanistan,Shahrak,0,-12,7,SSE,0.0,87,23,1024
2014-01-28,Afghanistan,Shahrak,0,-13,8,SSE,0.0,77,5,1021
2014-01-29,Afghanistan,Shahrak,0,-10,10,SSE,0.0,67,20,1019
2014-01-30,Afghanistan,Shahrak,4,-9,7,S,0.0,68,5,1019
2014-01-31,Afghanistan,Shahrak,3,-5,9,S,0.2,66,19,1018
2014-02-01,Afghanistan,Shahrak,1,-3,8,SSE,5.5,86,60,1018
2014-02-02,Afghanistan,Shahrak,-2,-7,9,S,12.0,94,83,1019
2014-02-03,Afghanistan,Shahrak,-6,-11,12,SSW,2.6,69,35,1023
2014-02-04,Afghanistan,Shahrak,-6,-13,8,SSW,3.3,82,66,1022
2014-02-05,Afghanistan,Shahrak,-7,-13,10,S,2.0,92,73,1019
2014-02-06,Afghanistan,Shahrak,-6,-12,7,SSW,8.4,95,83,1016
2014-02-07,Afghanistan,Shahrak,-8,-25,4,S,0.1,85,37,1026
2014-02-08,Afghanistan,Shahrak,-5,-22,7,NE,0.0,69,2,1026
2014-02-09,Afghanistan,Shahrak,-3,-18,5,ESE,0.0,66,2,1021
2014-02-10,Afghanistan,Shahrak,-6,-23,4,E,0.0,80,3,1021
2014-02-11,Afghanistan,Shahrak,-5,-23,4,SSE,0.0,74,4,1020
2014-02-12,Afghanistan,Shahrak,-4,-21,6,ENE,0.0,76,21,1020
2014-02-13,Afghanistan,Shahrak,-5,-18,7,E,0.0,84,17,1021
2014-02-14,Afghanistan,Shahrak,-6,-19,9,ENE,0.0,96,63,1023
2014-02-15,Afghanistan,Shahrak,-5,-20,7,NNE,0.0,83,7,1024
2014-02-16,Afghanistan,Shahrak,0,-18,6,SE,0.0,52,0,1020
2014-02-17,Afghanistan,Shahrak,0,-14,9,SSE,0.0,48,2,1020
2014-02-18,Afghanistan,Shahrak,-2,-12,9,SSE,7.1,72,62,1020
2014-02-19,Afghanistan,Shahrak,-3,-15,5,S,0.9,97,72,1019
2014-02-20,Afghanistan,Shahrak,-3,-17,6,NE,0.0,97,61,1022
2014-02-21,Afghanistan,Shahrak,-2,-19,6,SSE,0.0,89,26,1022
2014-02-22,Afghanistan,Shahrak,-3,-17,8,S,0.0,76,24,1022
2014-02-23,Afghanistan,Shahrak,-1,-15,7,SSE,0.0,84,10,1023
2014-02-24,Afghanistan,Shahrak,-1,-10,6,E,1.0,84,48,1023
2014-02-25,Afghanistan,Shahrak,-1,-10,6,E,1.0,84,48,1023
2014-02-26,Afghanistan,Shahrak,-3,-12,7,NE,0.7,97,81,1023
2014-02-27,Afghanistan,Shahrak,-4,-15,8,NE,0.0,92,30,1023
2014-02-28,Afghanistan,Shahrak,-2,-17,6,SE,0.0,70,5,1020
2014-03-01,Afghanistan,Shahrak,-1,-21,6,S,0.1,60,28,1018
2014-03-02,Afghanistan,Shahrak,-1,-11,7,S,3.3,81,45,1018
2014-03-03,Afghanistan,Shahrak,0,-14,9,SSW,0.1,64,4,1017
2014-03-04,Afghanistan,Shahrak,1,-7,10,SSW,0.0,58,33,1018
2014-03-05,Afghanistan,Shahrak,0,-11,8,S,0.2,83,34,1018
2014-03-06,Afghanistan,Shahrak,1,-7,9,SSW,2.4,93,39,1018
2014-03-07,Afghanistan,Shahrak,2,-7,9,SSW,0.7,87,40,1018
2014-03-08,Afghanistan,Shahrak,2,-5,9,WSW,2.8,90,30,1021
2014-03-09,Afghanistan,Shahrak,-2,-8,9,NNW,1.0,94,54,1022
2014-03-10,Afghanistan,Shahrak,-5,-16,12,SE,0.2,76,31,1025
2014-03-11,Afghanistan,Shahrak,2,-18,6,SSE,0.0,48,0,1020
2014-03-12,Afghanistan,Shahrak,1,-5,13,SSE,0.1,55,28,1018
2014-03-13,Afghanistan,Shahrak,4,-2,15,SSE,4.5,76,40,1017
2014-03-14,Afghanistan,Shahrak,3,0,9,SSW,31.4,90,78,1015
2014-03-15,Afghanistan,Shahrak,5,-1,11,S,5.2,82,58,1016
2014-03-16,Afghanistan,Shahrak,4,0,25,S,6.1,80,38,1012
2014-03-17,Afghanistan,Shahrak,3,-4,13,SW,0.0,66,8,1017
2014-03-18,Afghanistan,Shahrak,6,-3,6,SW,0.0,65,6,1023
2014-03-19,Afghanistan,Shahrak,8,-1,7,SSW,0.4,56,24,1020
2014-03-20,Afghanistan,Shahrak,4,0,4,SSE,6.4,75,50,1015
2014-03-21,Afghanistan,Shahrak,4,-2,7,SW,1.8,76,11,1013
2014-03-22,Afghanistan,Shahrak,3,-3,4,SSW,8.0,83,38,1012
2014-03-23,Afghanistan,Shahrak,-1,-10,8,SSW,8.0,91,44,1015
2014-03-24,Afghanistan,Shahrak,9,-17,12,S,0.5,59,41,1019
2014-03-25,Afghanistan,Shahrak,11,1,12,SSW,0.3,49,51,1017
2014-03-26,Afghanistan,Shahrak,11,2,11,SSW,0.7,48,47,1017
2014-03-27,Afghanistan,Shahrak,2,-13,4,SE,0.0,75,20,1017
2014-03-28,Afghanistan,Shahrak,3,-6,6,S,0.0,70,2,1016
2014-03-29,Afghanistan,Shahrak,3,-6,9,S,0.3,74,10,1018
2014-03-30,Afghanistan,Shahrak,4,-4,8,SSE,0.0,73,6,1017
2014-03-31,Afghanistan,Shahrak,5,0,14,SSE,0.0,72,7,1012
2014-04-01,Afghanistan,Shahrak,5,0,10,SSW,3.8,85,33,1010
2014-04-02,Afghanistan,Shahrak,4,-5,9,S,0.0,70,10,1012
2014-04-03,Afghanistan,Shahrak,4,0,13,SSE,3.1,78,43,1013
2014-04-04,Afghanistan,Shahrak,5,1,10,SSE,4.2,83,31,1015
2014-04-05,Afghanistan,Shahrak,5,0,9,SW,14.3,83,31,1014
2014-04-06,Afghanistan,Shahrak,5,-1,8,NNW,2.9,65,20,1019
2014-04-07,Afghanistan,Shahrak,5,-2,9,S,0.0,61,5,1023
2014-04-08,Afghanistan,Shahrak,8,-1,9,SSW,0.0,57,3,1020
2014-04-09,Afghanistan,Shahrak,10,1,9,SSW,0.0,45,18,1017
2014-04-10,Afghanistan,Shahrak,11,4,12,SW,2.2,48,47,1017
2014-04-11,Afghanistan,Shahrak,11,4,11,SW,0.9,53,23,1017
2014-04-12,Afghanistan,Shahrak,10,3,11,NW,0.4,62,5,1018
2014-04-13,Afghanistan,Shahrak,8,0,7,ESE,0.0,64,21,1019
2014-04-14,Afghanistan,Shahrak,14,5,10,SSW,0.0,36,16,1016
2014-04-15,Afghanistan,Shahrak,13,5,15,SW,10.1,54,29,1016
2014-04-16,Afghanistan,Shahrak,12,6,17,W,2.9,53,14,1016
2014-04-17,Afghanistan,Shahrak,10,4,9,NW,4.0,57,19,1014
2014-04-18,Afghanistan,Shahrak,11,2,11,SW,0.0,53,13,1016
2014-04-19,Afghanistan,Shahrak,12,3,7,SSW,0.0,29,18,1016
2014-04-20,Afghanistan,Shahrak,14,7,8,SSW,3.2,37,39,1014
2014-04-21,Afghanistan,Shahrak,13,7,10,W,4.4,45,6,1015
2014-04-22,Afghanistan,Shahrak,15,8,11,W,0.6,44,5,1017
2014-04-23,Afghanistan,Shahrak,17,9,9,SW,2.0,41,9,1016
2014-04-24,Afghanistan,Shahrak,15,8,17,SSW,1.8,44,11,1012
2014-04-25,Afghanistan,Shahrak,14,8,15,W,1.6,43,5,1016
2014-04-26,Afghanistan,Shahrak,15,5,7,S,0.0,41,11,1018
2014-04-27,Afghanistan,Shahrak,17,9,10,WNW,0.0,27,18,1017
2014-04-28,Afghanistan,Shahrak,21,10,10,WSW,0.0,29,14,1016
2014-04-29,Afghanistan,Shahrak,20,13,11,SSW,0.4,34,15,1013
2014-04-30,Afghanistan,Shahrak,18,12,13,SW,4.0,36,13,1013
2014-05-01,Afghanistan,Shahrak,19,11,10,SSE,3.6,43,12,1013
2014-05-02,Afghanistan,Shahrak,18,12,12,SW,2.8,39,18,1011
2014-05-03,Afghanistan,Shahrak,17,11,8,SW,9.8,44,18,1011
2014-05-04,Afghanistan,Shahrak,17,11,8,WSW,6.7,45,7,1010
2014-05-05,Afghanistan,Shahrak,17,11,9,SSE,3.8,45,7,1012
2014-05-06,Afghanistan,Shahrak,17,12,16,S,3.7,41,16,1014
2014-05-07,Afghanistan,Shahrak,14,10,10,SW,0.8,46,22,1014
2014-05-08,Afghanistan,Shahrak,11,8,14,NW,11.6,68,46,1015
2014-05-09,Afghanistan,Shahrak,14,8,26,NE,0.0,53,16,1014
2014-05-10,Afghanistan,Shahrak,16,8,15,SE,0.0,39,6,1010
2014-05-11,Afghanistan,Shahrak,19,9,13,SW,0.0,29,0,1011
2014-05-12,Afghanistan,Shahrak,15,8,15,W,0.0,27,0,1012
2014-05-13,Afghanistan,Shahrak,16,6,10,WNW,0.0,22,0,1011
2014-05-14,Afghanistan,Shahrak,18,7,8,SSW,0.0,16,0,1008
2014-05-15,Afghanistan,Shahrak,19,10,8,WSW,0.0,17,13,1007
2014-05-16,Afghanistan,Shahrak,16,9,7,E,21.7,45,53,1008
2014-05-17,Afghanistan,Shahrak,13,9,7,SW,14.9,54,31,1012
2014-05-18,Afghanistan,Shahrak,12,8,8,WSW,13.4,55,39,1014
2014-05-19,Afghanistan,Shahrak,16,10,10,WSW,4.0,41,13,1014
2014-05-20,Afghanistan,Shahrak,17,10,9,W,4.0,35,32,1015
2014-05-21,Afghanistan,Shahrak,17,10,9,SW,2.2,47,22,1015
2014-05-22,Afghanistan,Shahrak,14,9,12,S,1.1,57,21,1014
2014-05-23,Afghanistan,Shahrak,16,7,13,SE,0.0,36,2,1013
2014-05-24,Afghanistan,Shahrak,18,8,13,SE,0.0,23,0,1014
2014-05-25,Afghanistan,Shahrak,19,9,10,S,0.0,25,2,1015
2014-05-26,Afghanistan,Shahrak,20,11,10,SSW,0.0,24,2,1014
2014-05-27,Afghanistan,Shahrak,21,12,7,NNW,0.0,20,10,1013
2014-05-28,Afghanistan,Shahrak,23,15,13,W,0.0,26,19,1010
2014-05-29,Afghanistan,Shahrak,22,14,13,SW,1.7,32,20,1010
2014-05-30,Afghanistan,Shahrak,18,13,15,NW,2.0,39,5,1011
2014-05-31,Afghanistan,Shahrak,17,9,14,WNW,0.2,47,9,1011
2014-06-01,Afghanistan,Shahrak,19,10,11,WNW,0.0,37,3,1013
2014-06-02,Afghanistan,Shahrak,20,12,9,SW,0.0,30,3,1014
2014-06-03,Afghanistan,Shahrak,21,14,10,W,1.0,28,14,1011
2014-06-04,Afghanistan,Shahrak,21,13,9,W,0.0,25,20,1009
2014-06-05,Afghanistan,Shahrak,23,14,9,SSW,0.2,22,10,1008
2014-06-06,Afghanistan,Shahrak,23,15,15,SW,0.4,26,9,1008
2014-06-07,Afghanistan,Shahrak,20,13,16,SW,0.0,29,1,1010
2014-06-08,Afghanistan,Shahrak,20,12,21,SW,0.0,24,0,1012
2014-06-09,Afghanistan,Shahrak,21,11,19,SW,0.0,20,0,1012
2014-06-10,Afghanistan,Shahrak,21,11,18,S,0.0,15,0,1011
2014-06-11,Afghanistan,Shahrak,22,12,21,ENE,0.0,20,0,1011
2014-06-12,Afghanistan,Shahrak,24,13,10,SSE,0.0,16,0,1006
2014-06-13,Afghanistan,Shahrak,27,14,8,SW,0.0,14,3,1002
2014-06-14,Afghanistan,Shahrak,26,18,8,S,0.0,22,7,1005
2014-06-15,Afghanistan,Shahrak,25,15,12,SSE,0.0,36,2,1007
2014-06-16,Afghanistan,Shahrak,21,13,15,SW,0.0,37,3,1007
2014-06-17,Afghanistan,Shahrak,21,12,20,NE,0.0,32,3,1009
2014-06-18,Afghanistan,Shahrak,21,12,21,N,0.0,23,0,1008
2014-06-19,Afghanistan,Shahrak,22,12,18,E,0.0,22,0,1006
2014-06-20,Afghanistan,Shahrak,22,13,24,NNE,0.0,20,0,1006
2014-06-21,Afghanistan,Shahrak,22,13,23,E,0.0,21,0,1006
2014-06-22,Afghanistan,Shahrak,23,13,22,NE,0.0,16,0,1007
2014-06-23,Afghanistan,Shahrak,23,12,21,ENE,0.0,14,0,1008
2014-06-24,Afghanistan,Shahrak,22,13,21,SE,0.0,19,0,1006
2014-06-25,Afghanistan,Shahrak,23,13,17,NE,0.0,17,0,1007
2014-06-26,Afghanistan,Shahrak,26,13,13,E,0.0,18,0,1008
2014-06-27,Afghanistan,Shahrak,27,16,13,SE,0.0,17,0,1010
2014-06-28,Afghanistan,Shahrak,26,17,22,ENE,0.0,17,0,1011
2014-06-29,Afghanistan,Shahrak,25,16,29,NNE,0.0,21,0,1010
2014-06-30,Afghanistan,Shahrak,25,14,24,NNE,0.0,19,0,1008
2014-07-01,Afghanistan,Shahrak,24,14,28,NNE,0.0,21,0,1010
2014-07-02,Afghanistan,Shahrak,23,14,18,SE,0.0,29,3,1010
2014-07-03,Afghanistan,Shahrak,21,12,16,SE,0.0,16,1,1007
2014-07-04,Afghanistan,Shahrak,21,11,16,SE,0.0,21,15,1006
2014-07-05,Afghanistan,Shahrak,22,13,16,SE,0.0,25,2,1007
2014-07-06,Afghanistan,Shahrak,23,13,14,E,0.0,23,0,1009
2014-07-07,Afghanistan,Shahrak,24,13,13,S,0.0,19,0,1007
2014-07-08,Afghanistan,Shahrak,25,15,11,S,0.0,18,1,1005
2014-07-09,Afghanistan,Shahrak,26,15,10,SSW,0.0,17,0,1004
2014-07-10,Afghanistan,Shahrak,26,16,13,S,0.0,17,1,1006
2014-07-11,Afghanistan,Shahrak,25,16,21,NNE,0.0,17,0,1007
2014-07-12,Afghanistan,Shahrak,25,15,27,NNE,0.0,24,3,1008
2014-07-13,Afghanistan,Shahrak,24,15,17,E,0.0,26,5,1007
2014-07-14,Afghanistan,Shahrak,26,15,15,ESE,0.0,18,3,1006
2014-07-15,Afghanistan,Shahrak,24,15,21,NNE,0.0,21,0,1007
2014-07-16,Afghanistan,Shahrak,23,14,17,SE,0.0,19,0,1007
2014-07-17,Afghanistan,Shahrak,21,12,18,SE,0.0,18,0,1006
2014-07-18,Afghanistan,Shahrak,22,9,14,SE,0.0,14,0,1005
2014-07-19,Afghanistan,Shahrak,24,11,13,S,0.0,13,0,1004
2014-07-20,Afghanistan,Shahrak,26,13,15,SSE,0.0,12,0,1005
2014-07-21,Afghanistan,Shahrak,27,16,21,NNE,0.0,14,0,1006
2014-07-22,Afghanistan,Shahrak,29,16,13,NNE,0.0,13,0,1003
2014-07-23,Afghanistan,Shahrak,28,17,19,NNE,0.0,16,0,1004
2014-07-24,Afghanistan,Shahrak,27,16,16,E,0.0,22,0,1006
2014-07-25,Afghanistan,Shahrak,28,15,11,S,0.0,20,0,1005
2014-07-26,Afghanistan,Shahrak,28,17,12,S,0.0,13,0,1007
2014-07-27,Afghanistan,Shahrak,29,17,15,ENE,0.0,11,3,1007
2014-07-28,Afghanistan,Shahrak,29,18,20,NNE,0.0,14,0,1005
2014-07-29,Afghanistan,Shahrak,28,17,14,S,0.0,18,0,1004
2014-07-30,Afghanistan,Shahrak,27,16,13,SE,0.0,15,1,1005
2014-07-31,Afghanistan,Shahrak,26,15,14,S,0.0,16,2,1006
2014-08-01,Afghanistan,Shahrak,23,13,15,SE,0.0,17,0,1007
2014-08-02,Afghanistan,Shahrak,22,12,16,S,0.0,15,0,1007
2014-08-03,Afghanistan,Shahrak,21,11,16,SE,0.0,14,0,1007
2014-08-04,Afghanistan,Shahrak,23,11,14,SE,0.0,12,0,1005
2014-08-05,Afghanistan,Shahrak,25,13,13,SW,0.0,11,0,1005
2014-08-06,Afghanistan,Shahrak,25,15,13,W,0.0,11,0,1005
2014-08-07,Afghanistan,Shahrak,26,14,15,SE,0.0,12,0,1004
2014-08-08,Afghanistan,Shahrak,24,14,16,NNE,0.0,13,0,1006
2014-08-09,Afghanistan,Shahrak,25,13,14,S,0.0,15,0,1008
2014-08-10,Afghanistan,Shahrak,24,14,15,E,0.0,15,0,1009
2014-08-11,Afghanistan,Shahrak,24,13,14,SE,0.0,15,0,1008
2014-08-12,Afghanistan,Shahrak,25,14,14,S,0.0,18,0,1007
2014-08-13,Afghanistan,Shahrak,24,14,19,N,0.0,14,0,1008
2014-08-14,Afghanistan,Shahrak,24,14,28,NNE,0.0,21,0,1009
2014-08-15,Afghanistan,Shahrak,18,12,22,W,0.0,31,1,1010
2014-08-16,Afghanistan,Shahrak,18,8,15,NE,0.0,27,0,1009
2014-08-17,Afghanistan,Shahrak,23,10,10,SW,0.0,20,0,1010
2014-08-18,Afghanistan,Shahrak,24,12,7,S,0.0,13,0,1011
2014-08-19,Afghanistan,Shahrak,25,14,8,SW,0.0,13,1,1013
2014-08-20,Afghanistan,Shahrak,24,14,12,WSW,0.0,16,0,1011
2014-08-21,Afghanistan,Shahrak,23,14,13,S,0.0,17,3,1009
2014-08-22,Afghanistan,Shahrak,23,13,11,S,0.0,18,5,1008
2014-08-23,Afghanistan,Shahrak,23,14,14,E,0.0,19,6,1010
2014-08-24,Afghanistan,Shahrak,23,14,14,S,0.0,19,10,1011
2014-08-25,Afghanistan,Shahrak,22,14,17,E,0.0,18,16,1011
2014-08-26,Afghanistan,Shahrak,21,13,21,NNE,0.0,20,18,1011
2014-08-27,Afghanistan,Shahrak,21,12,16,NNE,0.0,26,1,1010
2014-08-28,Afghanistan,Shahrak,22,12,12,SE,0.0,20,7,1010
2014-08-29,Afghanistan,Shahrak,22,13,12,SE,0.0,18,12,1010
2014-08-30,Afghanistan,Shahrak,22,13,12,SE,0.0,15,5,1010
2014-08-31,Afghanistan,Shahrak,21,13,15,E,0.0,16,9,1009
2014-09-01,Afghanistan,Shahrak,22,12,16,ESE,0.0,16,6,1009
2014-09-02,Afghanistan,Shahrak,21,12,16,NNE,0.0,19,9,1010
2014-09-03,Afghanistan,Shahrak,21,12,15,SE,0.0,25,2,1011
2014-09-04,Afghanistan,Shahrak,20,11,14,SE,0.0,25,0,1009
2014-09-05,Afghanistan,Shahrak,21,10,10,S,0.0,16,0,1006
2014-09-06,Afghanistan,Shahrak,21,11,14,SE,0.0,15,0,1009
2014-09-07,Afghanistan,Shahrak,21,11,11,S,0.0,16,0,1011
2014-09-08,Afghanistan,Shahrak,21,12,12,SW,0.0,19,0,1012
2014-09-09,Afghanistan,Shahrak,21,11,12,S,0.0,22,0,1011
2014-09-10,Afghanistan,Shahrak,21,11,11,SE,0.0,18,0,1010
2014-09-11,Afghanistan,Shahrak,20,10,12,S,0.0,15,0,1012
2014-09-12,Afghanistan,Shahrak,20,10,12,S,0.0,16,0,1013
2014-09-13,Afghanistan,Shahrak,21,10,14,SSE,0.0,26,2,1013
2014-09-14,Afghanistan,Shahrak,21,9,10,SSE,0.0,16,0,1011
2014-09-15,Afghanistan,Shahrak,22,10,10,NNE,0.0,12,0,1011
2014-09-16,Afghanistan,Shahrak,23,11,7,S,0.0,13,0,1010
2014-09-17,Afghanistan,Shahrak,22,11,9,NW,0.0,13,0,1009
2014-09-18,Afghanistan,Shahrak,21,12,14,S,0.0,25,0,1014
2014-09-19,Afghanistan,Shahrak,19,9,15,SE,0.0,38,1,1016
2014-09-20,Afghanistan,Shahrak,20,8,13,ESE,0.0,27,0,1014
2014-09-21,Afghanistan,Shahrak,22,9,9,S,0.0,15,0,1012
2014-09-22,Afghanistan,Shahrak,22,10,8,S,0.0,12,0,1012
2014-09-23,Afghanistan,Shahrak,23,12,8,S,0.0,14,4,1011
2014-09-24,Afghanistan,Shahrak,22,13,15,WSW,0.0,17,2,1011
2014-09-25,Afghanistan,Shahrak,21,9,6,WSW,0.0,17,0,1012
2014-09-26,Afghanistan,Shahrak,22,10,8,SSW,0.0,13,1,1012
2014-09-27,Afghanistan,Shahrak,22,12,12,WSW,0.2,25,13,1014
2014-09-28,Afghanistan,Shahrak,22,11,10,W,0.0,28,0,1015
2014-09-29,Afghanistan,Shahrak,21,10,8,SE,0.0,22,0,1016
2014-09-30,Afghanistan,Shahrak,22,11,12,NNE,0.0,16,0,1017
2014-10-01,Afghanistan,Shahrak,21,10,7,S,0.0,18,0,1017
2014-10-02,Afghanistan,Shahrak,21,10,8,WSW,0.0,18,0,1017
2014-10-03,Afghanistan,Shahrak,21,11,9,SE,0.0,24,2,1016
2014-10-04,Afghanistan,Shahrak,21,11,10,SSW,0.0,29,6,1016
2014-10-05,Afghanistan,Shahrak,20,9,8,SW,0.0,24,3,1017
2014-10-06,Afghanistan,Shahrak,20,11,10,WSW,0.0,23,17,1018
2014-10-07,Afghanistan,Shahrak,15,7,11,W,0.0,41,2,1016
2014-10-08,Afghanistan,Shahrak,13,4,10,SSW,0.0,44,5,1019
2014-10-09,Afghanistan,Shahrak,13,2,10,SSW,0.0,44,3,1021
2014-10-10,Afghanistan,Shahrak,14,2,9,WSW,0.0,27,6,1020
2014-10-11,Afghanistan,Shahrak,12,3,9,WSW,0.0,21,11,1019
2014-10-12,Afghanistan,Shahrak,11,1,10,SSE,0.0,28,2,1018
2014-10-13,Afghanistan,Shahrak,9,-2,12,SE,0.0,38,8,1020
2014-10-14,Afghanistan,Shahrak,12,0,7,SW,0.0,23,3,1019
2014-10-15,Afghanistan,Shahrak,13,0,6,SW,0.0,16,0,1020
2014-10-16,Afghanistan,Shahrak,15,1,7,SW,0.0,17,12,1019
2014-10-17,Afghanistan,Shahrak,16,6,10,WSW,0.0,30,22,1017
2014-10-18,Afghanistan,Shahrak,16,8,17,SSW,1.7,34,37,1014
2014-10-19,Afghanistan,Shahrak,14,6,14,SSW,0.6,37,9,1014
2014-10-20,Afghanistan,Shahrak,14,4,10,WSW,0.0,41,2,1019
2014-10-21,Afghanistan,Shahrak,16,5,5,SSE,0.0,30,1,1020
2014-10-22,Afghanistan,Shahrak,16,8,18,S,1.2,32,1,1017
2014-10-23,Afghanistan,Shahrak,14,6,13,SSW,0.0,43,3,1018
2014-10-24,Afghanistan,Shahrak,15,3,10,S,0.0,34,11,1017
2014-10-25,Afghanistan,Shahrak,14,5,9,SW,0.0,23,16,1017
2014-10-26,Afghanistan,Shahrak,14,4,9,WSW,0.0,31,5,1019
2014-10-27,Afghanistan,Shahrak,13,4,9,S,0.1,49,18,1021
2014-10-28,Afghanistan,Shahrak,10,0,9,SSE,0.0,48,5,1020
2014-10-29,Afghanistan,Shahrak,8,-2,8,SSE,0.0,34,2,1021
2014-10-30,Afghanistan,Shahrak,8,-3,6,S,0.0,24,22,1020
2014-10-31,Afghanistan,Shahrak,9,1,11,SSW,0.0,32,18,1019
2014-11-01,Afghanistan,Shahrak,10,0,15,S,1.2,51,41,1018
2014-11-02,Afghanistan,Shahrak,9,3,18,S,0.9,53,12,1016
2014-11-03,Afghanistan,Shahrak,11,5,12,SSW,5.8,54,43,1016
2014-11-04,Afghanistan,Shahrak,9,3,11,SSW,2.2,45,29,1016
2014-11-05,Afghanistan,Shahrak,9,3,19,S,7.9,59,33,1015
2014-11-06,Afghanistan,Shahrak,6,-1,12,WSW,4.3,66,16,1018
2014-11-07,Afghanistan,Shahrak,1,-6,10,WSW,0.0,62,9,1024
2014-11-08,Afghanistan,Shahrak,1,-8,7,SE,0.0,51,2,1029
2014-11-09,Afghanistan,Shahrak,7,-5,9,ENE,0.0,34,0,1026
2014-11-10,Afghanistan,Shahrak,7,-4,7,E,0.0,17,0,1023
2014-11-11,Afghanistan,Shahrak,8,-2,5,S,0.0,13,5,1021
2014-11-12,Afghanistan,Shahrak,8,-2,6,S,0.0,22,5,1021
2014-11-13,Afghanistan,Shahrak,6,-2,8,SSW,0.0,26,2,1023
2014-11-14,Afghanistan,Shahrak,5,-3,6,WSW,0.0,22,2,1025
2014-11-15,Afghanistan,Shahrak,8,-4,5,WNW,0.0,18,5,1023
2014-11-16,Afghanistan,Shahrak,7,-2,3,W,0.0,27,3,1021
2014-11-17,Afghanistan,Shahrak,9,-2,5,SSW,0.0,30,30,1020
2014-11-18,Afghanistan,Shahrak,9,-2,5,S,0.0,30,13,1021
2014-11-19,Afghanistan,Shahrak,8,-1,8,SSW,0.1,30,23,1020
2014-11-20,Afghanistan,Shahrak,6,-1,9,SW,0.0,44,2,1021
2014-11-21,Afghanistan,Shahrak,6,-4,6,SW,0.0,54,10,1022
2014-11-22,Afghanistan,Shahrak,7,-3,6,SSE,0.0,41,8,1019
2014-11-23,Afghanistan,Shahrak,10,-1,10,S,0.0,20,10,1017
2014-11-24,Afghanistan,Shahrak,9,1,8,SSW,0.0,33,21,1018
2014-11-25,Afghanistan,Shahrak,9,0,4,SSW,0.0,45,20,1020
2014-11-26,Afghanistan,Shahrak,9,3,14,SSW,0.4,62,27,1015
2014-11-27,Afghanistan,Shahrak,6,-1,10,SW,0.0,54,10,1017
2014-11-28,Afghanistan,Shahrak,5,-3,7,SW,0.0,31,0,1018
2014-11-29,Afghanistan,Shahrak,5,-3,8,SSW,0.0,42,22,1018
2014-11-30,Afghanistan,Shahrak,5,-3,12,SSW,0.1,64,11,1019
2014-12-01,Afghanistan,Shahrak,5,-3,10,S,0.0,62,28,1020
2014-12-02,Afghanistan,Shahrak,4,-4,11,S,0.0,75,14,1019
2014-12-03,Afghanistan,Shahrak,4,-4,8,SSW,0.0,65,9,1022
2014-12-04,Afghanistan,Shahrak,0,-5,6,SSW,0.1,70,19,1026
2014-12-05,Afghanistan,Shahrak,3,-7,9,SSE,0.0,64,5,1024
2014-12-06,Afghanistan,Shahrak,3,-6,8,SSW,0.0,59,14,1024
2014-12-07,Afghanistan,Shahrak,-1,-8,9,SW,0.2,80,38,1029
2014-12-08,Afghanistan,Shahrak,-2,-11,10,NE,0.0,54,9,1031
2014-12-09,Afghanistan,Shahrak,3,-10,6,E,0.0,16,0,1027
2014-12-10,Afghanistan,Shahrak,5,-6,4,S,0.0,16,38,1024
2014-12-11,Afghanistan,Shahrak,4,-5,5,SW,0.1,28,60,1020
2014-12-12,Afghanistan,Shahrak,2,-4,9,NNE,0.6,55,33,1023
2014-12-13,Afghanistan,Shahrak,1,-7,7,SSE,0.0,25,0,1024
2014-12-14,Afghanistan,Shahrak,3,-7,7,SW,0.0,15,1,1025
2014-12-15,Afghanistan,Shahrak,6,-5,6,NE,0.0,14,19,1024
2014-12-16,Afghanistan,Shahrak,9,-2,4,SSE,0.0,36,40,1022
2014-12-17,Afghanistan,Shahrak,8,-2,7,S,0.0,22,54,1021
2014-12-18,Afghanistan,Shahrak,4,-3,13,SSW,0.0,29,28,1021
2014-12-19,Afghanistan,Shahrak,2,-7,10,S,0.0,37,6,1025
2014-12-20,Afghanistan,Shahrak,3,-5,7,SSW,0.4,48,59,1022
2014-12-21,Afghanistan,Shahrak,4,-5,8,S,0.0,40,29,1016
2014-12-22,Afghanistan,Shahrak,-2,-4,7,SSW,0.5,74,67,1015
2014-12-23,Afghanistan,Shahrak,-1,-12,9,SSE,0.0,84,20,1019
2014-12-24,Afghanistan,Shahrak,-1,-9,11,SSE,0.1,85,28,1020
2014-12-25,Afghanistan,Shahrak,-2,-11,8,SSW,0.0,88,34,1027
2014-12-26,Afghanistan,Shahrak,0,-14,6,SE,0.0,60,2,1028
2014-12-27,Afghanistan,Shahrak,1,-14,3,SSE,0.0,52,14,1022
2014-12-28,Afghanistan,Shahrak,1,-13,6,SSW,0.0,51,6,1021
2014-12-29,Afghanistan,Shahrak,1,-11,6,SW,0.0,78,8,1020
2014-12-30,Afghanistan,Shahrak,-1,-12,5,ENE,0.0,93,27,1019
2014-12-31,Afghanistan,Shahrak,1,-12,4,SE,0.0,79,7,1021
2015-01-01,Afghanistan,Shahrak,1,-12,7,SSE,0.0,60,2,1024
2015-01-02,Afghanistan,Shahrak,1,-10,9,SSW,0.0,54,11,1022
2015-01-03,Afghanistan,Shahrak,-1,-10,10,SSW,1.1,73,28,1020
2015-01-04,Afghanistan,Shahrak,1,-8,12,S,0.0,69,12,1018
2015-01-05,Afghanistan,Shahrak,2,-4,11,SSW,0.4,64,36,1017
2015-01-06,Afghanistan,Shahrak,1,-9,5,SSW,0.0,64,2,1021
2015-01-07,Afghanistan,Shahrak,5,-8,9,S,0.0,37,7,1020
2015-01-08,Afghanistan,Shahrak,7,-2,12,SSE,0.0,36,13,1016
2015-01-09,Afghanistan,Shahrak,6,-3,12,S,0.0,39,7,1018
2015-01-10,Afghanistan,Shahrak,5,-3,15,SSE,0.1,47,34,1017
2015-01-11,Afghanistan,Shahrak,5,0,16,S,1.9,68,28,1018
2015-01-12,Afghanistan,Shahrak,3,-2,10,SW,6.0,81,35,1018
2015-01-13,Afghanistan,Shahrak,-1,-4,9,WNW,0.3,70,31,1024
2015-01-14,Afghanistan,Shahrak,-2,-15,7,NNE,0.0,57,1,1027
2015-01-15,Afghanistan,Shahrak,-2,-11,6,E,0.0,51,7,1026
2015-01-16,Afghanistan,Shahrak,1,-11,5,SSE,0.0,47,40,1021
2015-01-17,Afghanistan,Shahrak,1,-8,5,SSE,0.0,50,23,1019
2015-01-18,Afghanistan,Shahrak,0,-6,7,SSE,0.1,62,23,1018
2015-01-19,Afghanistan,Shahrak,-2,-7,12,SE,2.8,77,46,1017
2015-01-20,Afghanistan,Shahrak,-2,-5,10,ESE,13.6,94,92,1017
2015-01-21,Afghanistan,Shahrak,-3,-10,5,SSW,4.6,94,79,1019
2015-01-22,Afghanistan,Shahrak,-5,-13,4,SW,2.2,95,68,1024
2015-01-23,Afghanistan,Shahrak,-4,-17,5,S,3.1,89,57,1025
2015-01-24,Afghanistan,Shahrak,-7,-17,3,W,4.7,94,70,1027
2015-01-25,Afghanistan,Shahrak,-8,-23,4,S,0.0,93,35,1028
2015-01-26,Afghanistan,Shahrak,-9,-24,4,SSW,0.0,88,10,1029
2015-01-27,Afghanistan,Shahrak,-7,-25,6,S,0.1,72,20,1026
2015-01-28,Afghanistan,Shahrak,-5,-19,9,SW,1.6,88,30,1023
2015-01-29,Afghanistan,Shahrak,-4,-21,6,S,1.2,85,18,1024
2015-01-30,Afghanistan,Shahrak,-1,-12,6,S,0.2,85,51,1021
2015-01-31,Afghanistan,Shahrak,1,-6,8,S,2.4,88,41,1016
2015-02-01,Afghanistan,Shahrak,-3,-15,5,S,2.8,87,33,1018
2015-02-02,Afghanistan,Shahrak,-3,-18,4,SSE,0.0,77,4,1020
2015-02-03,Afghanistan,Shahrak,-3,-18,6,S,0.0,68,1,1024
2015-02-04,Afghanistan,Shahrak,-1,-14,7,SSE,0.0,62,8,1025
2015-02-05,Afghanistan,Shahrak,-1,-11,7,SE,0.6,74,46,1021
2015-02-06,Afghanistan,Shahrak,-2,-6,5,S,10.7,94,86,1020
2015-02-07,Afghanistan,Shahrak,-3,-15,5,SSW,0.2,86,26,1020
2015-02-08,Afghanistan,Shahrak,-2,-15,8,SSE,0.0,72,4,1021
2015-02-09,Afghanistan,Shahrak,-1,-9,10,SE,0.5,78,62,1021
2015-02-10,Afghanistan,Shahrak,-1,-6,9,SSE,0.6,83,54,1022
2015-02-11,Afghanistan,Shahrak,0,-7,7,SSE,0.8,89,43,1021
2015-02-12,Afghanistan,Shahrak,2,-5,7,SSE,1.0,86,30,1020
2015-02-13,Afghanistan,Shahrak,2,-5,6,SW,2.8,86,12,1017
2015-02-14,Afghanistan,Shahrak,2,-7,5,SSE,1.6,83,19,1018
2015-02-15,Afghanistan,Shahrak,1,-1,7,S,22.2,88,71,1015
2015-02-16,Afghanistan,Shahrak,-1,-11,5,SSW,4.6,91,46,1017
2015-02-17,Afghanistan,Shahrak,0,-7,7,SSW,2.4,88,32,1017
2015-02-18,Afghanistan,Shahrak,-2,-7,5,SSE,14.9,94,80,1017
2015-02-19,Afghanistan,Shahrak,-1,-9,6,SSE,0.7,95,61,1015
2015-02-20,Afghanistan,Shahrak,1,-7,10,SSE,0.5,94,51,1014
2015-02-21,Afghanistan,Shahrak,3,0,23,SSE,6.1,81,52,1013
2015-02-22,Afghanistan,Shahrak,2,0,30,SSE,10.8,85,67,1013
2015-02-23,Afghanistan,Shahrak,0,-5,15,SSE,35.9,93,74,1012
2015-02-24,Afghanistan,Shahrak,-6,-11,9,SW,7.4,91,77,1020
2015-02-25,Afghanistan,Shahrak,-6,-11,9,SW,7.4,91,77,1020
2015-02-26,Afghanistan,Shahrak,-6,-21,4,ESE,0.0,91,22,1020
2015-02-27,Afghanistan,Shahrak,-6,-16,8,NNE,1.8,93,92,1022
2015-02-28,Afghanistan,Shahrak,-4,-14,9,ESE,0.3,91,39,1021
2015-03-01,Afghanistan,Shahrak,-3,-14,6,SSE,0.3,92,42,1015
2015-03-02,Afghanistan,Shahrak,-4,-14,5,SSW,0.1,91,43,1015
2015-03-03,Afghanistan,Shahrak,-3,-14,5,SSE,3.4,85,53,1017
2015-03-04,Afghanistan,Shahrak,-3,-15,5,S,1.5,86,44,1015
2015-03-05,Afghanistan,Shahrak,-2,-15,6,SSE,0.4,86,31,1017
2015-03-06,Afghanistan,Shahrak,-2,-9,7,S,7.2,85,61,1018
2015-03-07,Afghanistan,Shahrak,-7,-17,15,NNW,6.7,90,62,1024
2015-03-08,Afghanistan,Shahrak,-6,-24,3,SSW,0.0,85,24,1028
2015-03-09,Afghanistan,Shahrak,-1,-16,6,SSE,0.0,70,8,1024
2015-03-10,Afghanistan,Shahrak,-3,-8,9,SE,0.1,67,44,1022
2015-03-11,Afghanistan,Shahrak,5,-5,10,SSW,0.6,64,53,1018
2015-03-12,Afghanistan,Shahrak,5,-4,11,S,0.7,61,53,1019
2015-03-13,Afghanistan,Shahrak,6,-2,9,S,1.3,65,61,1018
2015-03-14,Afghanistan,Shahrak,7,-1,10,SSW,1.6,63,54,1017
2015-03-15,Afghanistan,Shahrak,8,0,12,SSW,0.7,61,54,1016
2015-03-16,Afghanistan,Shahrak,9,0,14,SSW,1.0,60,49,1015
2015-03-17,Afghanistan,Shahrak,9,0,13,SSW,0.4,53,48,1015
2015-03-18,Afghanistan,Shahrak,9,0,13,SSW,0.5,56,54,1016
2015-03-19,Afghanistan,Shahrak,3,1,7,SE,7.3,70,50,1018
2015-03-20,Afghanistan,Shahrak,3,0,5,SSE,4.3,94,49,1020
2015-03-21,Afghanistan,Shahrak,5,0,8,SSE,2.7,89,28,1020
2015-03-22,Afghanistan,Shahrak,6,-1,8,SSE,0.5,86,29,1020
2015-03-23,Afghanistan,Shahrak,7,2,18,SSE,0.5,85,30,1015
2015-03-24,Afghanistan,Shahrak,4,1,7,SSE,2.1,80,30,1019
2015-03-25,Afghanistan,Shahrak,9,1,6,SSE,0.0,49,56,1021
2015-03-26,Afghanistan,Shahrak,11,3,14,SSE,0.0,40,41,1019
2015-03-27,Afghanistan,Shahrak,10,3,13,S,21.2,60,47,1017
2015-03-28,Afghanistan,Shahrak,8,2,11,SSW,38.0,83,63,1016
2015-03-29,Afghanistan,Shahrak,8,-1,8,NW,1.8,63,24,1016
2015-03-30,Afghanistan,Shahrak,9,2,8,WSW,0.0,52,25,1015
2015-03-31,Afghanistan,Shahrak,10,4,17,SSW,12.5,63,24,1011
2015-04-01,Afghanistan,Shahrak,9,4,15,WSW,9.6,66,20,1010
2015-04-02,Afghanistan,Shahrak,6,2,8,SE,1.8,57,46,1010
2015-04-03,Afghanistan,Shahrak,8,1,7,SSW,0.0,54,3,1010
2015-04-04,Afghanistan,Shahrak,9,3,6,ENE,1.3,51,11,1011
2015-04-05,Afghanistan,Shahrak,10,5,11,W,5.8,55,12,1012
2015-04-06,Afghanistan,Shahrak,6,2,13,SE,2.6,73,21,1018
2015-04-07,Afghanistan,Shahrak,10,1,7,ENE,0.0,54,12,1017
2015-04-08,Afghanistan,Shahrak,14,5,6,SSW,0.0,35,8,1017
2015-04-09,Afghanistan,Shahrak,12,6,6,SW,0.1,39,27,1016
2015-04-10,Afghanistan,Shahrak,10,5,8,ESE,10.5,58,29,1016
2015-04-11,Afghanistan,Shahrak,14,5,10,SW,0.0,44,3,1017
2015-04-12,Afghanistan,Shahrak,17,6,5,ESE,0.0,30,13,1018
2015-04-13,Afghanistan,Shahrak,14,7,11,S,0.4,38,37,1015
2015-04-14,Afghanistan,Shahrak,15,6,13,SSW,1.1,46,47,1013
2015-04-15,Afghanistan,Shahrak,13,6,14,WSW,1.1,45,50,1015
2015-04-16,Afghanistan,Shahrak,16,7,13,WSW,0.0,27,17,1020
2015-04-17,Afghanistan,Shahrak,13,8,14,SW,0.8,43,24,1019
2015-04-18,Afghanistan,Shahrak,7,5,11,SSW,13.8,67,63,1015
2015-04-19,Afghanistan,Shahrak,8,3,10,WSW,53.7,79,54,1011
2015-04-20,Afghanistan,Shahrak,11,2,5,WSW,0.0,48,3,1018
2015-04-21,Afghanistan,Shahrak,13,6,6,S,0.0,34,0,1017
2015-04-22,Afghanistan,Shahrak,15,6,9,SW,0.0,31,0,1015
2015-04-23,Afghanistan,Shahrak,17,9,9,W,0.0,30,1,1016
2015-04-24,Afghanistan,Shahrak,17,10,7,SSW,0.0,32,22,1017
2015-04-25,Afghanistan,Shahrak,19,12,10,S,0.0,33,16,1013
2015-04-26,Afghanistan,Shahrak,16,5,17,SSW,0.0,41,14,1015
2015-04-27,Afghanistan,Shahrak,14,3,9,S,0.0,38,2,1019
2015-04-28,Afghanistan,Shahrak,16,7,12,S,0.8,45,39,1016
2015-04-29,Afghanistan,Shahrak,11,8,11,SSW,13.5,47,19,1014
2015-04-30,Afghanistan,Shahrak,12,5,14,NW,0.0,46,2,1017
2015-05-01,Afghanistan,Shahrak,14,7,15,NW,0.0,38,4,1018
2015-05-02,Afghanistan,Shahrak,17,9,12,WSW,0.0,29,6,1017
2015-05-03,Afghanistan,Shahrak,18,11,6,S,0.0,28,20,1015
2015-05-04,Afghanistan,Shahrak,19,13,11,SSE,0.1,30,31,1014
2015-05-05,Afghanistan,Shahrak,20,13,14,S,0.0,26,10,1012
2015-05-06,Afghanistan,Shahrak,19,14,16,S,0.4,28,33,1011
2015-05-07,Afghanistan,Shahrak,19,12,13,SSW,3.4,41,9,1013
2015-05-08,Afghanistan,Shahrak,16,12,15,SSW,8.3,50,19,1012
2015-05-09,Afghanistan,Shahrak,18,10,6,SSW,0.3,47,33,1011
2015-05-10,Afghanistan,Shahrak,16,11,15,SSW,14.6,50,44,1011
2015-05-11,Afghanistan,Shahrak,14,8,11,NW,10.4,62,30,1013
2015-05-12,Afghanistan,Shahrak,13,8,17,W,0.4,61,18,1016
2015-05-13,Afghanistan,Shahrak,16,8,15,E,0.0,45,3,1016
2015-05-14,Afghanistan,Shahrak,19,9,9,SSE,0.0,35,1,1016
2015-05-15,Afghanistan,Shahrak,22,12,10,SW,0.0,26,5,1014
2015-05-16,Afghanistan,Shahrak,20,14,11,W,6.8,39,17,1013
2015-05-17,Afghanistan,Shahrak,16,11,12,NNW,0.1,52,6,1012
2015-05-18,Afghanistan,Shahrak,16,8,12,SE,0.0,42,4,1014
2015-05-19,Afghanistan,Shahrak,16,9,14,NNE,0.0,41,2,1015
2015-05-20,Afghanistan,Shahrak,18,10,12,SE,0.0,35,1,1014
2015-05-21,Afghanistan,Shahrak,18,11,10,E,0.0,32,4,1013
2015-05-22,Afghanistan,Shahrak,18,12,10,SSW,5.8,38,11,1012
2015-05-23,Afghanistan,Shahrak,15,9,18,S,0.0,39,3,1013
2015-05-24,Afghanistan,Shahrak,15,9,15,WNW,0.0,35,5,1014
2015-05-25,Afghanistan,Shahrak,16,8,11,W,0.0,24,0,1014
2015-05-26,Afghanistan,Shahrak,19,10,10,SSE,0.0,17,0,1012
2015-05-27,Afghanistan,Shahrak,18,11,8,SE,0.0,20,70,1011
2015-05-28,Afghanistan,Shahrak,17,12,9,SSW,0.4,24,34,1008
2015-05-29,Afghanistan,Shahrak,19,11,10,S,0.1,32,5,1010
2015-05-30,Afghanistan,Shahrak,19,13,18,WNW,0.0,28,5,1015
2015-05-31,Afghanistan,Shahrak,19,12,27,W,0.0,27,1,1016
2015-06-01,Afghanistan,Shahrak,17,12,35,E,0.0,29,0,1015
2015-06-02,Afghanistan,Shahrak,18,11,32,NNE,0.0,27,0,1016
2015-06-03,Afghanistan,Shahrak,18,10,24,NNE,0.0,29,0,1014
2015-06-04,Afghanistan,Shahrak,20,11,13,ESE,0.0,19,0,1013
2015-06-05,Afghanistan,Shahrak,21,13,14,E,0.0,17,0,1012
2015-06-06,Afghanistan,Shahrak,21,13,25,NNE,0.0,20,0,1013
2015-06-07,Afghanistan,Shahrak,21,13,23,NNE,0.0,27,0,1013
2015-06-08,Afghanistan,Shahrak,20,13,27,NNE,0.1,37,4,1015
2015-06-09,Afghanistan,Shahrak,20,11,19,NNE,0.0,35,3,1014
2015-06-10,Afghanistan,Shahrak,22,11,10,ESE,0.0,19,0,1009
2015-06-11,Afghanistan,Shahrak,23,12,11,SSE,0.0,17,0,1008
2015-06-12,Afghanistan,Shahrak,23,14,16,ENE,0.0,13,0,1009
2015-06-13,Afghanistan,Shahrak,22,14,26,NNE,0.0,17,0,1009
2015-06-14,Afghanistan,Shahrak,20,13,29,SE,0.0,29,0,1011
2015-06-15,Afghanistan,Shahrak,16,10,14,ESE,0.0,25,0,1010
2015-06-16,Afghanistan,Shahrak,22,9,10,ESE,0.0,16,0,1007
2015-06-17,Afghanistan,Shahrak,25,13,12,SSW,0.0,11,1,1005
2015-06-18,Afghanistan,Shahrak,26,15,11,SW,0.0,14,4,1004
2015-06-19,Afghanistan,Shahrak,25,18,10,ESE,0.0,17,12,1005
2015-06-20,Afghanistan,Shahrak,24,18,15,SSE,0.0,20,17,1005
2015-06-21,Afghanistan,Shahrak,24,17,20,ESE,0.0,16,10,1005
2015-06-22,Afghanistan,Shahrak,22,15,21,SE,0.0,15,0,1004
2015-06-23,Afghanistan,Shahrak,20,14,26,SW,0.0,21,0,1005
2015-06-24,Afghanistan,Shahrak,18,13,29,W,0.0,28,0,1006
2015-06-25,Afghanistan,Shahrak,20,11,18,SW,0.0,19,0,1005
2015-06-26,Afghanistan,Shahrak,22,11,11,W,0.0,12,0,1003
2015-06-27,Afghanistan,Shahrak,24,14,12,SW,0.0,14,10,1004
2015-06-28,Afghanistan,Shahrak,24,17,13,SW,0.0,22,30,1007
2015-06-29,Afghanistan,Shahrak,25,18,23,SE,0.0,19,4,1011
2015-06-30,Afghanistan,Shahrak,24,16,28,NNE,0.0,21,0,1010
2015-07-01,Afghanistan,Shahrak,24,16,23,NNE,0.0,22,0,1009
2015-07-02,Afghanistan,Shahrak,24,16,26,NNE,0.0,22,0,1010
2015-07-03,Afghanistan,Shahrak,26,16,27,NNE,0.0,16,0,1009
2015-07-04,Afghanistan,Shahrak,26,16,24,NNE,0.0,18,0,1008
2015-07-05,Afghanistan,Shahrak,24,16,35,E,0.0,27,0,1010
2015-07-06,Afghanistan,Shahrak,22,15,23,SE,0.0,29,1,1008
2015-07-07,Afghanistan,Shahrak,25,12,13,SSE,0.0,18,0,1004
2015-07-08,Afghanistan,Shahrak,24,15,17,E,0.0,17,0,1007
2015-07-09,Afghanistan,Shahrak,24,15,22,NE,0.0,19,0,1008
2015-07-10,Afghanistan,Shahrak,23,14,24,N,0.0,21,0,1006
2015-07-11,Afghanistan,Shahrak,25,14,11,ESE,0.0,13,0,1004
2015-07-12,Afghanistan,Shahrak,25,16,14,S,0.0,14,0,1005
2015-07-13,Afghanistan,Shahrak,25,16,12,SE,0.0,12,0,1007
2015-07-14,Afghanistan,Shahrak,26,16,14,SE,0.0,10,0,1006
2015-07-15,Afghanistan,Shahrak,25,17,26,NE,0.0,14,0,1005
2015-07-16,Afghanistan,Shahrak,24,17,31,E,0.0,21,1,1003
2015-07-17,Afghanistan,Shahrak,24,16,33,NNE,0.0,29,12,1004
2015-07-18,Afghanistan,Shahrak,23,16,28,NNE,0.0,27,13,1006
2015-07-19,Afghanistan,Shahrak,24,15,21,NNE,0.0,27,5,1005
2015-07-20,Afghanistan,Shahrak,24,16,18,ESE,0.0,27,34,1004
2015-07-21,Afghanistan,Shahrak,25,15,11,S,0.0,28,10,1007
2015-07-22,Afghanistan,Shahrak,25,15,10,ESE,0.0,31,18,1007
2015-07-23,Afghanistan,Shahrak,26,17,11,E,0.0,28,22,1007
2015-07-24,Afghanistan,Shahrak,25,16,17,N,0.0,29,5,1008
2015-07-25,Afghanistan,Shahrak,25,16,20,NNE,0.0,27,0,1007
2015-07-26,Afghanistan,Shahrak,25,16,14,ENE,0.0,25,5,1004
2015-07-27,Afghanistan,Shahrak,26,17,14,SW,0.0,21,13,1003
2015-07-28,Afghanistan,Shahrak,22,15,17,NE,0.0,25,7,1005
2015-07-29,Afghanistan,Shahrak,22,14,20,NNE,0.0,29,3,1005
2015-07-30,Afghanistan,Shahrak,21,13,21,NE,0.0,31,6,1008
2015-07-31,Afghanistan,Shahrak,22,14,23,ESE,0.0,20,10,1008
2015-08-01,Afghanistan,Shahrak,22,13,17,NE,0.0,17,3,1008
2015-08-02,Afghanistan,Shahrak,23,14,15,NNE,0.0,23,29,1009
2015-08-03,Afghanistan,Shahrak,23,16,19,E,0.0,20,31,1009
2015-08-04,Afghanistan,Shahrak,23,15,19,NE,0.0,20,23,1009
2015-08-05,Afghanistan,Shahrak,24,15,18,ENE,0.0,22,26,1007
2015-08-06,Afghanistan,Shahrak,23,16,18,SE,0.0,20,27,1006
2015-08-07,Afghanistan,Shahrak,23,15,22,NNE,0.0,18,13,1009
2015-08-08,Afghanistan,Shahrak,23,15,26,NE,0.0,26,3,1012
2015-08-09,Afghanistan,Shahrak,21,12,19,SE,0.0,22,0,1010
2015-08-10,Afghanistan,Shahrak,20,11,18,N,0.0,18,0,1011
2015-08-11,Afghanistan,Shahrak,23,11,12,ESE,0.0,14,0,1012
2015-08-12,Afghanistan,Shahrak,24,14,9,SE,0.0,11,0,1010
2015-08-13,Afghanistan,Shahrak,24,15,14,NNE,0.0,14,1,1010
2015-08-14,Afghanistan,Shahrak,23,14,15,NE,0.0,16,0,1010
2015-08-15,Afghanistan,Shahrak,24,13,10,SE,0.0,20,2,1009
2015-08-16,Afghanistan,Shahrak,24,14,11,SE,0.0,17,1,1010
2015-08-17,Afghanistan,Shahrak,24,14,9,SE,0.0,8,0,1009
2015-08-18,Afghanistan,Shahrak,26,14,10,SSE,0.0,7,0,1009
2015-08-19,Afghanistan,Shahrak,25,15,16,SE,0.0,10,0,1010
2015-08-20,Afghanistan,Shahrak,25,15,25,ENE,0.0,15,0,1010
2015-08-21,Afghanistan,Shahrak,24,15,19,NNE,0.0,20,0,1009
2015-08-22,Afghanistan,Shahrak,22,14,22,E,0.0,34,2,1010
2015-08-23,Afghanistan,Shahrak,21,12,13,S,0.0,39,4,1008
2015-08-24,Afghanistan,Shahrak,22,12,12,SW,0.0,28,0,1007
2015-08-25,Afghanistan,Shahrak,23,15,13,SSW,1.4,27,16,1008
2015-08-26,Afghanistan,Shahrak,23,14,10,S,0.0,28,2,1010
2015-08-27,Afghanistan,Shahrak,20,12,17,S,0.0,32,0,1011
2015-08-28,Afghanistan,Shahrak,20,11,17,SE,0.0,33,1,1014
2015-08-29,Afghanistan,Shahrak,17,9,16,SW,0.0,29,0,1014
2015-08-30,Afghanistan,Shahrak,17,7,15,E,0.0,21,0,1014
2015-08-31,Afghanistan,Shahrak,18,8,14,S,0.0,16,0,1014
2015-09-01,Afghanistan,Shahrak,23,11,12,SE,0.0,20,4,1010
2015-09-02,Afghanistan,Shahrak,18,13,18,SE,0.0,20,2,1012
2015-09-03,Afghanistan,Shahrak,19,8,12,NNE,0.0,32,1,1013
2015-09-04,Afghanistan,Shahrak,18,10,9,SE,0.0,29,0,1014
2015-09-05,Afghanistan,Shahrak,22,9,13,SE,0.0,20,1,1011
2015-09-06,Afghanistan,Shahrak,22,9,14,SE,0.0,18,0,1011
2015-09-07,Afghanistan,Shahrak,19,10,14,S,0.0,28,1,1014
2015-09-08,Afghanistan,Shahrak,20,10,10,NE,0.0,19,0,1014
2015-09-09,Afghanistan,Shahrak,21,11,9,E,0.0,16,0,1014
2015-09-10,Afghanistan,Shahrak,21,12,10,SSE,0.0,18,0,1015
2015-09-11,Afghanistan,Shahrak,21,12,9,SE,0.0,17,1,1016
2015-09-12,Afghanistan,Shahrak,21,12,10,S,0.0,19,6,1015
2015-09-13,Afghanistan,Shahrak,19,11,14,E,0.0,24,0,1017
2015-09-14,Afghanistan,Shahrak,18,9,13,NNE,0.0,32,0,1015
2015-09-15,Afghanistan,Shahrak,19,8,9,S,0.0,24,0,1013
2015-09-16,Afghanistan,Shahrak,16,10,5,E,0.0,27,6,1013
2015-09-17,Afghanistan,Shahrak,20,8,12,SE,0.0,25,30,1012
2015-09-18,Afghanistan,Shahrak,20,7,11,SSE,0.0,24,2,1013
2015-09-19,Afghanistan,Shahrak,20,8,11,SSE,0.0,23,1,1014
2015-09-20,Afghanistan,Shahrak,20,8,12,SE,0.0,22,3,1014
2015-09-21,Afghanistan,Shahrak,13,5,13,ENE,8.2,48,11,1013
2015-09-22,Afghanistan,Shahrak,15,6,16,S,0.0,41,6,1013
2015-09-23,Afghanistan,Shahrak,17,6,12,E,0.0,31,1,1013
2015-09-24,Afghanistan,Shahrak,17,8,10,SE,0.0,26,0,1013
2015-09-25,Afghanistan,Shahrak,15,7,14,E,0.0,27,0,1013
2015-09-26,Afghanistan,Shahrak,14,4,11,ENE,0.0,23,0,1015
2015-09-27,Afghanistan,Shahrak,14,5,9,SE,0.0,19,0,1016
2015-09-28,Afghanistan,Shahrak,13,6,10,S,0.0,25,11,1017
2015-09-29,Afghanistan,Shahrak,13,5,9,SSE,0.0,27,7,1018
2015-09-30,Afghanistan,Shahrak,15,5,9,SW,0.0,26,1,1021
2015-10-01,Afghanistan,Shahrak,16,7,9,SSW,0.0,25,3,1022
2015-10-02,Afghanistan,Shahrak,17,8,12,SW,0.0,29,10,1022
2015-10-03,Afghanistan,Shahrak,17,8,16,SE,0.0,34,1,1021
2015-10-04,Afghanistan,Shahrak,16,7,13,SW,0.0,40,3,1020
2015-10-05,Afghanistan,Shahrak,15,7,10,ENE,0.0,42,3,1018
2015-10-06,Afghanistan,Shahrak,17,9,9,SSW,0.0,31,0,1016
2015-10-07,Afghanistan,Shahrak,17,9,5,SW,0.0,23,15,1018
2015-10-08,Afghanistan,Shahrak,19,11,7,WSW,0.0,22,7,1017
2015-10-09,Afghanistan,Shahrak,19,12,8,S,0.0,24,3,1015
2015-10-10,Afghanistan,Shahrak,19,9,6,WSW,0.0,24,4,1013
2015-10-11,Afghanistan,Shahrak,19,9,10,WSW,0.0,27,0,1016
2015-10-12,Afghanistan,Shahrak,18,9,8,S,0.0,29,1,1018
2015-10-13,Afghanistan,Shahrak,18,8,8,W,0.0,20,5,1017
2015-10-14,Afghanistan,Shahrak,18,8,7,SSE,0.4,23,18,1018
2015-10-15,Afghanistan,Shahrak,17,9,8,SSW,0.9,28,25,1018
2015-10-16,Afghanistan,Shahrak,15,10,14,WSW,5.6,38,14,1019
2015-10-17,Afghanistan,Shahrak,15,8,8,S,0.1,39,28,1020
2015-10-18,Afghanistan,Shahrak,13,7,10,WSW,9.1,53,23,1020
2015-10-19,Afghanistan,Shahrak,9,3,10,W,0.0,42,6,1020
2015-10-20,Afghanistan,Shahrak,10,3,8,SW,0.0,20,4,1019
2015-10-21,Afghanistan,Shahrak,10,4,6,W,0.0,25,17,1019
2015-10-22,Afghanistan,Shahrak,11,5,8,W,0.0,39,8,1020
2015-10-23,Afghanistan,Shahrak,6,5,3,SSE,24.4,60,69,1019
2015-10-24,Afghanistan,Shahrak,13,4,8,SSW,12.7,36,42,1019
2015-10-25,Afghanistan,Shahrak,8,4,8,WNW,0.0,31,3,1019
2015-10-26,Afghanistan,Shahrak,9,0,8,W,0.0,25,0,1020
2015-10-27,Afghanistan,Shahrak,10,0,4,WSW,0.0,21,1,1020
2015-10-28,Afghanistan,Shahrak,12,2,3,SSW,0.0,22,8,1020
2015-10-29,Afghanistan,Shahrak,14,5,4,SSW,0.0,26,78,1020
2015-10-30,Afghanistan,Shahrak,14,7,4,SSE,0.0,30,12,1020
2015-10-31,Afghanistan,Shahrak,14,7,7,SSW,0.0,28,11,1018
2015-11-01,Afghanistan,Shahrak,4,2,5,W,19.6,75,75,1021
2015-11-02,Afghanistan,Shahrak,8,0,10,SE,1.3,68,41,1021
2015-11-03,Afghanistan,Shahrak,5,2,13,WSW,21.4,81,55,1020
2015-11-04,Afghanistan,Shahrak,4,-2,10,WSW,0.4,62,12,1020
2015-11-05,Afghanistan,Shahrak,2,-3,3,SW,0.0,56,2,1023
2015-11-06,Afghanistan,Shahrak,6,-2,6,SSW,0.0,44,23,1020
2015-11-07,Afghanistan,Shahrak,5,-1,4,WSW,0.0,55,21,1021
2015-11-08,Afghanistan,Shahrak,3,0,5,SSW,16.5,87,69,1020
2015-11-09,Afghanistan,Shahrak,5,-1,10,S,5.2,80,43,1018
2015-11-10,Afghanistan,Shahrak,6,1,12,S,0.3,75,38,1016
2015-11-11,Afghanistan,Shahrak,9,3,14,S,0.9,78,32,1015
2015-11-12,Afghanistan,Shahrak,4,2,11,S,27.4,91,67,1015
2015-11-13,Afghanistan,Shahrak,4,-1,4,SSW,0.0,68,16,1022
2015-11-14,Afghanistan,Shahrak,6,-1,8,S,0.0,42,1,1018
2015-11-15,Afghanistan,Shahrak,2,-3,5,SSW,2.8,68,27,1021
2015-11-16,Afghanistan,Shahrak,6,-2,7,SSW,0.0,37,2,1022
2015-11-17,Afghanistan,Shahrak,8,1,5,S,0.0,29,5,1020
2015-11-18,Afghanistan,Shahrak,11,2,10,SSE,0.0,33,39,1018
2015-11-19,Afghanistan,Shahrak,10,3,11,SSE,0.0,34,27,1019
2015-11-20,Afghanistan,Shahrak,8,1,9,SSE,0.0,42,0,1018
2015-11-21,Afghanistan,Shahrak,7,1,15,SSE,3.4,56,6,1017
2015-11-22,Afghanistan,Shahrak,2,-2,12,S,6.3,73,22,1019
2015-11-23,Afghanistan,Shahrak,0,-3,4,SSW,3.3,75,24,1023
2015-11-24,Afghanistan,Shahrak,0,-4,4,ESE,4.0,70,30,1026
2015-11-25,Afghanistan,Shahrak,-1,-5,5,S,1.9,69,24,1025
2015-11-26,Afghanistan,Shahrak,4,-3,3,SE,0.0,48,2,1024
2015-11-27,Afghanistan,Shahrak,7,-2,2,SE,0.0,26,0,1019
2015-11-28,Afghanistan,Shahrak,7,-2,4,S,0.0,25,20,1019
2015-11-29,Afghanistan,Shahrak,5,-1,7,SSE,0.0,37,32,1022
2015-11-30,Afghanistan,Shahrak,4,-2,7,SSE,0.0,39,0,1023
2015-12-01,Afghanistan,Shahrak,4,-2,3,S,0.0,39,0,1024
2015-12-02,Afghanistan,Shahrak,7,-2,4,S,0.0,38,2,1023
2015-12-03,Afghanistan,Shahrak,10,1,9,S,0.0,33,77,1021
2015-12-04,Afghanistan,Shahrak,9,3,8,SSE,0.0,33,38,1018
2015-12-05,Afghanistan,Shahrak,8,0,5,S,0.0,44,0,1020
2015-12-06,Afghanistan,Shahrak,6,-2,6,SSE,0.0,52,2,1020
2015-12-07,Afghanistan,Shahrak,6,-1,11,SSE,0.0,54,30,1018
2015-12-08,Afghanistan,Shahrak,3,-1,16,SSE,3.7,73,23,1016
2015-12-09,Afghanistan,Shahrak,-2,-5,7,SSE,2.2,78,27,1020
2015-12-10,Afghanistan,Shahrak,-7,-12,15,WSW,0.3,70,24,1031
2015-12-11,Afghanistan,Shahrak,-1,-12,5,NE,0.0,37,1,1029
2015-12-12,Afghanistan,Shahrak,0,-8,3,SSE,0.0,20,0,1021
2015-12-13,Afghanistan,Shahrak,0,-8,3,SSE,0.0,23,0,1021
2015-12-14,Afghanistan,Shahrak,2,-8,3,SSW,0.0,30,5,1023
2015-12-15,Afghanistan,Shahrak,3,-7,6,SSE,0.0,36,7,1017
2015-12-16,Afghanistan,Shahrak,-5,-8,6,S,1.0,72,61,1021
2015-12-17,Afghanistan,Shahrak,-2,-10,3,SE,0.0,77,10,1025
2015-12-18,Afghanistan,Shahrak,1,-9,10,S,0.1,60,43,1024
2015-12-19,Afghanistan,Shahrak,1,-6,9,S,0.2,59,54,1024
2015-12-20,Afghanistan,Shahrak,0,-7,8,S,0.1,60,50,1025
2015-12-21,Afghanistan,Shahrak,-4,-9,7,SSW,0.8,63,36,1022
2015-12-22,Afghanistan,Shahrak,-4,-9,5,WNW,0.1,75,25,1028
2015-12-23,Afghanistan,Shahrak,-6,-12,4,SSE,0.0,71,6,1031
2015-12-24,Afghanistan,Shahrak,-1,-11,4,S,0.0,52,26,1026
2015-12-25,Afghanistan,Shahrak,0,-6,7,S,3.4,91,84,1024
2015-12-26,Afghanistan,Shahrak,-2,-6,5,SW,9.1,97,89,1025
2015-12-27,Afghanistan,Shahrak,-2,-10,3,SSE,0.3,95,48,1028
2015-12-28,Afghanistan,Shahrak,-4,-13,5,SSE,0.1,82,23,1029
2015-12-29,Afghanistan,Shahrak,-1,-14,6,SSE,0.1,58,33,1024
2015-12-30,Afghanistan,Shahrak,-2,-16,5,SE,0.0,54,11,1024
2015-12-31,Afghanistan,Shahrak,0,-7,11,SE,0.1,51,53,1020
2016-01-01,Afghanistan,Shahrak,0,-9,8,SE,0.0,75,9,1023
2016-01-02,Afghanistan,Shahrak,0,-4,9,SSE,8.1,91,71,1022
2016-01-03,Afghanistan,Shahrak,0,-4,10,SSE,12.7,96,81,1017
2016-01-04,Afghanistan,Shahrak,-1,-10,9,SSW,13.0,71,43,1020
2016-01-05,Afghanistan,Shahrak,-3,-14,7,SSE,0.0,66,21,1022
2016-01-06,Afghanistan,Shahrak,-3,-14,9,SSE,0.0,72,6,1021
2016-01-07,Afghanistan,Shahrak,-1,-13,10,S,0.0,81,17,1023
2016-01-08,Afghanistan,Shahrak,-1,-15,6,SSE,0.0,79,6,1024
2016-01-09,Afghanistan,Shahrak,0,-11,8,SSE,0.0,71,2,1019
2016-01-10,Afghanistan,Shahrak,0,-9,10,SSE,0.0,72,4,1016
2016-01-11,Afghanistan,Shahrak,-2,-10,5,W,4.3,91,48,1021
2016-01-12,Afghanistan,Shahrak,-4,-21,3,ESE,0.0,79,17,1023
2016-01-13,Afghanistan,Shahrak,-2,-15,4,SSE,0.0,63,24,1019
2016-01-14,Afghanistan,Shahrak,-3,-17,5,S,0.0,65,0,1020
2016-01-15,Afghanistan,Shahrak,0,-14,5,SSE,0.0,64,0,1020
2016-01-16,Afghanistan,Shahrak,-1,-15,5,E,0.0,70,2,1021
2016-01-17,Afghanistan,Shahrak,-3,-16,7,NE,0.0,73,18,1021
2016-01-18,Afghanistan,Shahrak,-4,-19,5,NE,0.0,75,5,1024
2016-01-19,Afghanistan,Shahrak,-1,-17,3,ESE,0.0,50,3,1021
2016-01-20,Afghanistan,Shahrak,0,-15,4,SSE,0.0,45,0,1020
2016-01-21,Afghanistan,Shahrak,-1,-12,7,NE,0.0,54,0,1024
2016-01-22,Afghanistan,Shahrak,-1,-14,5,ENE,0.0,71,6,1023
2016-01-23,Afghanistan,Shahrak,0,-14,3,ESE,0.0,66,14,1022
2016-01-24,Afghanistan,Shahrak,1,-12,5,SSE,0.0,58,15,1020
2016-01-25,Afghanistan,Shahrak,0,-7,8,SSE,3.4,71,44,1016
2016-01-26,Afghanistan,Shahrak,-1,-6,8,S,5.6,90,33,1014
2016-01-27,Afghanistan,Shahrak,-1,-13,7,SSE,0.0,81,7,1016
2016-01-28,Afghanistan,Shahrak,-1,-12,9,S,8.1,89,48,1015
2016-01-29,Afghanistan,Shahrak,-7,-21,6,SW,5.6,88,53,1022
2016-01-30,Afghanistan,Shahrak,-6,-23,3,SSE,0.0,79,5,1027
2016-01-31,Afghanistan,Shahrak,-6,-23,4,E,0.0,79,2,1028
2016-02-01,Afghanistan,Shahrak,-3,-20,4,SE,0.0,71,14,1026
2016-02-02,Afghanistan,Shahrak,-4,-18,5,SSE,0.0,70,8,1025
2016-02-03,Afghanistan,Shahrak,-2,-16,5,ESE,0.0,73,29,1024
2016-02-04,Afghanistan,Shahrak,-4,-16,7,NE,0.0,82,26,1025
2016-02-05,Afghanistan,Shahrak,-4,-18,7,NE,0.0,82,6,1026
2016-02-06,Afghanistan,Shahrak,-1,-19,4,ESE,0.0,68,0,1020
2016-02-07,Afghanistan,Shahrak,0,-15,7,SSE,0.0,55,2,1020
2016-02-08,Afghanistan,Shahrak,0,-13,7,SSE,0.0,62,25,1018
2016-02-09,Afghanistan,Shahrak,0,-10,7,S,0.9,70,31,1016
2016-02-10,Afghanistan,Shahrak,-10,-22,8,SW,3.1,91,52,1025
2016-02-11,Afghanistan,Shahrak,-7,-24,6,E,0.0,85,7,1024
2016-02-12,Afghanistan,Shahrak,-5,-19,4,S,0.0,67,46,1021
2016-02-13,Afghanistan,Shahrak,-4,-20,6,S,0.0,71,4,1023
2016-02-14,Afghanistan,Shahrak,-6,-23,4,SE,0.0,66,0,1025
2016-02-15,Afghanistan,Shahrak,-3,-20,5,ESE,0.0,60,54,1026
2016-02-16,Afghanistan,Shahrak,-3,-17,6,ENE,0.0,63,14,1027
2016-02-17,Afghanistan,Shahrak,-2,-18,6,E,0.0,55,33,1026
2016-02-18,Afghanistan,Shahrak,0,-11,8,SE,0.0,57,40,1023
2016-02-19,Afghanistan,Shahrak,0,-8,10,SSE,0.0,63,37,1022
2016-02-20,Afghanistan,Shahrak,0,-12,8,SE,0.0,67,5,1024
2016-02-21,Afghanistan,Shahrak,1,-10,7,ESE,0.0,63,9,1023
2016-02-22,Afghanistan,Shahrak,2,-8,7,ENE,0.0,60,0,1026
2016-02-23,Afghanistan,Shahrak,5,-7,7,ENE,0.0,43,0,1024
2016-02-24,Afghanistan,Shahrak,7,-4,6,ENE,0.0,38,0,1018
2016-02-25,Afghanistan,Shahrak,7,-4,6,ENE,0.0,38,0,1018
2016-02-26,Afghanistan,Shahrak,5,-5,5,ESE,0.0,53,0,1022
2016-02-27,Afghanistan,Shahrak,5,-5,6,ENE,0.0,52,2,1025
2016-02-28,Afghanistan,Shahrak,6,-2,5,ESE,0.0,54,4,1023
2016-03-01,Afghanistan,Shahrak,6,1,8,ESE,18.7,83,46,1020
2016-03-02,Afghanistan,Shahrak,5,0,6,E,0.5,83,30,1020
2016-03-03,Afghanistan,Shahrak,4,0,9,ESE,6.5,85,61,1020
2016-03-04,Afghanistan,Shahrak,4,-1,5,SSE,3.5,83,74,1018
2016-03-05,Afghanistan,Shahrak,6,-1,3,E,0.0,73,10,1017
2016-03-06,Afghanistan,Shahrak,7,0,7,S,0.0,66,7,1016
2016-03-07,Afghanistan,Shahrak,8,2,5,SSE,6.5,70,22,1017
2016-03-08,Afghanistan,Shahrak,4,1,5,ESE,17.4,81,55,1017
2016-03-09,Afghanistan,Shahrak,7,0,5,S,6.0,74,28,1015
2016-03-10,Afghanistan,Shahrak,3,0,9,E,19.5,84,60,1015
2016-03-11,Afghanistan,Shahrak,3,-1,7,W,13.6,89,62,1014
2016-03-12,Afghanistan,Shahrak,4,-5,6,ENE,0.0,66,14,1015
2016-03-13,Afghanistan,Shahrak,5,-1,6,SSE,2.7,48,32,1015
2016-03-14,Afghanistan,Shahrak,6,-2,9,SW,3.4,59,15,1017
2016-03-15,Afghanistan,Shahrak,9,1,19,S,0.7,48,22,1013
2016-03-16,Afghanistan,Shahrak,8,4,15,SSW,18.3,77,52,1010
2016-03-17,Afghanistan,Shahrak,4,1,13,SSW,8.0,82,28,1010
2016-03-18,Afghanistan,Shahrak,4,-1,11,SW,4.3,70,37,1011
2016-03-19,Afghanistan,Shahrak,2,-5,7,SW,0.8,61,32,1015
2016-03-20,Afghanistan,Shahrak,2,-5,6,SW,0.1,59,7,1018
2016-03-21,Afghanistan,Shahrak,5,-4,6,S,0.0,53,7,1021
2016-03-22,Afghanistan,Shahrak,11,0,11,SE,0.0,35,19,1017
2016-03-23,Afghanistan,Shahrak,10,3,21,SSE,4.8,55,14,1013
2016-03-24,Afghanistan,Shahrak,5,1,16,SSW,9.5,72,21,1016
2016-03-25,Afghanistan,Shahrak,5,-2,6,SW,1.9,66,19,1022
2016-03-26,Afghanistan,Shahrak,10,1,7,SW,0.0,43,15,1022
2016-03-27,Afghanistan,Shahrak,11,4,11,S,0.0,37,42,1018
2016-03-28,Afghanistan,Shahrak,13,4,14,S,1.7,45,34,1015
2016-03-29,Afghanistan,Shahrak,15,5,12,S,0.2,45,21,1015
2016-03-30,Afghanistan,Shahrak,13,6,22,S,16.1,56,11,1013
2016-03-31,Afghanistan,Shahrak,12,6,14,SSW,12.5,63,15,1014
2016-04-01,Afghanistan,Shahrak,8,4,11,S,19.3,78,46,1011
2016-04-02,Afghanistan,Shahrak,9,3,18,S,12.4,73,40,1014
2016-04-03,Afghanistan,Shahrak,5,0,19,SW,0.4,52,9,1017
2016-04-04,Afghanistan,Shahrak,7,0,8,S,0.0,39,2,1017
2016-04-05,Afghanistan,Shahrak,9,2,7,SW,0.0,37,6,1015
2016-04-06,Afghanistan,Shahrak,10,4,8,SSW,0.3,39,13,1015
2016-04-07,Afghanistan,Shahrak,10,5,6,SE,9.4,45,23,1015
2016-04-08,Afghanistan,Shahrak,8,4,10,SW,31.6,65,49,1015
2016-04-09,Afghanistan,Shahrak,10,1,5,SSE,0.1,56,23,1017
2016-04-10,Afghanistan,Shahrak,8,4,10,SW,16.0,61,40,1016
2016-04-11,Afghanistan,Shahrak,8,3,11,SW,11.1,69,38,1017
2016-04-12,Afghanistan,Shahrak,10,5,12,SW,7.5,67,23,1016
2016-04-13,Afghanistan,Shahrak,14,5,11,SSW,0.8,45,40,1015
2016-04-14,Afghanistan,Shahrak,15,6,13,SSW,1.1,46,49,1013
2016-04-15,Afghanistan,Shahrak,13,6,14,WSW,1.1,45,49,1015
2016-04-16,Afghanistan,Shahrak,14,5,11,SSW,0.3,39,48,1016
2016-04-17,Afghanistan,Shahrak,14,6,12,SSW,1.0,43,51,1015
2016-04-18,Afghanistan,Shahrak,14,6,12,SSW,1.3,46,59,1014
2016-04-19,Afghanistan,Shahrak,13,5,11,SSW,3.5,50,60,1013
2016-04-20,Afghanistan,Shahrak,13,5,11,SSW,1.2,46,49,1013
2016-04-21,Afghanistan,Shahrak,8,2,12,W,0.0,48,5,1017
2016-04-22,Afghanistan,Shahrak,11,3,13,WNW,0.0,37,0,1015
2016-04-23,Afghanistan,Shahrak,9,3,15,E,0.0,41,3,1017
2016-04-24,Afghanistan,Shahrak,12,3,10,SSE,0.0,50,4,1014
2016-04-25,Afghanistan,Shahrak,13,4,9,SSW,0.0,50,6,1012
2016-04-26,Afghanistan,Shahrak,15,7,11,WNW,0.3,42,8,1015
2016-04-27,Afghanistan,Shahrak,15,9,12,WNW,0.5,43,11,1017
2016-04-28,Afghanistan,Shahrak,16,9,9,SW,0.0,38,6,1016
2016-04-29,Afghanistan,Shahrak,19,10,6,S,0.0,27,1,1015
2016-04-30,Afghanistan,Shahrak,19,11,7,SW,0.0,27,6,1013
2016-05-01,Afghanistan,Shahrak,19,13,13,S,1.2,33,22,1011
2016-05-02,Afghanistan,Shahrak,15,11,7,SW,26.0,56,41,1011
2016-05-03,Afghanistan,Shahrak,15,9,10,SW,10.5,60,16,1012
2016-05-04,Afghanistan,Shahrak,15,7,9,SSE,0.2,52,10,1012
2016-05-05,Afghanistan,Shahrak,18,11,8,WNW,0.0,39,3,1013
2016-05-06,Afghanistan,Shahrak,19,13,13,WSW,0.1,37,6,1014
2016-05-07,Afghanistan,Shahrak,20,13,10,SW,1.8,35,19,1014
2016-05-08,Afghanistan,Shahrak,21,14,8,SW,0.1,35,9,1014
2016-05-09,Afghanistan,Shahrak,20,15,7,SE,2.8,37,20,1014
2016-05-10,Afghanistan,Shahrak,20,15,13,SSE,5.3,41,26,1013
2016-05-11,Afghanistan,Shahrak,17,14,17,SW,7.4,47,19,1012
2016-05-12,Afghanistan,Shahrak,17,10,11,NW,0.0,43,5,1013
2016-05-13,Afghanistan,Shahrak,16,11,11,W,6.7,41,31,1012
2016-05-14,Afghanistan,Shahrak,17,11,9,WSW,1.5,39,3,1014
2016-05-15,Afghanistan,Shahrak,18,12,10,SW,0.4,38,17,1015
2016-05-16,Afghanistan,Shahrak,20,12,10,WNW,0.0,37,0,1013
2016-05-17,Afghanistan,Shahrak,21,14,15,W,0.0,34,0,1012
2016-05-18,Afghanistan,Shahrak,20,13,16,SSW,0.0,36,1,1013
2016-05-19,Afghanistan,Shahrak,18,9,17,S,0.5,36,36,1013
2016-05-20,Afghanistan,Shahrak,19,8,14,S,0.1,33,24,1013
2016-05-21,Afghanistan,Shahrak,20,9,13,SSW,0.1,32,24,1012
2016-05-22,Afghanistan,Shahrak,18,12,11,S,3.8,40,13,1010
2016-05-23,Afghanistan,Shahrak,16,8,14,SE,0.0,45,4,1010
2016-05-24,Afghanistan,Shahrak,18,10,12,SW,0.0,39,2,1010
2016-05-25,Afghanistan,Shahrak,20,12,10,WSW,0.0,29,8,1006
2016-05-26,Afghanistan,Shahrak,19,15,5,SSW,0.6,29,3,1007
2016-05-27,Afghanistan,Shahrak,17,12,9,SE,0.0,43,2,1011
2016-05-28,Afghanistan,Shahrak,12,11,10,ESE,0.0,46,3,1014
2016-05-29,Afghanistan,Shahrak,19,11,15,SE,0.0,25,0,1011
2016-05-30,Afghanistan,Shahrak,22,12,10,S,0.0,21,0,1009
2016-05-31,Afghanistan,Shahrak,22,14,11,S,0.0,18,13,1007
2016-06-01,Afghanistan,Shahrak,22,10,15,SSE,0.6,26,14,1010
2016-06-02,Afghanistan,Shahrak,21,15,12,SSW,0.4,31,23,1007
2016-06-03,Afghanistan,Shahrak,21,13,12,SE,3.1,34,21,1010
2016-06-04,Afghanistan,Shahrak,21,14,13,SW,0.5,30,16,1012
2016-06-05,Afghanistan,Shahrak,22,14,9,SE,0.0,27,0,1013
2016-06-06,Afghanistan,Shahrak,23,16,15,N,0.0,23,0,1012
2016-06-07,Afghanistan,Shahrak,23,15,17,ENE,0.0,24,2,1011
2016-06-08,Afghanistan,Shahrak,24,16,11,ESE,0.0,20,0,1008
2016-06-09,Afghanistan,Shahrak,23,17,22,NNE,0.0,24,9,1008
2016-06-10,Afghanistan,Shahrak,21,15,20,NNE,0.0,34,9,1010
2016-06-11,Afghanistan,Shahrak,22,14,23,NNE,0.0,29,2,1009
2016-06-12,Afghanistan,Shahrak,22,14,17,NNE,0.0,24,0,1008
2016-06-13,Afghanistan,Shahrak,24,15,10,E,0.0,21,0,1007
2016-06-14,Afghanistan,Shahrak,24,15,13,S,0.6,38,8,1007
2016-06-15,Afghanistan,Shahrak,14,10,15,WNW,0.3,57,14,1008
2016-06-16,Afghanistan,Shahrak,23,11,20,ESE,0.0,26,3,1008
2016-06-17,Afghanistan,Shahrak,22,10,12,SSE,0.0,30,1,1009
2016-06-18,Afghanistan,Shahrak,22,13,14,NNE,0.0,29,1,1011
2016-06-19,Afghanistan,Shahrak,23,13,15,ENE,0.0,26,0,1012
2016-06-20,Afghanistan,Shahrak,22,15,17,NNE,0.0,23,0,1011
2016-06-21,Afghanistan,Shahrak,21,13,21,NNE,0.0,21,0,1011
2016-06-22,Afghanistan,Shahrak,19,11,23,NNE,0.0,33,1,1012
2016-06-23,Afghanistan,Shahrak,20,11,15,NNE,0.0,26,1,1011
2016-06-24,Afghanistan,Shahrak,22,12,13,E,0.0,21,0,1009
2016-06-25,Afghanistan,Shahrak,23,14,11,E,0.0,21,1,1009
2016-06-26,Afghanistan,Shahrak,23,15,17,ENE,0.0,24,6,1009
2016-06-27,Afghanistan,Shahrak,22,14,17,ESE,0.0,33,6,1008
2016-06-28,Afghanistan,Shahrak,24,14,10,E,0.0,28,3,1008
2016-06-29,Afghanistan,Shahrak,26,17,13,SSW,0.0,22,5,1008
2016-06-30,Afghanistan,Shahrak,25,18,15,SE,0.0,22,3,1007
2016-07-01,Afghanistan,Shahrak,25,17,18,NE,0.0,18,2,1005
2016-07-02,Afghanistan,Shahrak,25,17,24,NNE,0.0,21,0,1004
2016-07-03,Afghanistan,Shahrak,25,16,17,NNE,0.0,20,0,1004
2016-07-04,Afghanistan,Shahrak,26,17,12,SSE,0.0,21,2,1003
2016-07-05,Afghanistan,Shahrak,25,18,15,SW,0.0,28,17,1003
2016-07-06,Afghanistan,Shahrak,22,15,19,SE,0.0,35,2,1005
2016-07-07,Afghanistan,Shahrak,23,14,17,S,0.0,23,0,1007
2016-07-08,Afghanistan,Shahrak,24,16,17,SW,0.0,23,6,1006
2016-07-09,Afghanistan,Shahrak,22,15,23,E,0.0,23,0,1006
2016-07-10,Afghanistan,Shahrak,23,14,26,NNE,0.0,23,0,1007
2016-07-11,Afghanistan,Shahrak,24,15,18,NNE,0.0,22,0,1006
2016-07-12,Afghanistan,Shahrak,25,16,20,NNE,0.0,19,0,1007
2016-07-13,Afghanistan,Shahrak,23,16,30,NNE,0.0,24,0,1010
2016-07-14,Afghanistan,Shahrak,20,13,24,NNE,0.0,46,6,1010
2016-07-15,Afghanistan,Shahrak,23,13,21,NNE,0.0,36,3,1008
2016-07-16,Afghanistan,Shahrak,25,14,17,NNE,0.0,25,0,1006
2016-07-17,Afghanistan,Shahrak,23,15,22,NNE,0.0,26,7,1006
2016-07-18,Afghanistan,Shahrak,26,14,20,ESE,0.0,23,4,1006
2016-07-19,Afghanistan,Shahrak,25,13,20,E,0.0,22,1,1005
2016-07-20,Afghanistan,Shahrak,26,13,20,E,0.0,22,3,1005
2016-07-21,Afghanistan,Shahrak,26,13,20,E,0.0,23,2,1006
2016-07-22,Afghanistan,Shahrak,26,13,17,E,0.0,23,2,1006
2016-07-23,Afghanistan,Shahrak,26,13,19,ENE,0.0,22,12,1006
2016-07-24,Afghanistan,Shahrak,26,13,18,E,0.0,22,2,1006
2016-07-25,Afghanistan,Shahrak,26,13,18,E,0.0,22,1,1006
2016-07-26,Afghanistan,Shahrak,26,14,17,ESE,0.0,21,21,1006
2016-07-27,Afghanistan,Shahrak,26,13,17,ESE,0.0,21,3,1006
2016-07-28,Afghanistan,Shahrak,25,16,16,WSW,0.0,35,5,1007
2016-07-29,Afghanistan,Shahrak,22,15,18,SE,0.0,34,2,1007
2016-07-30,Afghanistan,Shahrak,22,14,16,W,0.0,33,1,1008
2016-07-31,Afghanistan,Shahrak,21,12,18,SE,0.0,32,2,1008
2016-08-01,Afghanistan,Shahrak,22,12,19,SE,0.0,23,0,1008
2016-08-02,Afghanistan,Shahrak,21,11,20,N,0.0,22,0,1007
2016-08-03,Afghanistan,Shahrak,22,12,14,SE,0.0,26,1,1006
2016-08-04,Afghanistan,Shahrak,23,13,12,SE,0.0,23,2,1007
2016-08-05,Afghanistan,Shahrak,23,14,16,ESE,0.0,23,2,1008
2016-08-06,Afghanistan,Shahrak,23,14,17,NE,0.0,26,19,1008
2016-08-07,Afghanistan,Shahrak,24,15,15,NE,0.0,22,6,1008
2016-08-08,Afghanistan,Shahrak,25,14,13,S,0.0,23,4,1007
2016-08-09,Afghanistan,Shahrak,24,15,16,SE,0.0,24,3,1006
2016-08-10,Afghanistan,Shahrak,23,15,19,NE,0.0,24,3,1006
2016-08-11,Afghanistan,Shahrak,23,14,16,SE,0.0,23,15,1008
2016-08-12,Afghanistan,Shahrak,23,15,15,SE,0.0,19,0,1009
2016-08-13,Afghanistan,Shahrak,23,14,15,S,0.0,17,0,1009
2016-08-14,Afghanistan,Shahrak,21,13,17,NE,0.0,19,6,1008
2016-08-15,Afghanistan,Shahrak,21,13,18,SE,0.0,23,2,1008
2016-08-16,Afghanistan,Shahrak,19,11,21,NE,0.0,26,0,1009
2016-08-17,Afghanistan,Shahrak,19,11,18,NNE,0.0,26,0,1008
2016-08-18,Afghanistan,Shahrak,21,12,12,SE,0.0,27,7,1008
2016-08-19,Afghanistan,Shahrak,20,13,14,SE,0.0,19,0,1009
2016-08-20,Afghanistan,Shahrak,20,12,16,N,0.0,20,0,1011
2016-08-21,Afghanistan,Shahrak,21,12,16,ENE,0.0,23,0,1011
2016-08-22,Afghanistan,Shahrak,21,12,14,SE,0.0,18,0,1012
2016-08-23,Afghanistan,Shahrak,21,12,15,NE,0.0,20,1,1012
2016-08-24,Afghanistan,Shahrak,21,12,10,ESE,0.0,24,5,1011
2016-08-25,Afghanistan,Shahrak,21,13,9,S,0.0,19,1,1012
2016-08-26,Afghanistan,Shahrak,22,12,10,S,0.0,19,1,1013
2016-08-27,Afghanistan,Shahrak,22,13,10,SSE,0.0,16,0,1013
2016-08-28,Afghanistan,Shahrak,22,13,11,S,0.0,17,1,1014
2016-08-29,Afghanistan,Shahrak,20,12,17,E,0.0,16,0,1013
2016-08-30,Afghanistan,Shahrak,18,11,23,NE,0.0,22,1,1012
2016-08-31,Afghanistan,Shahrak,18,15,25,NNE,0.0,21,22,1009
2016-09-01,Afghanistan,Shahrak,19,11,13,E,0.0,26,19,1009
2016-09-02,Afghanistan,Shahrak,20,12,13,S,0.0,19,0,1010
2016-09-03,Afghanistan,Shahrak,20,12,18,NE,0.0,17,1,1012
2016-09-04,Afghanistan,Shahrak,19,10,18,SE,0.0,27,0,1013
2016-09-05,Afghanistan,Shahrak,20,10,15,E,0.0,27,0,1013
2016-09-06,Afghanistan,Shahrak,22,11,18,NE,0.0,16,0,1013
2016-09-07,Afghanistan,Shahrak,22,11,12,NNE,0.0,18,0,1011
2016-09-08,Afghanistan,Shahrak,23,13,9,SSE,0.0,16,0,1011
2016-09-09,Afghanistan,Shahrak,23,13,8,SSW,0.0,18,0,1013
2016-09-10,Afghanistan,Shahrak,23,14,11,SW,0.0,25,9,1011
2016-09-11,Afghanistan,Shahrak,18,11,19,SE,0.0,32,1,1013
2016-09-12,Afghanistan,Shahrak,19,9,11,SE,0.0,32,1,1012
2016-09-13,Afghanistan,Shahrak,18,10,13,NNE,0.0,30,0,1014
2016-09-14,Afghanistan,Shahrak,20,10,11,SSE,0.0,26,0,1013
2016-09-15,Afghanistan,Shahrak,20,11,10,SE,0.0,18,0,1013
2016-09-16,Afghanistan,Shahrak,21,12,11,ESE,0.0,18,0,1014
2016-09-17,Afghanistan,Shahrak,21,12,12,NNE,0.0,22,0,1013
2016-09-18,Afghanistan,Shahrak,23,12,8,SSW,0.0,17,0,1011
2016-09-19,Afghanistan,Shahrak,22,13,10,ESE,0.0,13,1,1012
2016-09-20,Afghanistan,Shahrak,22,13,11,SSE,0.0,17,5,1012
2016-09-21,Afghanistan,Shahrak,21,13,9,SW,0.0,22,21,1012
2016-09-22,Afghanistan,Shahrak,21,13,8,WSW,0.0,20,0,1013
2016-09-23,Afghanistan,Shahrak,22,11,12,N,0.0,20,0,1012
2016-09-24,Afghanistan,Shahrak,24,11,8,SSE,0.0,13,0,1010
2016-09-25,Afghanistan,Shahrak,22,12,9,SSE,0.0,9,0,1011
2016-09-26,Afghanistan,Shahrak,21,12,8,SSW,0.0,11,0,1014
2016-09-27,Afghanistan,Shahrak,23,13,11,WSW,0.0,14,0,1014
2016-09-28,Afghanistan,Shahrak,19,10,10,ESE,0.0,24,0,1014
2016-09-29,Afghanistan,Shahrak,21,9,9,SSW,0.0,16,0,1011
2016-09-30,Afghanistan,Shahrak,22,9,14,SSE,0.0,22,0,1011
2016-10-01,Afghanistan,Shahrak,20,12,13,SW,0.0,28,9,1014
2016-10-02,Afghanistan,Shahrak,17,7,10,ENE,0.0,39,2,1019
2016-10-03,Afghanistan,Shahrak,19,8,7,SSW,0.0,26,0,1017
2016-10-04,Afghanistan,Shahrak,18,10,7,SSW,0.0,21,5,1014
2016-10-05,Afghanistan,Shahrak,16,9,8,W,0.0,26,7,1014
2016-10-06,Afghanistan,Shahrak,15,7,6,SSW,0.0,25,0,1015
2016-10-07,Afghanistan,Shahrak,14,7,7,SE,0.0,24,0,1017
2016-10-08,Afghanistan,Shahrak,13,4,9,SSE,0.0,25,0,1017
2016-10-09,Afghanistan,Shahrak,14,3,8,S,0.0,19,1,1016
2016-10-10,Afghanistan,Shahrak,14,3,7,ENE,0.0,16,0,1015
2016-10-11,Afghanistan,Shahrak,15,3,8,SW,0.0,14,3,1015
2016-10-12,Afghanistan,Shahrak,13,4,9,SE,0.0,19,0,1016
2016-10-13,Afghanistan,Shahrak,15,3,8,SSE,0.0,12,4,1016
2016-10-14,Afghanistan,Shahrak,14,3,7,SW,0.0,17,1,1018
2016-10-15,Afghanistan,Shahrak,16,4,7,WSW,0.0,18,0,1016
2016-10-16,Afghanistan,Shahrak,16,5,8,SSW,0.0,18,5,1018
2016-10-17,Afghanistan,Shahrak,17,7,8,SSW,0.0,25,2,1018
2016-10-18,Afghanistan,Shahrak,15,5,8,SSW,0.0,31,1,1019
2016-10-19,Afghanistan,Shahrak,12,2,9,ESE,0.0,38,5,1020
2016-10-20,Afghanistan,Shahrak,12,4,12,WSW,0.0,30,1,1017
2016-10-21,Afghanistan,Shahrak,11,1,8,SW,0.0,31,3,1018
2016-10-22,Afghanistan,Shahrak,10,1,7,SE,0.0,32,16,1020
2016-10-23,Afghanistan,Shahrak,12,1,8,SW,0.0,32,12,1018
2016-10-24,Afghanistan,Shahrak,10,0,7,SSW,0.0,33,0,1018
2016-10-25,Afghanistan,Shahrak,9,0,9,S,0.0,28,0,1020
2016-10-26,Afghanistan,Shahrak,10,-1,7,ENE,0.0,20,0,1023
2016-10-27,Afghanistan,Shahrak,14,1,7,SW,0.0,18,1,1024
2016-10-28,Afghanistan,Shahrak,12,3,11,SW,0.0,25,0,1024
2016-10-29,Afghanistan,Shahrak,12,3,6,S,0.0,23,8,1019
2016-10-30,Afghanistan,Shahrak,13,3,6,SW,0.1,23,20,1018
2016-10-31,Afghanistan,Shahrak,15,4,11,S,0.0,26,13,1020
2016-11-01,Afghanistan,Shahrak,13,4,7,SSW,0.0,26,2,1021
2016-11-02,Afghanistan,Shahrak,14,4,10,S,0.0,27,0,1020
2016-11-03,Afghanistan,Shahrak,10,3,15,SW,3.8,46,25,1021
2016-11-04,Afghanistan,Shahrak,8,0,5,S,0.0,47,10,1023
2016-11-05,Afghanistan,Shahrak,10,-1,11,W,0.0,18,10,1019
2016-11-06,Afghanistan,Shahrak,8,-2,6,SSW,0.0,16,0,1021
2016-11-07,Afghanistan,Shahrak,9,-1,5,SE,0.0,15,9,1023
2016-11-08,Afghanistan,Shahrak,11,1,9,SSW,0.1,26,14,1021
2016-11-09,Afghanistan,Shahrak,8,1,8,SW,0.0,32,7,1023
2016-11-10,Afghanistan,Shahrak,5,-2,5,WNW,0.0,39,3,1022
2016-11-11,Afghanistan,Shahrak,5,-3,7,SE,0.0,47,8,1022
2016-11-12,Afghanistan,Shahrak,8,-3,5,SSW,0.0,29,0,1023
2016-11-13,Afghanistan,Shahrak,7,-2,6,SE,0.0,21,1,1025
2016-11-14,Afghanistan,Shahrak,10,-2,6,WSW,0.0,19,6,1022
2016-11-15,Afghanistan,Shahrak,10,-1,6,W,0.0,22,6,1021
2016-11-16,Afghanistan,Shahrak,11,0,6,SSW,0.0,21,8,1020
2016-11-17,Afghanistan,Shahrak,13,2,7,SSW,0.0,18,10,1022
2016-11-18,Afghanistan,Shahrak,13,1,5,WSW,0.0,18,11,1021
2016-11-19,Afghanistan,Shahrak,11,1,6,WSW,0.0,29,39,1020
2016-11-20,Afghanistan,Shahrak,3,-2,8,WSW,2.9,68,67,1021
2016-11-21,Afghanistan,Shahrak,0,-6,10,W,0.3,63,28,1024
2016-11-22,Afghanistan,Shahrak,2,-7,10,S,0.0,37,31,1026
2016-11-23,Afghanistan,Shahrak,-4,-8,10,SSW,2.5,58,38,1026
2016-11-24,Afghanistan,Shahrak,-3,-7,9,S,3.5,83,76,1028
2016-11-25,Afghanistan,Shahrak,-2,-5,15,S,8.7,93,83,1025
2016-11-26,Afghanistan,Shahrak,-3,-14,8,S,0.2,68,35,1029
2016-11-27,Afghanistan,Shahrak,1,-11,5,SSE,0.0,52,9,1025
2016-11-28,Afghanistan,Shahrak,3,-6,5,SSE,0.0,75,37,1022
2016-11-29,Afghanistan,Shahrak,3,-4,6,SSW,0.0,75,13,1021
2016-11-30,Afghanistan,Shahrak,4,-5,6,S,0.0,57,3,1023
2016-12-01,Afghanistan,Shahrak,5,-4,7,SSE,0.0,31,9,1023
2016-12-02,Afghanistan,Shahrak,8,-2,6,SSE,0.0,35,7,1024
2016-12-03,Afghanistan,Shahrak,12,1,7,SSW,0.1,47,16,1023
2016-12-04,Afghanistan,Shahrak,10,2,4,SE,0.0,61,6,1025
2016-12-05,Afghanistan,Shahrak,9,1,4,SSW,0.0,43,9,1024
2016-12-06,Afghanistan,Shahrak,10,2,8,SSE,0.0,40,21,1022
2016-12-07,Afghanistan,Shahrak,10,2,12,S,0.0,39,28,1020
2016-12-08,Afghanistan,Shahrak,8,1,11,SSW,0.0,45,8,1018
2016-12-09,Afghanistan,Shahrak,7,1,20,S,0.3,55,11,1013
2016-12-10,Afghanistan,Shahrak,-2,-6,11,SW,6.0,73,33,1015
2016-12-11,Afghanistan,Shahrak,-1,-8,10,SSE,0.0,62,3,1017
2016-12-12,Afghanistan,Shahrak,-2,-9,7,SSW,2.6,72,32,1019
2016-12-13,Afghanistan,Shahrak,0,-12,7,SE,0.0,70,9,1022
2016-12-14,Afghanistan,Shahrak,0,-8,9,SSE,0.0,54,52,1020
2016-12-15,Afghanistan,Shahrak,1,-8,8,SSE,0.0,51,1,1019
2016-12-16,Afghanistan,Shahrak,1,-7,9,SSE,0.0,60,2,1019
2016-12-17,Afghanistan,Shahrak,2,-6,6,S,0.0,72,3,1021
2016-12-18,Afghanistan,Shahrak,1,-7,8,S,0.0,70,5,1020
2016-12-19,Afghanistan,Shahrak,-1,-9,4,SSW,0.0,76,9,1024
2016-12-20,Afghanistan,Shahrak,0,-8,7,SSE,0.0,59,11,1023
2016-12-21,Afghanistan,Shahrak,4,-6,12,S,0.0,48,14,1022
2016-12-22,Afghanistan,Shahrak,3,-3,5,SSW,0.0,43,8,1025
2016-12-23,Afghanistan,Shahrak,1,-4,7,SW,0.0,43,5,1024
2016-12-24,Afghanistan,Shahrak,-3,-6,6,WSW,0.0,46,3,1026
2016-12-25,Afghanistan,Shahrak,6,-6,5,SSE,0.0,21,7,1023
2016-12-26,Afghanistan,Shahrak,7,-1,7,S,0.0,40,15,1021
2016-12-27,Afghanistan,Shahrak,8,0,6,SW,0.0,51,12,1023
2016-12-28,Afghanistan,Shahrak,9,1,9,S,0.0,51,33,1020
2016-12-29,Afghanistan,Shahrak,7,0,5,SW,0.0,43,14,1023
2016-12-30,Afghanistan,Shahrak,6,-1,7,SW,0.0,32,15,1022
2016-12-31,Afghanistan,Shahrak,4,-3,4,NW,0.0,39,9,1022
2017-01-01,Afghanistan,Shahrak,5,-1,8,SW,0.8,58,57,1020
2017-01-02,Afghanistan,Shahrak,3,-1,5,SSW,4.6,72,47,1019
2017-01-03,Afghanistan,Shahrak,4,-1,12,SW,4.2,66,60,1015
2017-01-04,Afghanistan,Shahrak,1,-6,11,WSW,0.2,59,7,1018
2017-01-05,Afghanistan,Shahrak,0,-5,6,WSW,0.9,57,21,1019
2017-01-06,Afghanistan,Shahrak,-6,-9,11,N,0.0,60,11,1023
2017-01-07,Afghanistan,Shahrak,-6,-13,4,SE,0.0,50,2,1024
2017-01-08,Afghanistan,Shahrak,-4,-13,4,SW,0.0,25,0,1020
2017-01-09,Afghanistan,Shahrak,-3,-13,5,WSW,0.0,29,0,1021
2017-01-10,Afghanistan,Shahrak,-1,-10,7,W,0.0,34,1,1022
2017-01-11,Afghanistan,Shahrak,-1,-9,5,WNW,0.0,45,4,1023
2017-01-12,Afghanistan,Shahrak,-3,-10,3,SSE,0.0,53,5,1020
2017-01-13,Afghanistan,Shahrak,-3,-10,10,SSE,0.0,47,30,1016
2017-01-14,Afghanistan,Shahrak,-2,-9,12,SE,1.4,69,35,1014
2017-01-15,Afghanistan,Shahrak,-5,-9,8,SSE,11.1,89,72,1019
2017-01-16,Afghanistan,Shahrak,-5,-14,5,S,0.2,86,66,1023
2017-01-17,Afghanistan,Shahrak,-7,-16,3,SSW,1.3,92,84,1025
2017-01-18,Afghanistan,Shahrak,-6,-19,3,SSE,0.0,89,25,1028
2017-01-19,Afghanistan,Shahrak,-4,-15,7,SSE,0.0,71,20,1028
2017-01-20,Afghanistan,Shahrak,-3,-14,7,SSE,0.2,71,33,1026
2017-01-21,Afghanistan,Shahrak,-3,-11,9,SSE,0.7,82,58,1023
2017-01-22,Afghanistan,Shahrak,-2,-9,10,SSE,1.7,93,71,1022
2017-01-23,Afghanistan,Shahrak,-2,-7,7,SSW,8.7,97,97,1019
2017-01-24,Afghanistan,Shahrak,-6,-14,5,S,0.9,93,81,1025
2017-01-25,Afghanistan,Shahrak,-6,-20,6,SSE,0.0,93,44,1026
2017-01-26,Afghanistan,Shahrak,-6,-21,7,SSE,0.0,80,10,1027
2017-01-27,Afghanistan,Shahrak,-2,-12,9,SSE,2.8,79,53,1020
2017-01-28,Afghanistan,Shahrak,-1,-7,11,SSE,0.0,75,30,1016
2017-01-29,Afghanistan,Shahrak,-1,-6,10,SSE,9.1,95,64,1017
2017-01-30,Afghanistan,Shahrak,-3,-18,9,SSW,5.2,91,38,1020
2017-01-31,Afghanistan,Shahrak,-2,-20,6,SSE,0.0,65,2,1023
2017-02-01,Afghanistan,Shahrak,-1,-15,8,SSE,0.0,56,14,1018
2017-02-02,Afghanistan,Shahrak,-1,-6,12,SSE,15.9,78,73,1015
2017-02-03,Afghanistan,Shahrak,-3,-11,5,SSE,57.9,98,99,1014
2017-02-04,Afghanistan,Shahrak,-11,-26,11,NW,4.5,95,74,1022
2017-02-05,Afghanistan,Shahrak,-9,-28,4,ENE,0.0,89,14,1026
2017-02-06,Afghanistan,Shahrak,-5,-23,6,SSE,0.0,69,15,1024
2017-02-07,Afghanistan,Shahrak,-4,-21,4,SSE,0.0,70,47,1024
2017-02-08,Afghanistan,Shahrak,-6,-22,3,SE,0.0,91,18,1027
2017-02-09,Afghanistan,Shahrak,-3,-22,4,SE,0.0,79,5,1026
2017-02-10,Afghanistan,Shahrak,-2,-19,7,SSE,0.0,60,30,1020
2017-02-11,Afghanistan,Shahrak,-2,-16,6,SSE,1.6,79,44,1021
2017-02-12,Afghanistan,Shahrak,-2,-14,9,SSE,0.1,93,37,1023
2017-02-13,Afghanistan,Shahrak,-1,-10,11,SE,0.4,91,51,1024
2017-02-14,Afghanistan,Shahrak,0,-3,11,SSE,11.7,97,92,1023
2017-02-15,Afghanistan,Shahrak,0,-2,9,SSE,12.2,98,96,1022
2017-02-16,Afghanistan,Shahrak,0,-3,10,SSE,7.6,97,90,1020
2017-02-17,Afghanistan,Shahrak,0,-5,14,SE,7.7,97,87,1017
2017-02-18,Afghanistan,Shahrak,0,-2,13,SSW,42.7,98,98,1017
2017-02-19,Afghanistan,Shahrak,-6,-21,5,SW,1.0,91,41,1028
2017-02-20,Afghanistan,Shahrak,-4,-22,5,NE,0.0,72,1,1025
2017-02-21,Afghanistan,Shahrak,-3,-21,4,E,0.0,63,0,1020
2017-02-22,Afghanistan,Shahrak,0,-20,6,SSE,0.0,62,1,1019
2017-02-23,Afghanistan,Shahrak,0,-16,6,SSE,0.0,65,11,1023
2017-02-24,Afghanistan,Shahrak,-1,-14,7,SSW,1.5,78,59,1022
2017-02-25,Afghanistan,Shahrak,-1,-14,7,SSW,1.5,78,59,1022
2017-02-26,Afghanistan,Shahrak,-1,-16,5,SE,0.0,70,1,1021
2017-02-27,Afghanistan,Shahrak,-1,-16,5,ENE,0.0,69,19,1021
2017-02-28,Afghanistan,Shahrak,-2,-17,4,SE,0.0,91,18,1023
2017-03-01,Afghanistan,Shahrak,-3,-17,4,E,0.0,88,13,1024
2017-03-02,Afghanistan,Shahrak,-3,-18,4,ENE,0.0,84,5,1024
2017-03-03,Afghanistan,Shahrak,-1,-15,4,SSE,0.0,73,30,1019
2017-03-04,Afghanistan,Shahrak,-1,-15,4,SE,0.2,83,6,1017
2017-03-05,Afghanistan,Shahrak,-1,-12,4,SSE,4.1,89,29,1016
2017-03-06,Afghanistan,Shahrak,0,-12,7,NE,0.6,96,37,1017
2017-03-07,Afghanistan,Shahrak,-2,-11,6,ENE,0.2,91,53,1016
2017-03-08,Afghanistan,Shahrak,-3,-11,5,SE,4.5,90,40,1016
2017-03-09,Afghanistan,Shahrak,-5,-14,9,SE,0.0,90,46,1019
2017-03-10,Afghanistan,Shahrak,-7,-16,10,S,0.0,87,37,1023
2017-03-11,Afghanistan,Shahrak,-7,-21,5,W,0.0,79,13,1026
2017-03-12,Afghanistan,Shahrak,-3,-19,7,S,2.4,67,31,1020
2017-03-13,Afghanistan,Shahrak,-1,-12,7,WSW,0.2,80,8,1020
2017-03-14,Afghanistan,Shahrak,0,-9,8,SE,1.1,79,38,1015
2017-03-15,Afghanistan,Shahrak,1,-6,5,S,5.1,88,16,1014
2017-03-16,Afghanistan,Shahrak,1,-7,5,S,0.5,86,8,1016
2017-03-17,Afghanistan,Shahrak,2,-6,5,S,4.7,82,28,1016
2017-03-18,Afghanistan,Shahrak,1,-7,4,S,0.4,87,19,1018
2017-03-19,Afghanistan,Shahrak,3,-6,5,SSE,0.0,79,16,1019
2017-03-20,Afghanistan,Shahrak,3,-2,13,SE,0.3,77,32,1015
2017-03-21,Afghanistan,Shahrak,1,0,9,S,36.7,98,97,1014
2017-03-22,Afghanistan,Shahrak,2,-2,5,SSE,1.4,93,54,1017
2017-03-23,Afghanistan,Shahrak,5,-5,7,SE,0.0,83,19,1020
2017-03-24,Afghanistan,Shahrak,7,0,12,SSE,0.5,61,32,1017
2017-03-25,Afghanistan,Shahrak,9,2,15,SSE,1.9,70,18,1017
2017-03-26,Afghanistan,Shahrak,9,4,19,S,9.8,82,46,1018
2017-03-27,Afghanistan,Shahrak,10,2,13,SSW,5.8,69,21,1019
2017-03-28,Afghanistan,Shahrak,11,4,10,S,1.3,60,7,1019
2017-03-29,Afghanistan,Shahrak,11,3,12,S,1.5,60,10,1017
2017-03-30,Afghanistan,Shahrak,9,4,6,S,14.6,70,22,1019
2017-03-31,Afghanistan,Shahrak,11,5,10,SW,3.3,54,15,1019
2017-04-01,Afghanistan,Shahrak,11,4,9,SSW,4.5,56,18,1018
2017-04-02,Afghanistan,Shahrak,11,6,14,W,9.1,55,6,1015
2017-04-03,Afghanistan,Shahrak,11,6,16,SSW,9.1,55,20,1013
2017-04-04,Afghanistan,Shahrak,8,2,18,SW,9.4,61,22,1013
2017-04-05,Afghanistan,Shahrak,1,-3,15,SW,2.4,70,27,1018
2017-04-06,Afghanistan,Shahrak,1,-6,16,W,0.0,52,8,1018
2017-04-07,Afghanistan,Shahrak,3,-4,8,NNW,0.0,42,2,1018
2017-04-08,Afghanistan,Shahrak,10,-1,9,SSW,0.0,36,7,1018
2017-04-09,Afghanistan,Shahrak,14,4,11,SW,0.0,38,13,1019
2017-04-10,Afghanistan,Shahrak,14,6,10,SW,0.0,34,14,1018
2017-04-11,Afghanistan,Shahrak,15,7,10,WSW,0.0,36,23,1019
2017-04-12,Afghanistan,Shahrak,16,6,11,NW,0.0,42,14,1019
2017-04-13,Afghanistan,Shahrak,15,7,12,WSW,2.2,57,14,1021
2017-04-14,Afghanistan,Shahrak,19,8,5,SSW,0.0,44,2,1017
2017-04-15,Afghanistan,Shahrak,19,11,9,S,0.0,34,0,1015
2017-04-16,Afghanistan,Shahrak,19,12,5,S,0.0,36,1,1014
2017-04-17,Afghanistan,Shahrak,20,13,9,SSW,0.2,33,25,1014
2017-04-18,Afghanistan,Shahrak,19,12,10,S,1.2,44,15,1014
2017-04-19,Afghanistan,Shahrak,17,12,10,W,2.6,46,19,1012
2017-04-20,Afghanistan,Shahrak,15,11,5,S,16.0,55,14,1013
2017-04-21,Afghanistan,Shahrak,15,8,12,SW,3.3,57,13,1013
2017-04-22,Afghanistan,Shahrak,10,3,17,NW,1.1,48,8,1016
2017-04-23,Afghanistan,Shahrak,12,3,16,SW,0.0,32,1,1018
2017-04-24,Afghanistan,Shahrak,15,5,9,SW,0.0,26,0,1013
2017-04-25,Afghanistan,Shahrak,17,7,10,WNW,0.0,28,6,1013
2017-04-26,Afghanistan,Shahrak,14,6,15,NNE,0.0,48,14,1016
2017-04-27,Afghanistan,Shahrak,13,6,15,NE,0.0,66,34,1019
2017-04-28,Afghanistan,Shahrak,10,3,16,NNE,0.0,61,18,1020
2017-04-29,Afghanistan,Shahrak,11,3,13,NNE,0.0,42,3,1019
2017-04-30,Afghanistan,Shahrak,14,5,9,NNE,0.0,28,6,1018
2017-05-01,Afghanistan,Shahrak,15,8,8,SW,0.0,26,14,1016
2017-05-02,Afghanistan,Shahrak,15,8,9,S,3.3,38,33,1016
2017-05-03,Afghanistan,Shahrak,15,7,9,SE,3.1,39,13,1016
2017-05-04,Afghanistan,Shahrak,16,10,9,SW,2.3,37,9,1016
2017-05-05,Afghanistan,Shahrak,18,12,9,WSW,1.7,37,14,1016
2017-05-06,Afghanistan,Shahrak,17,12,12,SW,6.1,45,9,1016
2017-05-07,Afghanistan,Shahrak,17,12,9,SSW,8.0,43,12,1016
2017-05-08,Afghanistan,Shahrak,18,11,8,WNW,0.7,40,6,1016
2017-05-09,Afghanistan,Shahrak,17,12,10,WNW,0.6,38,7,1014
2017-05-10,Afghanistan,Shahrak,17,11,14,NNE,6.6,42,2,1014
2017-05-11,Afghanistan,Shahrak,19,12,7,SSE,0.0,36,6,1014
2017-05-12,Afghanistan,Shahrak,20,13,7,SE,0.5,35,19,1014
2017-05-13,Afghanistan,Shahrak,19,13,8,E,4.0,38,27,1014
2017-05-14,Afghanistan,Shahrak,18,13,6,E,3.3,39,30,1012
2017-05-15,Afghanistan,Shahrak,16,13,7,S,19.6,48,32,1010
2017-05-16,Afghanistan,Shahrak,17,11,11,S,1.7,48,5,1009
2017-05-17,Afghanistan,Shahrak,21,12,11,E,0.0,36,3,1011
2017-05-18,Afghanistan,Shahrak,21,14,14,SSW,0.1,38,6,1013
2017-05-19,Afghanistan,Shahrak,20,12,11,S,0.0,39,6,1013
2017-05-20,Afghanistan,Shahrak,19,11,11,SE,0.0,29,0,1010
2017-05-21,Afghanistan,Shahrak,21,11,7,SSE,0.0,25,0,1007
2017-05-22,Afghanistan,Shahrak,21,14,8,SSW,0.0,21,22,1008
2017-05-23,Afghanistan,Shahrak,21,14,12,SSW,0.0,31,4,1012
2017-05-24,Afghanistan,Shahrak,22,13,9,S,0.0,30,7,1012
2017-05-25,Afghanistan,Shahrak,23,15,12,SW,0.0,22,9,1012
2017-05-26,Afghanistan,Shahrak,22,15,14,ESE,0.0,22,0,1013
2017-05-27,Afghanistan,Shahrak,23,14,12,SE,0.0,21,1,1012
2017-05-28,Afghanistan,Shahrak,22,15,15,SE,0.0,18,0,1011
2017-05-29,Afghanistan,Shahrak,23,15,19,E,0.0,22,0,1013
2017-05-30,Afghanistan,Shahrak,18,12,24,NE,0.0,38,2,1014
2017-05-31,Afghanistan,Shahrak,19,9,16,S,0.0,27,1,1012
2017-06-01,Afghanistan,Shahrak,21,11,9,SE,0.0,18,0,1010
2017-06-02,Afghanistan,Shahrak,24,15,8,S,0.0,14,3,1008
2017-06-03,Afghanistan,Shahrak,26,18,16,SSW,0.0,16,5,1009
2017-06-04,Afghanistan,Shahrak,23,14,13,S,0.0,34,7,1011
2017-06-05,Afghanistan,Shahrak,21,13,15,S,0.0,39,3,1011
2017-06-06,Afghanistan,Shahrak,19,11,28,NNE,0.0,27,1,1014
2017-06-07,Afghanistan,Shahrak,21,10,15,NNE,0.0,22,0,1013
2017-06-08,Afghanistan,Shahrak,22,13,13,SSW,0.0,17,0,1009
2017-06-09,Afghanistan,Shahrak,21,13,17,ENE,0.0,17,0,1010
2017-06-10,Afghanistan,Shahrak,22,14,16,S,0.0,19,5,1009
2017-06-11,Afghanistan,Shahrak,21,14,14,SW,0.0,21,0,1008
2017-06-12,Afghanistan,Shahrak,22,13,18,SW,0.0,20,0,1008
2017-06-13,Afghanistan,Shahrak,25,14,19,ENE,0.0,16,1,1009
2017-06-14,Afghanistan,Shahrak,25,16,12,E,0.0,19,3,1010
2017-06-15,Afghanistan,Shahrak,26,15,12,SW,0.0,20,0,1009
2017-06-16,Afghanistan,Shahrak,26,16,21,SE,0.0,12,0,1008
2017-06-17,Afghanistan,Shahrak,25,17,20,E,0.0,15,1,1008
2017-06-18,Afghanistan,Shahrak,24,16,17,S,0.0,21,2,1008
2017-06-19,Afghanistan,Shahrak,23,16,18,ENE,0.0,27,0,1007
2017-06-20,Afghanistan,Shahrak,23,15,21,NE,0.0,24,0,1006
2017-06-21,Afghanistan,Shahrak,24,15,20,SW,0.0,18,0,1005
2017-06-22,Afghanistan,Shahrak,26,16,20,NE,0.0,15,0,1007
2017-06-23,Afghanistan,Shahrak,28,18,14,SSW,0.0,17,4,1006
2017-06-24,Afghanistan,Shahrak,26,17,17,SW,0.0,28,1,1006
2017-06-25,Afghanistan,Shahrak,23,14,18,NE,0.0,27,0,1006
2017-06-26,Afghanistan,Shahrak,21,13,25,NE,0.0,28,0,1009
2017-06-27,Afghanistan,Shahrak,21,13,26,NNE,0.0,35,2,1010
2017-06-28,Afghanistan,Shahrak,21,11,19,N,0.0,29,1,1009
2017-06-29,Afghanistan,Shahrak,24,12,16,SSE,0.0,23,0,1007
2017-06-30,Afghanistan,Shahrak,23,14,18,SW,0.0,19,0,1005
2017-07-01,Afghanistan,Shahrak,21,13,24,ENE,0.0,20,0,1008
2017-07-02,Afghanistan,Shahrak,22,13,27,NNE,0.0,25,0,1008
2017-07-03,Afghanistan,Shahrak,23,13,20,NNE,0.0,25,0,1007
2017-07-04,Afghanistan,Shahrak,22,14,22,NNE,0.0,24,1,1005
2017-07-05,Afghanistan,Shahrak,24,14,25,NNE,0.0,20,0,1006
2017-07-06,Afghanistan,Shahrak,24,15,27,NNE,0.0,20,0,1007
2017-07-07,Afghanistan,Shahrak,25,16,11,ESE,0.0,23,3,1005
2017-07-08,Afghanistan,Shahrak,27,18,14,SE,0.0,17,9,1006
2017-07-09,Afghanistan,Shahrak,26,18,26,NNE,0.0,19,5,1008
2017-07-10,Afghanistan,Shahrak,25,17,27,NNE,0.0,21,2,1009
2017-07-11,Afghanistan,Shahrak,24,15,25,NNE,0.0,20,0,1008
2017-07-12,Afghanistan,Shahrak,23,14,20,NNE,0.0,31,1,1007
2017-07-13,Afghanistan,Shahrak,24,15,12,SE,0.8,33,17,1006
2017-07-14,Afghanistan,Shahrak,23,16,13,SSW,0.6,30,30,1006
2017-07-15,Afghanistan,Shahrak,24,15,13,S,0.0,30,9,1007
2017-07-16,Afghanistan,Shahrak,23,14,17,SE,0.0,26,0,1007
2017-07-17,Afghanistan,Shahrak,22,13,19,SE,0.0,23,1,1009
2017-07-18,Afghanistan,Shahrak,22,13,17,NE,0.0,19,2,1009
2017-07-19,Afghanistan,Shahrak,23,14,14,ENE,0.0,20,0,1008
2017-07-20,Afghanistan,Shahrak,24,14,12,ENE,0.0,24,0,1006
2017-07-21,Afghanistan,Shahrak,25,15,12,ENE,0.0,21,2,1005
2017-07-22,Afghanistan,Shahrak,24,15,16,NNE,0.0,19,1,1007
2017-07-23,Afghanistan,Shahrak,23,14,14,NNE,0.0,20,0,1007
2017-07-24,Afghanistan,Shahrak,24,14,12,ESE,0.0,20,0,1005
2017-07-25,Afghanistan,Shahrak,26,15,12,ENE,0.0,20,0,1004
2017-07-26,Afghanistan,Shahrak,26,15,7,SSE,0.0,22,2,1004
2017-07-27,Afghanistan,Shahrak,25,17,13,ENE,0.0,20,6,1006
2017-07-28,Afghanistan,Shahrak,24,16,16,ENE,0.0,27,20,1008
2017-07-29,Afghanistan,Shahrak,25,15,9,SE,0.0,25,6,1008
2017-07-30,Afghanistan,Shahrak,27,16,10,S,0.0,22,2,1007
2017-07-31,Afghanistan,Shahrak,25,16,15,ENE,0.0,25,7,1007
2017-08-01,Afghanistan,Shahrak,24,15,18,S,0.0,23,3,1008
2017-08-02,Afghanistan,Shahrak,21,13,18,SW,0.0,25,0,1009
2017-08-03,Afghanistan,Shahrak,20,12,24,N,0.0,32,1,1009
2017-08-04,Afghanistan,Shahrak,22,11,18,NE,0.0,40,3,1008
2017-08-05,Afghanistan,Shahrak,24,12,12,ENE,0.0,29,0,1008
2017-08-06,Afghanistan,Shahrak,25,14,11,ENE,0.0,26,5,1008
2017-08-07,Afghanistan,Shahrak,25,15,13,ENE,0.0,27,3,1009
2017-08-08,Afghanistan,Shahrak,25,15,14,ENE,0.0,24,3,1008
2017-08-09,Afghanistan,Shahrak,25,16,17,ENE,0.0,24,7,1008
2017-08-10,Afghanistan,Shahrak,23,15,15,SE,0.0,23,4,1007
2017-08-11,Afghanistan,Shahrak,22,14,22,ENE,0.0,21,0,1009
2017-08-12,Afghanistan,Shahrak,20,11,16,N,0.0,34,2,1008
2017-08-13,Afghanistan,Shahrak,21,11,11,E,0.0,23,3,1007
2017-08-14,Afghanistan,Shahrak,22,11,8,S,0.0,17,1,1009
2017-08-15,Afghanistan,Shahrak,22,12,8,SSW,0.0,15,0,1010
2017-08-16,Afghanistan,Shahrak,20,12,14,E,0.0,14,1,1010
2017-08-17,Afghanistan,Shahrak,20,11,14,N,0.0,19,0,1010
2017-08-18,Afghanistan,Shahrak,21,10,10,E,0.0,18,0,1010
2017-08-19,Afghanistan,Shahrak,23,12,9,E,0.0,16,0,1011
2017-08-20,Afghanistan,Shahrak,22,12,12,NNE,0.0,19,0,1012
2017-08-21,Afghanistan,Shahrak,22,12,11,ESE,0.0,21,0,1010
2017-08-22,Afghanistan,Shahrak,23,12,9,E,0.0,22,0,1009
2017-08-23,Afghanistan,Shahrak,23,13,9,S,0.0,18,0,1010
2017-08-24,Afghanistan,Shahrak,22,12,10,NE,0.0,16,0,1010
2017-08-25,Afghanistan,Shahrak,20,11,16,ESE,0.0,19,0,1010
2017-08-26,Afghanistan,Shahrak,19,9,15,NNE,0.0,20,0,1010
2017-08-27,Afghanistan,Shahrak,20,9,12,ESE,0.0,23,0,1010
2017-08-28,Afghanistan,Shahrak,20,10,12,ENE,0.0,23,0,1011
2017-08-29,Afghanistan,Shahrak,22,11,9,ESE,0.0,21,1,1010
2017-08-30,Afghanistan,Shahrak,22,12,8,SSE,0.0,20,1,1010
2017-08-31,Afghanistan,Shahrak,22,13,12,ENE,0.0,23,2,1010
2017-09-01,Afghanistan,Shahrak,22,13,14,NNE,0.0,19,0,1009
2017-09-02,Afghanistan,Shahrak,21,11,13,NNE,0.0,17,0,1010
2017-09-03,Afghanistan,Shahrak,20,11,12,NNE,0.0,19,0,1010
2017-09-04,Afghanistan,Shahrak,21,11,11,ESE,0.0,22,0,1012
2017-09-05,Afghanistan,Shahrak,20,11,13,NNE,0.0,21,0,1013
2017-09-06,Afghanistan,Shahrak,20,10,12,NNE,0.0,18,0,1012
2017-09-07,Afghanistan,Shahrak,22,10,7,S,0.0,19,0,1012
2017-09-08,Afghanistan,Shahrak,22,11,8,SSW,0.0,18,0,1013
2017-09-09,Afghanistan,Shahrak,20,11,12,NE,0.0,26,0,1014
2017-09-10,Afghanistan,Shahrak,20,10,13,ENE,0.0,25,0,1014
2017-09-11,Afghanistan,Shahrak,20,9,10,ESE,0.0,28,0,1015
2017-09-12,Afghanistan,Shahrak,19,9,12,NNE,0.0,24,0,1016
2017-09-13,Afghanistan,Shahrak,18,9,11,SE,0.0,27,2,1014
2017-09-14,Afghanistan,Shahrak,18,8,10,ENE,0.0,31,7,1013
2017-09-15,Afghanistan,Shahrak,19,9,11,ENE,0.0,24,9,1014
2017-09-16,Afghanistan,Shahrak,17,8,10,E,0.0,22,0,1015
2017-09-17,Afghanistan,Shahrak,17,7,8,ESE,0.0,23,0,1016
2017-09-18,Afghanistan,Shahrak,18,8,8,SSE,0.0,21,0,1015
2017-09-19,Afghanistan,Shahrak,18,8,10,ENE,0.0,24,3,1014
2017-09-20,Afghanistan,Shahrak,17,7,13,NE,0.0,27,7,1014
2017-09-21,Afghanistan,Shahrak,16,7,11,NNE,0.0,23,3,1013
2017-09-22,Afghanistan,Shahrak,17,7,8,SSE,0.0,28,3,1013
2017-09-23,Afghanistan,Shahrak,17,8,9,S,0.0,24,0,1015
2017-09-24,Afghanistan,Shahrak,19,7,10,ESE,0.0,21,0,1017
2017-09-25,Afghanistan,Shahrak,17,6,13,NNE,0.0,23,0,1017
2017-09-26,Afghanistan,Shahrak,17,7,10,ESE,0.0,26,0,1016
2017-09-27,Afghanistan,Shahrak,17,8,10,ESE,0.0,28,0,1017
2017-09-28,Afghanistan,Shahrak,18,8,9,SSE,0.0,22,0,1015
2017-09-29,Afghanistan,Shahrak,19,8,13,S,0.0,26,2,1016
2017-09-30,Afghanistan,Shahrak,19,7,10,SSW,0.0,35,1,1018
2017-10-01,Afghanistan,Shahrak,17,6,10,SW,0.0,23,0,1018
2017-10-02,Afghanistan,Shahrak,18,8,5,SSW,0.0,22,1,1016
2017-10-03,Afghanistan,Shahrak,19,9,7,SSW,0.0,22,5,1013
2017-10-04,Afghanistan,Shahrak,19,9,10,SSW,0.0,26,14,1015
2017-10-05,Afghanistan,Shahrak,19,9,13,S,0.0,26,8,1014
2017-10-06,Afghanistan,Shahrak,9,8,6,S,0.0,38,0,1016
2017-10-07,Afghanistan,Shahrak,17,8,9,WSW,0.0,29,0,1017
2017-10-08,Afghanistan,Shahrak,16,4,6,SSW,0.0,24,0,1016
2017-10-09,Afghanistan,Shahrak,17,4,6,SSW,0.0,15,0,1015
2017-10-10,Afghanistan,Shahrak,16,7,9,SSE,0.0,22,5,1016
2017-10-11,Afghanistan,Shahrak,16,7,7,SSE,0.2,27,26,1016
2017-10-12,Afghanistan,Shahrak,16,7,8,ESE,0.0,26,32,1015
2017-10-13,Afghanistan,Shahrak,14,7,8,ESE,0.0,25,1,1015
2017-10-14,Afghanistan,Shahrak,17,6,9,SSE,0.0,27,1,1015
2017-10-15,Afghanistan,Shahrak,14,3,8,S,0.0,28,0,1015
2017-10-16,Afghanistan,Shahrak,15,4,9,SW,0.0,19,0,1015
2017-10-17,Afghanistan,Shahrak,17,5,13,SSW,0.0,19,0,1014
2017-10-18,Afghanistan,Shahrak,15,3,9,W,0.0,29,0,1018
2017-10-19,Afghanistan,Shahrak,12,1,8,E,0.0,36,1,1021
2017-10-20,Afghanistan,Shahrak,15,0,7,S,0.0,19,0,1018
2017-10-21,Afghanistan,Shahrak,12,2,8,SW,0.0,17,2,1016
2017-10-22,Afghanistan,Shahrak,11,2,8,SSW,0.0,25,0,1015
2017-10-23,Afghanistan,Shahrak,12,1,10,WSW,0.0,23,0,1017
2017-10-24,Afghanistan,Shahrak,12,2,5,ESE,0.0,24,0,1023
2017-10-25,Afghanistan,Shahrak,14,2,8,WSW,0.0,16,0,1022
2017-10-26,Afghanistan,Shahrak,13,1,8,E,0.0,18,0,1021
2017-10-27,Afghanistan,Shahrak,14,2,6,SSW,0.0,20,0,1019
2017-10-28,Afghanistan,Shahrak,14,5,10,WNW,0.0,29,2,1022
2017-10-29,Afghanistan,Shahrak,15,3,3,SSE,0.0,29,3,1020
2017-10-30,Afghanistan,Shahrak,16,4,5,SW,0.0,26,4,1020
2017-10-31,Afghanistan,Shahrak,16,6,6,SW,0.0,23,4,1017
2017-11-01,Afghanistan,Shahrak,15,5,6,SSW,0.0,23,1,1018
2017-11-02,Afghanistan,Shahrak,15,3,4,SW,0.0,23,1,1019
2017-11-03,Afghanistan,Shahrak,15,4,5,S,0.0,25,1,1019
2017-11-04,Afghanistan,Shahrak,15,4,4,SE,0.0,26,25,1020
2017-11-05,Afghanistan,Shahrak,17,5,6,SW,0.0,21,30,1021
2017-11-06,Afghanistan,Shahrak,13,5,6,ESE,0.0,26,41,1023
2017-11-07,Afghanistan,Shahrak,13,3,7,ESE,0.0,31,18,1021
2017-11-08,Afghanistan,Shahrak,11,1,8,NNE,0.0,37,1,1021
2017-11-09,Afghanistan,Shahrak,12,0,6,ESE,0.0,28,36,1019
2017-11-10,Afghanistan,Shahrak,11,1,6,SSE,0.0,27,46,1018
2017-11-11,Afghanistan,Shahrak,10,-1,6,SSW,0.0,28,13,1018
2017-11-12,Afghanistan,Shahrak,9,3,7,SSE,4.0,40,51,1016
2017-11-13,Afghanistan,Shahrak,6,0,6,S,5.8,66,31,1016
2017-11-14,Afghanistan,Shahrak,1,-3,11,NW,1.7,76,47,1017
2017-11-15,Afghanistan,Shahrak,1,-4,7,SE,0.9,72,33,1018
2017-11-16,Afghanistan,Shahrak,2,-6,5,ENE,1.1,68,35,1021
2017-11-17,Afghanistan,Shahrak,4,-5,5,S,0.0,61,9,1022
2017-11-18,Afghanistan,Shahrak,3,-3,7,E,0.0,56,5,1024
2017-11-19,Afghanistan,Shahrak,4,-6,4,SE,0.0,38,3,1024
2017-11-20,Afghanistan,Shahrak,5,-5,4,SW,0.0,25,2,1023
2017-11-21,Afghanistan,Shahrak,6,-5,3,S,0.0,21,21,1021
2017-11-22,Afghanistan,Shahrak,7,-4,9,SSE,1.0,21,49,1018
2017-11-23,Afghanistan,Shahrak,7,-1,9,SSE,0.2,43,14,1016
2017-11-24,Afghanistan,Shahrak,3,-1,10,SSE,3.0,58,43,1018
2017-11-25,Afghanistan,Shahrak,4,-2,14,SSW,1.9,61,12,1019
2017-11-26,Afghanistan,Shahrak,3,-4,7,SW,0.0,41,7,1025
2017-11-27,Afghanistan,Shahrak,5,-3,7,SSW,0.0,24,11,1021
2017-11-28,Afghanistan,Shahrak,4,0,6,SW,1.1,56,35,1020
2017-11-29,Afghanistan,Shahrak,3,-4,5,SW,0.0,58,5,1023
2017-11-30,Afghanistan,Shahrak,4,-3,6,SW,0.0,36,4,1022
2017-12-01,Afghanistan,Shahrak,5,-3,7,WSW,0.0,39,9,1021
2017-12-02,Afghanistan,Shahrak,1,-5,6,SSE,0.0,57,6,1024
2017-12-03,Afghanistan,Shahrak,-3,-8,7,WSW,0.0,65,21,1028
2017-12-04,Afghanistan,Shahrak,-4,-8,9,WNW,0.0,43,10,1029
2017-12-05,Afghanistan,Shahrak,0,-8,4,SSW,0.0,21,0,1025
2017-12-06,Afghanistan,Shahrak,2,-6,6,S,0.0,19,1,1021
2017-12-07,Afghanistan,Shahrak,7,-3,7,SSE,0.0,17,21,1019
2017-12-08,Afghanistan,Shahrak,6,-1,14,SSE,0.0,23,65,1016
2017-12-09,Afghanistan,Shahrak,1,-4,5,SSE,0.0,29,3,1021
2017-12-10,Afghanistan,Shahrak,1,-6,6,SE,0.0,34,0,1022
2017-12-11,Afghanistan,Shahrak,0,-5,6,WSW,0.0,30,0,1019
2017-12-12,Afghanistan,Shahrak,-4,-8,9,E,0.0,44,4,1022
2017-12-13,Afghanistan,Shahrak,-4,-9,6,SSE,0.0,46,14,1023
2017-12-14,Afghanistan,Shahrak,-4,-7,9,SSW,0.7,54,33,1025
2017-12-15,Afghanistan,Shahrak,-5,-9,9,S,2.2,69,56,1027
2017-12-16,Afghanistan,Shahrak,-1,-7,8,SSE,0.0,57,41,1027
2017-12-17,Afghanistan,Shahrak,2,-3,7,SSE,0.5,58,59,1027
2017-12-18,Afghanistan,Shahrak,2,-3,7,SSE,0.1,63,34,1026
2017-12-19,Afghanistan,Shahrak,2,-3,5,SSE,0.0,58,36,1026
2017-12-20,Afghanistan,Shahrak,2,-3,5,SW,0.0,51,6,1028
2017-12-21,Afghanistan,Shahrak,4,-2,3,SSE,0.0,55,5,1030
2017-12-22,Afghanistan,Shahrak,4,-3,4,SSW,0.0,54,19,1026
2017-12-23,Afghanistan,Shahrak,4,-3,5,WSW,0.9,69,27,1023
2017-12-24,Afghanistan,Shahrak,4,-3,6,SSW,0.0,72,16,1021
2017-12-25,Afghanistan,Shahrak,8,0,8,S,0.0,47,8,1020
2017-12-26,Afghanistan,Shahrak,8,1,10,SW,0.0,47,23,1019
2017-12-27,Afghanistan,Shahrak,0,-5,11,NNE,0.6,54,22,1028
2017-12-28,Afghanistan,Shahrak,3,-5,7,NE,0.0,26,0,1027
2017-12-29,Afghanistan,Shahrak,3,-6,3,S,0.0,17,5,1024
2017-12-30,Afghanistan,Shahrak,4,-4,4,WNW,0.0,18,29,1023
2017-12-31,Afghanistan,Shahrak,4,-5,3,SSW,0.0,23,0,1021
2018-01-01,Afghanistan,Shahrak,4,-4,3,SW,0.0,22,5,1018
2018-01-02,Afghanistan,Shahrak,6,-3,8,SSE,0.0,20,2,1013
2018-01-03,Afghanistan,Shahrak,4,-2,12,S,0.1,30,29,1011
2018-01-04,Afghanistan,Shahrak,-2,-6,7,W,1.5,59,15,1016
2018-01-05,Afghanistan,Shahrak,0,-7,6,SSW,0.0,46,2,1017
2018-01-06,Afghanistan,Shahrak,0,-6,5,S,0.0,30,14,1016
2018-01-07,Afghanistan,Shahrak,0,-5,5,SE,0.5,42,70,1020
2018-01-08,Afghanistan,Shahrak,-3,-5,5,E,5.7,80,58,1022
2018-01-09,Afghanistan,Shahrak,-2,-5,8,SSE,1.0,74,70,1024
2018-01-10,Afghanistan,Shahrak,-1,-6,6,S,0.0,72,28,1025
2018-01-11,Afghanistan,Shahrak,0,-5,4,SSW,0.0,52,4,1026
2018-01-12,Afghanistan,Shahrak,2,-5,5,S,0.0,30,4,1023
2018-01-13,Afghanistan,Shahrak,4,-3,6,SW,0.0,25,2,1021
2018-01-14,Afghanistan,Shahrak,1,-5,5,SSW,0.0,26,9,1023
2018-01-15,Afghanistan,Shahrak,5,-3,11,SSE,0.0,22,1,1018
2018-01-16,Afghanistan,Shahrak,2,-5,7,SW,0.0,37,40,1015
2018-01-17,Afghanistan,Shahrak,-2,-8,7,S,0.0,44,7,1020
2018-01-18,Afghanistan,Shahrak,1,-6,10,SSE,0.0,28,20,1019
2018-01-19,Afghanistan,Shahrak,2,-5,8,SSE,0.0,29,1,1022
2018-01-20,Afghanistan,Shahrak,7,-2,8,SE,0.0,24,0,1019
2018-01-21,Afghanistan,Shahrak,3,-2,9,SE,0.0,28,6,1015
2018-01-22,Afghanistan,Shahrak,-1,-5,8,S,3.6,66,43,1018
2018-01-23,Afghanistan,Shahrak,2,-6,5,SW,0.0,47,20,1017
2018-01-24,Afghanistan,Shahrak,3,-4,7,SW,0.0,32,0,1016
2018-01-25,Afghanistan,Shahrak,1,-4,7,WSW,0.0,43,1,1020
2018-01-26,Afghanistan,Shahrak,1,-4,4,S,0.0,37,1,1020
2018-01-27,Afghanistan,Shahrak,0,-4,5,SW,0.7,47,43,1018
2018-01-28,Afghanistan,Shahrak,3,-4,12,S,0.6,58,29,1015
2018-01-29,Afghanistan,Shahrak,-2,-7,17,SSW,10.7,80,37,1017
2018-01-30,Afghanistan,Shahrak,-3,-9,12,SSE,0.0,60,7,1024
2018-01-31,Afghanistan,Shahrak,-3,-8,14,SSW,3.0,67,27,1020
2018-02-01,Afghanistan,Shahrak,-3,-10,7,S,0.0,57,4,1025
2018-02-02,Afghanistan,Shahrak,-4,-10,5,WNW,0.0,55,3,1026
2018-02-03,Afghanistan,Shahrak,-5,-13,5,ESE,0.0,59,4,1029
2018-02-04,Afghanistan,Shahrak,-3,-11,4,SSE,0.0,45,6,1025
2018-02-05,Afghanistan,Shahrak,-4,-9,7,S,0.0,52,23,1025
2018-02-06,Afghanistan,Shahrak,-1,-8,5,S,0.1,59,28,1027
2018-02-07,Afghanistan,Shahrak,-3,-9,7,SE,0.0,78,19,1025
2018-02-08,Afghanistan,Shahrak,-4,-11,6,ENE,0.0,73,27,1023
2018-02-09,Afghanistan,Shahrak,-4,-7,8,S,6.2,84,66,1019
2018-02-10,Afghanistan,Shahrak,-4,-12,10,SSE,0.0,73,16,1021
2018-02-11,Afghanistan,Shahrak,-3,-8,6,SSW,0.6,74,47,1020
2018-02-12,Afghanistan,Shahrak,-3,-10,7,SSW,1.2,79,32,1020
2018-02-13,Afghanistan,Shahrak,0,-6,9,SSE,13.4,93,94,1022
2018-02-14,Afghanistan,Shahrak,1,-3,11,SSE,7.8,92,73,1020
2018-02-15,Afghanistan,Shahrak,4,-3,6,SW,3.7,78,33,1024
2018-02-16,Afghanistan,Shahrak,3,-4,4,S,0.0,51,34,1027
2018-02-17,Afghanistan,Shahrak,1,-7,3,SE,0.5,57,27,1023
2018-02-18,Afghanistan,Shahrak,5,-1,6,SW,0.5,71,40,1018
2018-02-19,Afghanistan,Shahrak,9,2,13,SSE,0.0,60,35,1014
2018-02-20,Afghanistan,Shahrak,7,0,20,SSW,3.6,64,11,1013
2018-02-21,Afghanistan,Shahrak,4,-3,4,SSW,0.0,49,22,1018
2018-02-22,Afghanistan,Shahrak,6,-1,6,SSW,0.0,40,25,1015
2018-02-23,Afghanistan,Shahrak,2,0,8,SE,4.8,71,73,1013
2018-02-24,Afghanistan,Shahrak,3,-2,9,SSW,7.4,79,50,1015
2018-02-25,Afghanistan,Shahrak,3,-2,9,SSW,7.4,79,50,1015
2018-02-26,Afghanistan,Shahrak,4,-1,16,S,17.9,90,60,1014
2018-02-27,Afghanistan,Shahrak,5,-1,6,SSE,0.9,67,48,1019
2018-02-28,Afghanistan,Shahrak,6,0,8,SSE,5.3,69,45,1016
2018-03-01,Afghanistan,Shahrak,5,0,8,S,8.0,80,61,1013
2018-03-02,Afghanistan,Shahrak,3,-2,10,SW,7.5,74,37,1015
2018-03-03,Afghanistan,Shahrak,4,-3,5,WSW,0.0,61,9,1016
2018-03-04,Afghanistan,Shahrak,4,-1,5,SSW,3.2,72,56,1016
2018-03-05,Afghanistan,Shahrak,6,-3,7,S,0.0,63,13,1018
2018-03-06,Afghanistan,Shahrak,6,1,5,S,4.4,58,44,1020
2018-03-07,Afghanistan,Shahrak,7,0,6,SE,1.3,62,22,1018
2018-03-08,Afghanistan,Shahrak,6,1,11,S,4.2,64,42,1016
2018-03-09,Afghanistan,Shahrak,9,1,17,S,3.6,56,40,1015
2018-03-10,Afghanistan,Shahrak,10,2,19,S,0.2,49,29,1015
2018-03-11,Afghanistan,Shahrak,10,2,15,S,0.7,50,41,1015
2018-03-12,Afghanistan,Shahrak,10,4,18,SSW,12.3,56,37,1013
2018-03-13,Afghanistan,Shahrak,2,0,5,S,29.4,88,67,1014
2018-03-14,Afghanistan,Shahrak,5,-1,7,SW,0.2,63,13,1015
2018-03-15,Afghanistan,Shahrak,7,1,10,WSW,0.8,53,5,1017
2018-03-16,Afghanistan,Shahrak,9,1,7,SW,0.0,49,12,1017
2018-03-17,Afghanistan,Shahrak,11,2,10,S,0.0,39,7,1014
2018-03-18,Afghanistan,Shahrak,8,5,22,SSE,5.7,60,40,1013
2018-03-19,Afghanistan,Shahrak,7,3,19,SE,8.6,65,37,1016
2018-03-20,Afghanistan,Shahrak,8,1,6,WSW,1.3,71,31,1017
2018-03-21,Afghanistan,Shahrak,10,1,6,W,0.0,55,5,1017
2018-03-22,Afghanistan,Shahrak,9,2,9,SSW,0.1,48,3,1017
2018-03-23,Afghanistan,Shahrak,12,2,8,S,0.2,50,6,1017
2018-03-24,Afghanistan,Shahrak,12,4,5,S,0.0,38,1,1022
2018-03-25,Afghanistan,Shahrak,15,5,7,SW,0.0,26,15,1022
2018-03-26,Afghanistan,Shahrak,17,7,5,WSW,0.0,30,36,1021
2018-03-27,Afghanistan,Shahrak,15,8,15,WNW,0.0,36,5,1018
2018-03-28,Afghanistan,Shahrak,15,6,10,WNW,0.0,32,2,1019
2018-03-29,Afghanistan,Shahrak,16,6,10,WNW,0.1,34,29,1020
2018-03-30,Afghanistan,Shahrak,19,7,6,W,0.0,38,4,1016
2018-03-31,Afghanistan,Shahrak,20,9,6,S,0.0,35,6,1013
2018-04-01,Afghanistan,Shahrak,19,8,10,SSE,0.0,50,11,1014
2018-04-02,Afghanistan,Shahrak,18,9,17,S,0.0,30,13,1012
2018-04-03,Afghanistan,Shahrak,16,8,9,SSE,0.8,42,19,1014
2018-04-04,Afghanistan,Shahrak,16,8,8,SSW,0.0,45,12,1013
2018-04-05,Afghanistan,Shahrak,15,7,7,ESE,0.2,52,12,1013
2018-04-06,Afghanistan,Shahrak,18,8,13,S,0.0,43,24,1013
2018-04-07,Afghanistan,Shahrak,15,8,9,SW,0.9,48,34,1015
2018-04-08,Afghanistan,Shahrak,13,7,12,WSW,7.4,67,44,1015
2018-04-09,Afghanistan,Shahrak,13,6,10,SW,2.0,61,18,1017
2018-04-10,Afghanistan,Shahrak,8,3,14,E,0.2,63,26,1019
2018-04-11,Afghanistan,Shahrak,11,1,10,NNE,0.0,37,2,1019
2018-04-12,Afghanistan,Shahrak,14,4,7,SSW,0.0,26,21,1015
2018-04-13,Afghanistan,Shahrak,13,7,10,SSE,2.7,44,35,1013
2018-04-14,Afghanistan,Shahrak,12,5,13,S,4.5,56,17,1012
2018-04-15,Afghanistan,Shahrak,12,7,16,S,12.3,56,29,1011
2018-04-16,Afghanistan,Shahrak,12,5,8,S,4.1,56,16,1014
2018-04-17,Afghanistan,Shahrak,12,7,20,SSW,11.7,58,35,1016
2018-04-18,Afghanistan,Shahrak,6,2,14,WSW,5.4,59,16,1018
2018-04-19,Afghanistan,Shahrak,5,-1,14,W,3.7,57,22,1015
2018-04-20,Afghanistan,Shahrak,8,-3,9,WNW,0.0,42,7,1014
2018-04-21,Afghanistan,Shahrak,12,2,7,SW,0.0,32,2,1015
2018-04-22,Afghanistan,Shahrak,14,6,8,SSW,0.0,30,34,1016
2018-04-23,Afghanistan,Shahrak,18,8,12,S,0.0,29,11,1016
2018-04-24,Afghanistan,Shahrak,15,10,15,SSW,2.5,40,26,1015
2018-04-25,Afghanistan,Shahrak,15,7,12,S,0.0,52,9,1018
2018-04-26,Afghanistan,Shahrak,15,7,8,S,0.0,53,7,1015
2018-04-27,Afghanistan,Shahrak,17,8,8,SSW,0.0,49,4,1016
2018-04-28,Afghanistan,Shahrak,18,10,9,SW,0.0,47,9,1016
2018-04-29,Afghanistan,Shahrak,18,10,10,SW,0.2,35,5,1014
2018-04-30,Afghanistan,Shahrak,19,11,8,SSW,1.4,44,33,1013
2018-05-01,Afghanistan,Shahrak,15,8,9,SE,13.9,64,28,1015
2018-05-02,Afghanistan,Shahrak,12,7,13,S,9.5,67,17,1016
2018-05-03,Afghanistan,Shahrak,14,5,11,NNE,0.0,46,5,1016
2018-05-04,Afghanistan,Shahrak,17,7,9,S,1.5,35,18,1014
2018-05-05,Afghanistan,Shahrak,15,10,6,S,2.7,49,21,1012
2018-05-06,Afghanistan,Shahrak,13,8,8,SSW,21.2,60,15,1013
2018-05-07,Afghanistan,Shahrak,13,6,11,S,0.0,45,2,1013
2018-05-08,Afghanistan,Shahrak,15,7,10,S,0.0,36,2,1012
2018-05-09,Afghanistan,Shahrak,19,8,6,S,0.0,31,2,1013
2018-05-10,Afghanistan,Shahrak,21,12,10,S,0.0,30,15,1012
2018-05-11,Afghanistan,Shahrak,19,12,26,S,3.7,41,44,1009
2018-05-12,Afghanistan,Shahrak,18,10,12,SSW,3.0,50,14,1011
2018-05-13,Afghanistan,Shahrak,15,10,13,SSW,3.1,46,27,1012
2018-05-14,Afghanistan,Shahrak,15,8,9,S,1.9,44,12,1012
2018-05-15,Afghanistan,Shahrak,15,8,15,SW,13.9,54,18,1011
2018-05-16,Afghanistan,Shahrak,14,7,10,SSW,3.9,50,16,1012
2018-05-17,Afghanistan,Shahrak,14,7,11,ESE,15.5,58,21,1013
2018-05-18,Afghanistan,Shahrak,9,5,11,SE,20.4,71,23,1013
2018-05-19,Afghanistan,Shahrak,7,2,16,N,8.2,66,32,1015
2018-05-20,Afghanistan,Shahrak,10,2,12,NE,0.0,46,10,1017
2018-05-21,Afghanistan,Shahrak,11,4,9,SSE,0.6,44,8,1017
2018-05-22,Afghanistan,Shahrak,12,5,11,S,0.0,42,2,1018
2018-05-23,Afghanistan,Shahrak,13,6,16,NNE,0.0,43,2,1018
2018-05-24,Afghanistan,Shahrak,15,6,7,ENE,0.0,41,13,1014
2018-05-25,Afghanistan,Shahrak,15,10,9,ESE,5.2,47,20,1012
2018-05-26,Afghanistan,Shahrak,17,7,9,SW,0.0,37,1,1013
2018-05-27,Afghanistan,Shahrak,19,8,15,NW,0.0,26,1,1015
2018-05-28,Afghanistan,Shahrak,15,9,15,SW,0.0,54,7,1016
2018-05-29,Afghanistan,Shahrak,17,7,13,S,0.0,45,3,1011
2018-05-30,Afghanistan,Shahrak,18,7,12,NNE,0.0,32,0,1013
2018-05-31,Afghanistan,Shahrak,20,10,11,SE,0.0,31,0,1013
2018-06-01,Afghanistan,Shahrak,22,11,8,ESE,0.0,28,1,1012
2018-06-02,Afghanistan,Shahrak,23,14,11,SSE,0.0,26,10,1012
2018-06-03,Afghanistan,Shahrak,24,14,9,SE,0.3,35,21,1011
2018-06-04,Afghanistan,Shahrak,24,15,11,SSW,0.0,39,2,1010
2018-06-05,Afghanistan,Shahrak,23,13,12,ESE,0.0,32,0,1012
2018-06-06,Afghanistan,Shahrak,24,13,13,S,0.0,25,0,1014
2018-06-07,Afghanistan,Shahrak,23,15,23,NE,0.0,25,0,1012
2018-06-08,Afghanistan,Shahrak,20,13,23,N,0.0,37,1,1010
2018-06-09,Afghanistan,Shahrak,18,10,19,E,0.0,42,2,1006
2018-06-10,Afghanistan,Shahrak,20,10,12,S,0.0,40,2,1005
2018-06-11,Afghanistan,Shahrak,20,11,12,S,0.0,31,0,1006
2018-06-12,Afghanistan,Shahrak,22,12,11,ESE,0.0,27,3,1005
2018-06-13,Afghanistan,Shahrak,23,13,13,S,0.0,29,3,1005
2018-06-14,Afghanistan,Shahrak,21,13,15,SW,0.0,37,3,1007
2018-06-15,Afghanistan,Shahrak,17,10,18,SE,0.0,45,6,1009
2018-06-16,Afghanistan,Shahrak,21,9,11,SE,0.0,31,1,1006
2018-06-17,Afghanistan,Shahrak,20,11,12,SW,0.0,25,0,1005
2018-06-18,Afghanistan,Shahrak,21,10,12,SW,0.0,26,0,1006
2018-06-19,Afghanistan,Shahrak,21,12,17,E,0.0,24,0,1008
2018-06-20,Afghanistan,Shahrak,20,13,16,ESE,0.0,30,1,1011
2018-06-21,Afghanistan,Shahrak,20,12,16,S,0.0,32,0,1011
2018-06-22,Afghanistan,Shahrak,19,11,16,SW,0.0,24,0,1010
2018-06-23,Afghanistan,Shahrak,20,11,15,SW,0.0,25,0,1009
2018-06-24,Afghanistan,Shahrak,20,13,19,E,0.0,26,0,1010
2018-06-25,Afghanistan,Shahrak,21,11,20,NE,0.0,25,0,1009
2018-06-26,Afghanistan,Shahrak,19,10,20,NNE,0.0,29,0,1008
2018-06-27,Afghanistan,Shahrak,21,10,12,ESE,0.0,25,0,1007
2018-06-28,Afghanistan,Shahrak,22,12,10,ESE,0.0,26,4,1007
2018-06-29,Afghanistan,Shahrak,22,13,10,ENE,0.0,27,5,1007
2018-06-30,Afghanistan,Shahrak,25,15,8,SSE,0.0,24,2,1007
2018-07-01,Afghanistan,Shahrak,24,15,14,E,0.0,22,0,1007
2018-07-02,Afghanistan,Shahrak,22,14,24,NNE,0.0,23,0,1007
2018-07-03,Afghanistan,Shahrak,21,12,23,N,0.0,29,0,1008
2018-07-04,Afghanistan,Shahrak,19,11,24,NNE,0.0,35,1,1007
2018-07-05,Afghanistan,Shahrak,21,11,15,NNE,0.0,30,1,1006
2018-07-06,Afghanistan,Shahrak,23,12,11,E,0.0,23,0,1006
2018-07-07,Afghanistan,Shahrak,24,14,10,SE,0.0,21,0,1006
2018-07-08,Afghanistan,Shahrak,25,15,14,E,0.0,20,0,1006
2018-07-09,Afghanistan,Shahrak,24,15,17,ENE,0.0,18,0,1007
2018-07-10,Afghanistan,Shahrak,25,15,20,NNE,0.0,18,0,1008
2018-07-11,Afghanistan,Shahrak,24,15,25,NNE,0.0,24,0,1007
2018-07-12,Afghanistan,Shahrak,24,15,19,ENE,0.0,30,1,1005
2018-07-13,Afghanistan,Shahrak,25,14,12,NNE,0.0,26,0,1004
2018-07-14,Afghanistan,Shahrak,26,16,10,ESE,0.0,23,3,1003
2018-07-15,Afghanistan,Shahrak,26,17,13,NNE,0.0,23,12,1001
2018-07-16,Afghanistan,Shahrak,26,17,11,ENE,0.0,25,16,1001
2018-07-17,Afghanistan,Shahrak,26,17,12,NNE,0.0,23,17,1002
2018-07-18,Afghanistan,Shahrak,26,17,13,ENE,0.0,22,10,1003
2018-07-19,Afghanistan,Shahrak,26,17,13,ENE,0.0,23,9,1003
2018-07-20,Afghanistan,Shahrak,26,17,14,NNE,0.0,20,4,1003
2018-07-21,Afghanistan,Shahrak,26,16,13,ESE,0.0,15,2,1003
2018-07-22,Afghanistan,Shahrak,26,17,13,E,0.0,16,1,1002
2018-07-23,Afghanistan,Shahrak,26,17,19,NNE,0.0,22,6,1003
2018-07-24,Afghanistan,Shahrak,26,17,15,ENE,0.0,26,9,1004
2018-07-25,Afghanistan,Shahrak,26,17,18,NNE,0.0,20,2,1005
2018-07-26,Afghanistan,Shahrak,23,15,20,SE,0.0,24,0,1006
2018-07-27,Afghanistan,Shahrak,22,13,16,NE,0.0,25,0,1005
2018-07-28,Afghanistan,Shahrak,21,11,14,NNE,0.0,19,0,1006
2018-07-29,Afghanistan,Shahrak,21,12,14,NNE,0.0,17,0,1006
2018-07-30,Afghanistan,Shahrak,21,12,14,ENE,0.0,21,0,1006
2018-07-31,Afghanistan,Shahrak,22,12,15,SE,0.0,21,0,1007
2018-08-01,Afghanistan,Shahrak,22,12,17,N,0.0,20,0,1007
2018-08-02,Afghanistan,Shahrak,22,12,14,NNE,0.0,25,0,1007
2018-08-03,Afghanistan,Shahrak,25,13,10,SE,0.0,27,1,1007
2018-08-04,Afghanistan,Shahrak,25,15,12,ENE,0.0,20,0,1007
2018-08-05,Afghanistan,Shahrak,25,15,15,NNE,0.0,20,0,1007
2018-08-06,Afghanistan,Shahrak,23,14,23,NNE,0.0,25,0,1008
2018-08-07,Afghanistan,Shahrak,23,14,26,NNE,0.0,33,1,1008
2018-08-08,Afghanistan,Shahrak,23,13,12,NNE,0.0,34,1,1007
2018-08-09,Afghanistan,Shahrak,26,15,9,E,0.0,29,4,1008
2018-08-10,Afghanistan,Shahrak,26,16,12,SE,0.0,23,2,1008
2018-08-11,Afghanistan,Shahrak,24,16,25,ENE,0.0,24,0,1009
2018-08-12,Afghanistan,Shahrak,21,13,27,E,0.0,41,3,1009
2018-08-13,Afghanistan,Shahrak,23,11,14,ESE,0.0,30,1,1006
2018-08-14,Afghanistan,Shahrak,24,11,15,ENE,0.0,21,0,1007
2018-08-15,Afghanistan,Shahrak,24,13,15,ENE,0.0,23,0,1008
2018-08-16,Afghanistan,Shahrak,24,13,15,NNE,0.0,22,0,1010
2018-08-17,Afghanistan,Shahrak,23,13,18,NNE,0.0,25,0,1009
2018-08-18,Afghanistan,Shahrak,23,13,13,NNE,0.0,23,0,1007
2018-08-19,Afghanistan,Shahrak,24,13,11,ENE,0.0,17,0,1007
2018-08-20,Afghanistan,Shahrak,25,14,16,NNE,0.0,18,0,1009
2018-08-21,Afghanistan,Shahrak,23,10,14,NNE,0.0,38,2,1010
2018-08-22,Afghanistan,Shahrak,21,11,12,NNE,0.0,34,1,1009
2018-08-23,Afghanistan,Shahrak,22,10,12,ENE,0.0,26,0,1009
2018-08-24,Afghanistan,Shahrak,20,10,16,NE,0.0,21,0,1011
2018-08-25,Afghanistan,Shahrak,20,8,15,NE,0.0,21,0,1009
2018-08-26,Afghanistan,Shahrak,18,9,14,NNE,0.0,24,0,1008
2018-08-27,Afghanistan,Shahrak,21,9,9,ESE,0.0,21,0,1009
2018-08-28,Afghanistan,Shahrak,22,11,11,ESE,0.0,15,0,1011
2018-08-29,Afghanistan,Shahrak,21,12,14,SE,0.0,22,0,1013
2018-08-30,Afghanistan,Shahrak,20,10,14,NNE,0.0,20,0,1012
2018-08-31,Afghanistan,Shahrak,20,8,12,ENE,0.0,21,0,1010
2018-09-01,Afghanistan,Shahrak,19,9,12,NE,0.0,20,0,1012
2018-09-02,Afghanistan,Shahrak,18,7,13,ESE,0.0,23,0,1012
2018-09-03,Afghanistan,Shahrak,20,7,8,SSE,0.0,26,0,1012
2018-09-04,Afghanistan,Shahrak,19,9,8,SSW,0.0,22,0,1012
2018-09-05,Afghanistan,Shahrak,19,9,8,S,0.0,19,0,1011
2018-09-06,Afghanistan,Shahrak,19,9,8,SSE,0.0,19,0,1011
2018-09-07,Afghanistan,Shahrak,21,9,7,SSE,0.0,14,0,1012
2018-09-08,Afghanistan,Shahrak,23,11,7,ESE,0.0,12,0,1012
2018-09-09,Afghanistan,Shahrak,23,11,7,SSE,0.0,10,0,1012
2018-09-10,Afghanistan,Shahrak,23,12,11,ENE,0.0,12,0,1014
2018-09-11,Afghanistan,Shahrak,23,11,15,NNE,0.0,20,0,1016
2018-09-12,Afghanistan,Shahrak,23,11,18,ENE,0.0,19,0,1015
2018-09-13,Afghanistan,Shahrak,19,11,21,NE,0.0,26,0,1016
2018-09-14,Afghanistan,Shahrak,17,8,14,SE,0.0,31,0,1015
2018-09-15,Afghanistan,Shahrak,17,6,11,NNE,0.0,30,1,1014
2018-09-16,Afghanistan,Shahrak,19,7,8,SSE,0.0,20,0,1013
2018-09-17,Afghanistan,Shahrak,21,8,7,ESE,0.0,13,0,1012
2018-09-18,Afghanistan,Shahrak,20,9,10,ENE,0.0,14,0,1013
2018-09-19,Afghanistan,Shahrak,19,9,12,NE,0.0,16,0,1015
2018-09-20,Afghanistan,Shahrak,18,9,12,NE,0.0,25,1,1015
2018-09-21,Afghanistan,Shahrak,16,7,10,E,0.0,40,3,1015
2018-09-22,Afghanistan,Shahrak,17,8,9,SSE,0.0,41,3,1016
2018-09-23,Afghanistan,Shahrak,16,7,9,E,0.0,36,1,1017
2018-09-24,Afghanistan,Shahrak,17,7,9,S,0.0,23,0,1015
2018-09-25,Afghanistan,Shahrak,17,7,7,E,0.0,20,14,1015
2018-09-26,Afghanistan,Shahrak,17,7,7,S,0.2,27,9,1014
2018-09-27,Afghanistan,Shahrak,16,7,12,N,0.0,32,0,1016
2018-09-28,Afghanistan,Shahrak,17,6,11,NNE,0.0,32,0,1018
2018-09-29,Afghanistan,Shahrak,16,6,8,SE,0.0,27,2,1018
2018-09-30,Afghanistan,Shahrak,18,8,7,SSW,0.0,23,6,1017
2018-10-01,Afghanistan,Shahrak,16,8,11,ESE,0.0,24,13,1017
2018-10-02,Afghanistan,Shahrak,16,6,10,ENE,0.0,26,2,1019
2018-10-03,Afghanistan,Shahrak,15,6,9,S,0.0,24,2,1017
2018-10-04,Afghanistan,Shahrak,13,6,8,E,0.0,29,4,1016
2018-10-05,Afghanistan,Shahrak,16,6,8,S,0.0,29,0,1018
2018-10-06,Afghanistan,Shahrak,14,6,11,ENE,0.0,30,3,1020
2018-10-07,Afghanistan,Shahrak,15,5,10,S,1.7,53,24,1021
2018-10-08,Afghanistan,Shahrak,11,3,13,NW,0.0,51,24,1020
2018-10-09,Afghanistan,Shahrak,9,-1,8,SSW,0.0,22,0,1020
2018-10-10,Afghanistan,Shahrak,12,0,10,WNW,0.0,24,0,1019
2018-10-11,Afghanistan,Shahrak,11,1,7,SSW,0.0,25,1,1018
2018-10-12,Afghanistan,Shahrak,12,2,8,SSW,0.0,18,1,1019
2018-10-13,Afghanistan,Shahrak,10,3,10,S,0.0,29,6,1021
2018-10-14,Afghanistan,Shahrak,13,1,6,SSE,0.0,43,8,1020
2018-10-15,Afghanistan,Shahrak,10,3,11,WNW,0.0,36,19,1018
2018-10-16,Afghanistan,Shahrak,7,1,14,W,0.3,50,13,1021
2018-10-17,Afghanistan,Shahrak,8,-2,8,ESE,0.0,49,4,1021
2018-10-18,Afghanistan,Shahrak,10,1,8,SSW,0.0,38,2,1018
2018-10-19,Afghanistan,Shahrak,9,1,5,SSE,0.0,32,0,1020
2018-10-20,Afghanistan,Shahrak,10,1,6,SSW,0.0,28,0,1021
2018-10-21,Afghanistan,Shahrak,11,0,8,SW,0.0,25,0,1021
2018-10-22,Afghanistan,Shahrak,10,1,7,WNW,0.8,43,14,1021
2018-10-23,Afghanistan,Shahrak,11,3,5,S,0.0,39,14,1019
2018-10-24,Afghanistan,Shahrak,11,3,6,WSW,0.2,34,11,1017
2018-10-25,Afghanistan,Shahrak,12,3,9,SW,0.0,43,5,1018
2018-10-26,Afghanistan,Shahrak,14,5,9,SSW,0.0,39,2,1020
2018-10-27,Afghanistan,Shahrak,15,5,7,SW,0.0,36,17,1021
2018-10-28,Afghanistan,Shahrak,13,4,6,SSE,0.0,52,8,1023
2018-10-29,Afghanistan,Shahrak,13,5,7,S,0.0,50,16,1022
2018-10-30,Afghanistan,Shahrak,14,8,12,S,0.5,47,42,1020
2018-10-31,Afghanistan,Shahrak,8,4,14,SW,13.9,72,45,1022
2018-11-01,Afghanistan,Shahrak,6,0,11,E,0.7,67,36,1025
2018-11-02,Afghanistan,Shahrak,3,-4,12,SW,0.0,61,12,1028
2018-11-03,Afghanistan,Shahrak,4,-5,8,SE,0.0,42,3,1028
2018-11-04,Afghanistan,Shahrak,6,-2,7,S,0.0,26,1,1024
2018-11-05,Afghanistan,Shahrak,9,-1,5,SSE,0.0,20,2,1021
2018-11-06,Afghanistan,Shahrak,10,1,6,SSW,0.0,22,9,1020
2018-11-07,Afghanistan,Shahrak,10,3,7,SW,0.8,35,39,1020
2018-11-08,Afghanistan,Shahrak,9,3,7,WSW,0.0,46,13,1020
2018-11-09,Afghanistan,Shahrak,6,3,6,SW,6.4,63,39,1019
2018-11-10,Afghanistan,Shahrak,7,0,6,SW,1.3,64,29,1019
2018-11-11,Afghanistan,Shahrak,8,2,6,WSW,1.4,61,18,1020
2018-11-12,Afghanistan,Shahrak,7,1,5,W,0.0,62,14,1019
2018-11-13,Afghanistan,Shahrak,4,-1,6,SSE,3.7,70,48,1017
2018-11-14,Afghanistan,Shahrak,4,-2,6,S,0.2,62,18,1019
2018-11-15,Afghanistan,Shahrak,6,-2,6,SW,0.0,40,13,1022
2018-11-16,Afghanistan,Shahrak,8,0,6,W,0.3,54,17,1022
2018-11-17,Afghanistan,Shahrak,5,2,8,W,5.5,73,41,1019
2018-11-18,Afghanistan,Shahrak,5,0,5,SW,0.0,74,18,1019
2018-11-19,Afghanistan,Shahrak,6,-1,7,SSW,0.0,51,4,1021
2018-11-20,Afghanistan,Shahrak,6,-1,6,S,0.0,41,50,1022
2018-11-21,Afghanistan,Shahrak,3,-2,13,SSE,9.7,72,56,1018
2018-11-22,Afghanistan,Shahrak,4,-2,7,S,1.7,72,26,1020
2018-11-23,Afghanistan,Shahrak,7,-2,9,SSE,0.0,57,10,1024
2018-11-24,Afghanistan,Shahrak,9,1,8,S,0.0,52,14,1025
2018-11-25,Afghanistan,Shahrak,9,0,6,SSE,0.0,53,3,1023
2018-11-26,Afghanistan,Shahrak,7,1,14,SSE,17.1,65,51,1017
2018-11-27,Afghanistan,Shahrak,4,-3,10,S,1.0,73,37,1020
2018-11-28,Afghanistan,Shahrak,2,-5,5,SSW,2.1,66,41,1023
2018-11-29,Afghanistan,Shahrak,4,-2,6,SSE,0.0,48,1,1026
2018-11-30,Afghanistan,Shahrak,6,-1,7,NE,0.0,45,8,1029
2018-12-01,Afghanistan,Shahrak,6,-1,8,NE,0.0,48,5,1025
2018-12-02,Afghanistan,Shahrak,9,0,4,SE,0.0,40,11,1019
2018-12-03,Afghanistan,Shahrak,9,1,4,W,0.0,40,4,1019
2018-12-04,Afghanistan,Shahrak,6,-1,5,W,0.0,44,5,1022
2018-12-05,Afghanistan,Shahrak,5,-2,5,W,0.0,39,17,1021
2018-12-06,Afghanistan,Shahrak,7,-2,5,S,0.0,31,22,1016
2018-12-07,Afghanistan,Shahrak,7,-1,9,S,0.2,35,21,1014
2018-12-08,Afghanistan,Shahrak,4,-3,9,S,2.8,62,9,1016
2018-12-09,Afghanistan,Shahrak,0,-3,6,W,7.2,72,43,1017
2018-12-10,Afghanistan,Shahrak,-2,-6,3,SSE,0.0,72,13,1019
2018-12-11,Afghanistan,Shahrak,-1,-6,4,SSW,0.0,64,7,1020
2018-12-12,Afghanistan,Shahrak,-1,-7,5,SW,0.0,63,6,1023
2018-12-13,Afghanistan,Shahrak,2,-5,6,SSW,0.0,55,3,1024
2018-12-14,Afghanistan,Shahrak,3,-4,4,SSW,0.0,37,3,1025
2018-12-15,Afghanistan,Shahrak,4,-3,5,S,0.0,30,18,1025
2018-12-16,Afghanistan,Shahrak,3,-3,4,SSE,0.0,32,5,1027
2018-12-17,Afghanistan,Shahrak,4,-3,4,SSW,0.0,28,28,1026
2018-12-18,Afghanistan,Shahrak,5,-3,7,S,0.0,22,45,1022
2018-12-19,Afghanistan,Shahrak,1,-3,7,WSW,0.0,42,3,1023
2018-12-20,Afghanistan,Shahrak,1,-5,4,E,0.0,56,4,1026
2018-12-21,Afghanistan,Shahrak,4,-4,6,S,0.0,27,0,1020
2018-12-22,Afghanistan,Shahrak,4,-3,9,S,0.0,33,24,1017
2018-12-23,Afghanistan,Shahrak,-1,-5,8,SW,0.3,50,14,1021
2018-12-24,Afghanistan,Shahrak,-1,-6,7,SSW,0.0,45,2,1023
2018-12-25,Afghanistan,Shahrak,0,-6,8,SSW,0.0,41,19,1021
2018-12-26,Afghanistan,Shahrak,0,-6,5,W,0.1,55,12,1024
2018-12-27,Afghanistan,Shahrak,2,-5,4,S,0.0,37,11,1023
2018-12-28,Afghanistan,Shahrak,2,-3,7,SSE,0.0,40,2,1018
2018-12-29,Afghanistan,Shahrak,2,-4,7,SSE,0.0,49,15,1018
2018-12-30,Afghanistan,Shahrak,1,-4,5,SSE,0.0,52,2,1022
2018-12-31,Afghanistan,Shahrak,3,-4,8,SSE,0.0,56,21,1022
2019-01-01,Afghanistan,Shahrak,-2,-5,8,SW,4.1,82,49,1023
2019-01-02,Afghanistan,Shahrak,-2,-8,6,S,0.0,64,11,1027
2019-01-03,Afghanistan,Shahrak,1,-5,6,SSE,3.1,69,54,1023
2019-01-04,Afghanistan,Shahrak,-2,-8,10,SW,20.3,91,75,1017
2019-01-05,Afghanistan,Shahrak,-6,-12,4,WSW,0.5,90,52,1027
2019-01-06,Afghanistan,Shahrak,-3,-13,7,SSE,0.0,58,6,1024
2019-01-07,Afghanistan,Shahrak,2,-8,9,SSE,7.1,64,62,1018
2019-01-08,Afghanistan,Shahrak,-3,-11,6,SSW,1.8,86,42,1023
2019-01-09,Afghanistan,Shahrak,-2,-12,7,SE,0.8,70,28,1023
2019-01-10,Afghanistan,Shahrak,-1,-6,7,SSW,18.6,95,72,1016
2019-01-11,Afghanistan,Shahrak,-5,-14,5,W,1.5,89,49,1023
2019-01-12,Afghanistan,Shahrak,-8,-20,7,ESE,0.0,70,19,1029
2019-01-13,Afghanistan,Shahrak,-4,-17,8,SE,0.0,41,9,1028
2019-01-14,Afghanistan,Shahrak,-1,-10,8,SE,0.6,57,44,1023
2019-01-15,Afghanistan,Shahrak,0,-5,8,SSE,0.5,68,49,1019
2019-01-16,Afghanistan,Shahrak,0,-6,5,S,1.1,72,16,1021
2019-01-17,Afghanistan,Shahrak,0,-9,9,SE,0.0,67,35,1019
2019-01-18,Afghanistan,Shahrak,2,-5,12,SSE,1.5,85,27,1013
2019-01-19,Afghanistan,Shahrak,0,-8,14,SSE,1.5,86,28,1013
2019-01-20,Afghanistan,Shahrak,-6,-17,10,S,5.0,85,33,1019
2019-01-21,Afghanistan,Shahrak,-9,-19,7,ENE,0.0,79,13,1025
2019-01-22,Afghanistan,Shahrak,-8,-19,5,SSE,0.0,66,4,1022
2019-01-23,Afghanistan,Shahrak,-8,-19,5,SE,0.0,67,8,1026
2019-01-24,Afghanistan,Shahrak,-8,-18,5,E,0.0,71,6,1030
2019-01-25,Afghanistan,Shahrak,-7,-19,6,SSE,0.0,63,5,1027
2019-01-26,Afghanistan,Shahrak,-6,-13,6,S,3.7,84,67,1027
2019-01-27,Afghanistan,Shahrak,-4,-16,5,SSE,0.0,82,18,1029
2019-01-28,Afghanistan,Shahrak,-2,-13,6,SSE,0.0,69,19,1026
2019-01-29,Afghanistan,Shahrak,0,-5,8,SSE,5.0,79,59,1018
2019-01-30,Afghanistan,Shahrak,-2,-9,7,W,14.7,95,87,1016
2019-01-31,Afghanistan,Shahrak,-6,-15,5,ESE,0.0,85,25,1021
2019-02-01,Afghanistan,Shahrak,-4,-13,7,SSE,0.0,67,7,1023
2019-02-02,Afghanistan,Shahrak,-3,-12,8,SE,0.0,76,15,1022
2019-02-03,Afghanistan,Shahrak,0,-8,10,SE,0.8,89,62,1020
2019-02-04,Afghanistan,Shahrak,0,-5,10,SSE,13.9,95,78,1018
2019-02-05,Afghanistan,Shahrak,-7,-18,7,WSW,1.8,95,80,1028
2019-02-06,Afghanistan,Shahrak,-9,-20,7,ESE,0.0,95,65,1031
2019-02-07,Afghanistan,Shahrak,-7,-19,6,ESE,0.0,82,13,1027
2019-02-08,Afghanistan,Shahrak,-4,-18,4,E,0.0,59,16,1025
2019-02-09,Afghanistan,Shahrak,-2,-11,8,SSE,0.1,51,40,1022
2019-02-10,Afghanistan,Shahrak,-2,-6,8,SSE,3.5,84,57,1020
2019-02-11,Afghanistan,Shahrak,-1,-5,8,SE,0.7,88,45,1019
2019-02-12,Afghanistan,Shahrak,-1,-5,17,SE,9.0,94,76,1013
2019-02-13,Afghanistan,Shahrak,-3,-9,21,S,15.2,90,68,1019
2019-02-14,Afghanistan,Shahrak,-5,-16,6,S,0.1,88,40,1026
2019-02-15,Afghanistan,Shahrak,-5,-18,6,SSE,0.0,72,6,1027
2019-02-16,Afghanistan,Shahrak,0,-12,9,SSE,2.4,73,35,1020
2019-02-17,Afghanistan,Shahrak,-3,-9,8,SW,12.3,94,62,1013
2019-02-18,Afghanistan,Shahrak,-5,-11,5,SSW,1.8,87,50,1015
2019-02-19,Afghanistan,Shahrak,-4,-14,7,SSE,5.8,87,54,1015
2019-02-20,Afghanistan,Shahrak,-4,-11,6,SSE,7.1,88,75,1019
2019-02-21,Afghanistan,Shahrak,-6,-16,6,ESE,2.6,86,34,1026
2019-02-22,Afghanistan,Shahrak,-3,-16,8,SE,0.0,62,8,1026
2019-02-23,Afghanistan,Shahrak,-4,-13,6,SE,0.0,69,36,1024
2019-02-24,Afghanistan,Shahrak,-6,-16,5,SSE,0.0,75,9,1024
2019-02-25,Afghanistan,Shahrak,-6,-16,5,SSE,0.0,75,9,1024
2019-02-26,Afghanistan,Shahrak,-7,-19,6,SE,0.0,75,14,1021
2019-02-27,Afghanistan,Shahrak,-5,-16,7,SSE,0.0,68,7,1018
2019-02-28,Afghanistan,Shahrak,-3,-12,10,SSE,4.0,86,60,1012
2019-03-01,Afghanistan,Shahrak,0,-9,10,SE,9.7,93,77,1006
2019-03-02,Afghanistan,Shahrak,0,-8,10,SSW,15.5,96,85,1006
2019-03-03,Afghanistan,Shahrak,-1,-10,5,SE,0.0,88,34,1017
2019-03-04,Afghanistan,Shahrak,-3,-12,6,ENE,0.0,80,10,1020
2019-03-05,Afghanistan,Shahrak,-2,-12,6,ESE,0.0,67,14,1018
2019-03-06,Afghanistan,Shahrak,-3,-9,4,SSE,2.0,82,43,1018
2019-03-07,Afghanistan,Shahrak,-2,-13,6,ESE,0.0,78,19,1018
2019-03-08,Afghanistan,Shahrak,-3,-12,5,SSE,0.0,80,15,1023
2019-03-09,Afghanistan,Shahrak,-2,-11,8,E,0.0,73,7,1024
2019-03-10,Afghanistan,Shahrak,-2,-9,11,E,1.6,85,59,1018
2019-03-11,Afghanistan,Shahrak,-3,-11,6,SE,1.5,92,50,1017
2019-03-12,Afghanistan,Shahrak,-3,-10,6,ESE,0.0,89,46,1023
2019-03-13,Afghanistan,Shahrak,-1,-12,5,ESE,0.0,86,21,1023
2019-03-14,Afghanistan,Shahrak,0,-10,7,SE,0.0,80,10,1024
2019-03-15,Afghanistan,Shahrak,-1,-9,8,SE,0.0,80,26,1023
2019-03-16,Afghanistan,Shahrak,-1,-6,10,SE,2.9,90,65,1020
2019-03-17,Afghanistan,Shahrak,0,-7,10,SE,0.0,94,51,1020
2019-03-18,Afghanistan,Shahrak,0,-5,18,SSE,13.9,87,37,1010
2019-03-19,Afghanistan,Shahrak,-2,-10,4,SSE,3.7,81,34,1016
2019-03-20,Afghanistan,Shahrak,-2,-7,4,SE,2.2,88,50,1018
2019-03-21,Afghanistan,Shahrak,0,-9,7,SE,0.3,87,21,1020
2019-03-22,Afghanistan,Shahrak,3,-5,8,SE,7.6,86,39,1018
2019-03-23,Afghanistan,Shahrak,2,-5,6,S,0.2,78,12,1020
2019-03-24,Afghanistan,Shahrak,2,-6,6,SE,0.0,74,5,1020
2019-03-25,Afghanistan,Shahrak,3,-5,8,SE,0.0,75,7,1021
2019-03-26,Afghanistan,Shahrak,4,-2,10,SE,0.5,83,22,1020
2019-03-27,Afghanistan,Shahrak,5,1,12,SE,5.7,92,49,1018
2019-03-28,Afghanistan,Shahrak,4,0,10,SE,8.5,91,50,1017
2019-03-29,Afghanistan,Shahrak,4,-4,13,SW,4.4,83,15,1017
2019-03-30,Afghanistan,Shahrak,3,-7,5,SE,0.0,73,10,1022
2019-03-31,Afghanistan,Shahrak,3,-2,5,E,0.0,66,7,1022
2019-04-01,Afghanistan,Shahrak,10,0,6,SSE,0.0,58,10,1020
2019-04-02,Afghanistan,Shahrak,13,4,6,S,0.6,56,30,1018
2019-04-03,Afghanistan,Shahrak,13,6,9,S,0.6,56,28,1017
2019-04-04,Afghanistan,Shahrak,13,5,8,SSW,5.7,61,11,1018
2019-04-05,Afghanistan,Shahrak,12,4,5,SSW,0.6,55,9,1020
2019-04-06,Afghanistan,Shahrak,15,5,6,E,0.0,45,7,1018
2019-04-07,Afghanistan,Shahrak,12,5,12,W,1.5,51,9,1015
2019-04-08,Afghanistan,Shahrak,13,4,12,SSE,1.1,51,29,1012
2019-04-09,Afghanistan,Shahrak,10,5,12,SW,6.8,64,23,1013
2019-04-10,Afghanistan,Shahrak,13,4,7,S,0.8,56,32,1015
2019-04-11,Afghanistan,Shahrak,12,6,8,S,4.1,58,9,1015
2019-04-12,Afghanistan,Shahrak,11,4,8,S,4.7,61,21,1014
2019-04-13,Afghanistan,Shahrak,11,5,7,SSW,2.3,59,23,1015
2019-04-14,Afghanistan,Shahrak,12,5,18,SE,4.1,67,34,1013
2019-04-15,Afghanistan,Shahrak,10,5,19,SSE,3.2,71,41,1011
2019-04-16,Afghanistan,Shahrak,7,2,7,SSW,16.3,78,74,1012
2019-04-17,Afghanistan,Shahrak,11,3,8,WSW,1.1,66,23,1014
2019-04-18,Afghanistan,Shahrak,14,4,9,WSW,0.0,50,4,1017
2019-04-19,Afghanistan,Shahrak,15,8,7,SW,0.1,44,23,1015
2019-04-20,Afghanistan,Shahrak,15,8,9,SSW,2.4,46,22,1012
2019-04-21,Afghanistan,Shahrak,17,8,19,SSW,0.0,42,13,1011
2019-04-22,Afghanistan,Shahrak,16,8,19,SSW,0.0,37,17,1011
2019-04-23,Afghanistan,Shahrak,16,9,20,S,1.3,47,8,1011
2019-04-24,Afghanistan,Shahrak,12,5,21,SW,2.3,53,6,1014
2019-04-25,Afghanistan,Shahrak,9,2,14,W,0.0,46,9,1018
2019-04-26,Afghanistan,Shahrak,10,2,9,S,0.0,47,16,1019
2019-04-27,Afghanistan,Shahrak,10,4,8,W,1.6,51,25,1019
2019-04-28,Afghanistan,Shahrak,12,3,7,SSW,0.0,43,10,1017
2019-04-29,Afghanistan,Shahrak,7,5,9,WSW,16.9,66,44,1015
2019-04-30,Afghanistan,Shahrak,11,2,9,SE,0.0,53,7,1016
2019-05-01,Afghanistan,Shahrak,11,4,11,NE,0.1,46,6,1014
2019-05-02,Afghanistan,Shahrak,12,3,10,ESE,0.0,51,4,1014
2019-05-03,Afghanistan,Shahrak,14,5,7,ESE,0.0,42,4,1015
2019-05-04,Afghanistan,Shahrak,16,7,7,SSE,0.0,34,0,1017
2019-05-05,Afghanistan,Shahrak,17,8,7,SSW,0.0,31,39,1016
2019-05-06,Afghanistan,Shahrak,15,9,10,WNW,0.0,38,10,1015
2019-05-07,Afghanistan,Shahrak,16,8,8,ESE,0.0,45,5,1013
2019-05-08,Afghanistan,Shahrak,17,9,9,SSE,1.1,40,25,1012
2019-05-09,Afghanistan,Shahrak,17,9,10,SSW,0.0,40,7,1013
2019-05-10,Afghanistan,Shahrak,17,9,9,ESE,0.1,40,12,1012
2019-05-11,Afghanistan,Shahrak,18,9,9,SSE,0.3,37,7,1013
2019-05-12,Afghanistan,Shahrak,17,11,15,NNE,0.3,44,14,1014
2019-05-13,Afghanistan,Shahrak,17,9,14,ENE,0.0,50,5,1014
2019-05-14,Afghanistan,Shahrak,16,9,13,NE,0.0,41,6,1013
2019-05-15,Afghanistan,Shahrak,15,9,10,ESE,4.0,45,24,1012
2019-05-16,Afghanistan,Shahrak,15,9,10,ESE,4.3,50,19,1012
2019-05-17,Afghanistan,Shahrak,16,7,11,WNW,0.0,48,3,1013
2019-05-18,Afghanistan,Shahrak,15,7,8,SSE,2.2,51,21,1015
2019-05-19,Afghanistan,Shahrak,15,7,6,SSE,0.1,48,4,1014
2019-05-20,Afghanistan,Shahrak,18,9,9,SSW,0.0,34,9,1014
2019-05-21,Afghanistan,Shahrak,16,10,7,SW,0.5,33,23,1014
2019-05-22,Afghanistan,Shahrak,17,10,8,SE,7.4,50,29,1013
2019-05-23,Afghanistan,Shahrak,14,8,12,S,4.3,60,12,1011
2019-05-24,Afghanistan,Shahrak,15,6,11,NNW,0.1,50,7,1014
2019-05-25,Afghanistan,Shahrak,16,8,14,SW,0.0,41,2,1017
2019-05-26,Afghanistan,Shahrak,17,7,11,ENE,0.0,40,2,1016
2019-05-27,Afghanistan,Shahrak,21,8,9,ENE,0.0,32,0,1014
2019-05-28,Afghanistan,Shahrak,19,10,11,NNE,0.0,30,3,1013
2019-05-29,Afghanistan,Shahrak,19,11,13,NNE,0.3,35,11,1012
2019-05-30,Afghanistan,Shahrak,18,10,12,NNE,0.2,43,6,1012
2019-05-31,Afghanistan,Shahrak,18,10,10,ESE,1.6,54,11,1012
2019-06-01,Afghanistan,Shahrak,19,11,10,SSW,1.9,49,15,1013
2019-06-02,Afghanistan,Shahrak,18,11,14,SW,0.9,53,5,1014
2019-06-03,Afghanistan,Shahrak,15,8,16,S,0.0,54,10,1014
2019-06-04,Afghanistan,Shahrak,14,8,16,S,0.3,55,9,1014
2019-06-05,Afghanistan,Shahrak,15,8,19,ENE,0.0,53,8,1014
2019-06-06,Afghanistan,Shahrak,18,9,18,NNE,0.0,48,4,1015
2019-06-07,Afghanistan,Shahrak,19,9,15,SE,0.0,45,3,1015
2019-06-08,Afghanistan,Shahrak,21,11,14,ENE,0.0,41,1,1015
2019-06-09,Afghanistan,Shahrak,20,11,14,S,0.0,36,1,1013
2019-06-10,Afghanistan,Shahrak,17,11,17,SE,0.0,42,2,1013
2019-06-11,Afghanistan,Shahrak,15,7,18,SE,0.0,38,2,1014
2019-06-12,Afghanistan,Shahrak,18,6,10,NNE,0.0,26,0,1012
2019-06-13,Afghanistan,Shahrak,22,8,8,S,0.0,22,0,1008
2019-06-14,Afghanistan,Shahrak,20,10,13,WSW,0.0,23,0,1009
2019-06-15,Afghanistan,Shahrak,18,10,24,NNE,0.0,28,0,1012
2019-06-16,Afghanistan,Shahrak,20,8,15,ENE,0.0,27,0,1011
2019-06-17,Afghanistan,Shahrak,19,8,17,W,0.0,27,0,1010
2019-06-18,Afghanistan,Shahrak,20,8,18,SSW,0.0,23,0,1009
2019-06-19,Afghanistan,Shahrak,21,8,11,E,0.0,26,0,1007
2019-06-20,Afghanistan,Shahrak,21,9,12,ESE,0.0,31,4,1008
2019-06-21,Afghanistan,Shahrak,22,10,13,SW,0.0,31,1,1009
2019-06-22,Afghanistan,Shahrak,21,9,17,ENE,0.0,26,0,1010
2019-06-23,Afghanistan,Shahrak,20,11,26,ENE,0.0,29,0,1011
2019-06-24,Afghanistan,Shahrak,21,8,18,NNE,0.0,23,0,1012
2019-06-25,Afghanistan,Shahrak,23,7,10,NNE,0.0,21,0,1012
2019-06-26,Afghanistan,Shahrak,22,9,15,ESE,0.0,19,0,1010
2019-06-27,Afghanistan,Shahrak,21,9,20,NNE,0.0,22,0,1009
2019-06-28,Afghanistan,Shahrak,22,10,16,E,0.0,27,3,1007
2019-06-29,Afghanistan,Shahrak,22,10,13,SSE,0.0,32,0,1005
2019-06-30,Afghanistan,Shahrak,24,9,12,W,0.0,28,0,1005
2019-07-01,Afghanistan,Shahrak,25,10,14,ESE,0.0,23,0,1006
2019-07-02,Afghanistan,Shahrak,25,11,18,E,0.0,38,2,1010
2019-07-03,Afghanistan,Shahrak,26,10,13,SSE,0.0,46,5,1010
2019-07-04,Afghanistan,Shahrak,25,9,12,E,0.0,34,0,1007
2019-07-05,Afghanistan,Shahrak,23,8,17,ESE,0.0,34,1,1006
2019-07-06,Afghanistan,Shahrak,23,9,18,NNE,0.0,31,0,1005
2019-07-07,Afghanistan,Shahrak,25,9,13,NNE,0.0,26,0,1005
2019-07-08,Afghanistan,Shahrak,25,9,15,NNE,0.0,24,0,1006
2019-07-09,Afghanistan,Shahrak,25,10,19,NNE,0.0,32,0,1004
2019-07-10,Afghanistan,Shahrak,25,10,13,SE,0.0,26,0,1003
2019-07-11,Afghanistan,Shahrak,26,9,15,NNE,0.0,21,0,1004
2019-07-12,Afghanistan,Shahrak,27,11,13,NE,0.0,26,1,1004
2019-07-13,Afghanistan,Shahrak,26,12,14,ENE,0.0,26,0,1004
2019-07-14,Afghanistan,Shahrak,25,12,21,ENE,0.0,21,0,1005
2019-07-15,Afghanistan,Shahrak,25,12,30,NNE,0.0,20,0,1005
2019-07-16,Afghanistan,Shahrak,26,9,16,NNE,0.0,18,0,1005
2019-07-17,Afghanistan,Shahrak,27,9,11,SE,0.0,14,0,1005
2019-07-18,Afghanistan,Shahrak,27,9,13,NE,0.0,14,0,1006
2019-07-19,Afghanistan,Shahrak,27,11,16,NNE,0.0,18,0,1007
2019-07-20,Afghanistan,Shahrak,27,10,18,NNE,0.0,18,0,1008
2019-07-21,Afghanistan,Shahrak,26,10,24,NNE,0.0,21,0,1009
2019-07-22,Afghanistan,Shahrak,27,11,22,ENE,0.0,29,0,1008
2019-07-23,Afghanistan,Shahrak,28,11,9,SSE,0.0,29,5,1006
2019-07-24,Afghanistan,Shahrak,28,12,10,ENE,0.0,25,5,1005
2019-07-25,Afghanistan,Shahrak,27,12,17,ENE,0.0,27,6,1004
2019-07-26,Afghanistan,Shahrak,26,10,13,ESE,0.0,29,17,1003
2019-07-27,Afghanistan,Shahrak,26,10,10,ESE,0.0,22,24,1002
2019-07-28,Afghanistan,Shahrak,27,11,7,S,0.0,24,17,1004
2019-07-29,Afghanistan,Shahrak,28,11,10,SE,0.0,25,11,1006
2019-07-30,Afghanistan,Shahrak,28,12,11,SSW,0.0,31,10,1006
2019-07-31,Afghanistan,Shahrak,28,12,12,S,0.0,36,4,1005
2019-08-01,Afghanistan,Shahrak,28,12,15,SSW,0.0,31,1,1003
2019-08-02,Afghanistan,Shahrak,26,9,17,NE,0.0,28,0,1005
2019-08-03,Afghanistan,Shahrak,26,9,13,NNE,0.0,30,0,1005
2019-08-04,Afghanistan,Shahrak,27,9,16,NE,0.0,26,0,1005
2019-08-05,Afghanistan,Shahrak,28,11,18,NE,0.0,30,0,1003
2019-08-06,Afghanistan,Shahrak,27,12,26,NNE,0.0,31,0,1005
2019-08-07,Afghanistan,Shahrak,23,10,35,NNE,0.0,28,0,1007
2019-08-08,Afghanistan,Shahrak,25,10,28,NNE,0.0,23,1,1007
2019-08-09,Afghanistan,Shahrak,25,10,21,E,0.0,31,8,1008
2019-08-10,Afghanistan,Shahrak,26,9,11,SSE,0.0,31,0,1005
2019-08-11,Afghanistan,Shahrak,28,10,11,SSW,0.0,26,1,1005
2019-08-12,Afghanistan,Shahrak,26,9,14,E,0.0,24,4,1008
2019-08-13,Afghanistan,Shahrak,25,11,13,S,0.0,27,15,1009
2019-08-14,Afghanistan,Shahrak,23,7,12,SSE,0.0,42,3,1010
2019-08-15,Afghanistan,Shahrak,24,5,10,S,0.0,37,1,1011
2019-08-16,Afghanistan,Shahrak,22,5,13,SSW,0.0,30,0,1009
2019-08-17,Afghanistan,Shahrak,23,2,11,SSE,0.0,30,0,1009
2019-08-18,Afghanistan,Shahrak,22,4,11,SSW,0.0,31,0,1011
2019-08-19,Afghanistan,Shahrak,23,3,11,ESE,0.0,29,0,1012
2019-08-20,Afghanistan,Shahrak,23,4,12,S,0.0,27,0,1013
2019-08-21,Afghanistan,Shahrak,22,4,11,S,0.0,32,0,1011
2019-08-22,Afghanistan,Shahrak,23,5,10,S,0.0,30,0,1010
2019-08-23,Afghanistan,Shahrak,22,6,11,ESE,0.0,34,3,1011
2019-08-24,Afghanistan,Shahrak,22,6,11,SSE,0.0,36,3,1011
2019-08-25,Afghanistan,Shahrak,23,6,9,SSW,0.0,32,4,1010
2019-08-26,Afghanistan,Shahrak,23,7,10,SSW,0.0,32,2,1012
2019-08-27,Afghanistan,Shahrak,22,6,11,S,0.0,31,2,1013
2019-08-28,Afghanistan,Shahrak,25,6,8,SSW,0.0,21,2,1012
2019-08-29,Afghanistan,Shahrak,23,6,14,ESE,0.0,24,1,1014
2019-08-30,Afghanistan,Shahrak,22,6,12,E,0.0,40,4,1012
2019-08-31,Afghanistan,Shahrak,23,6,10,S,0.0,39,1,1009
2019-09-01,Afghanistan,Shahrak,24,6,10,SSE,0.0,33,2,1010
2019-09-02,Afghanistan,Shahrak,24,6,10,SSE,0.0,26,0,1010
2019-09-03,Afghanistan,Shahrak,24,5,9,S,0.0,33,0,1009
2019-09-04,Afghanistan,Shahrak,23,5,11,SSE,0.0,31,0,1010
2019-09-05,Afghanistan,Shahrak,22,4,10,S,0.0,35,0,1011
2019-09-06,Afghanistan,Shahrak,20,4,12,SE,0.0,45,1,1012
2019-09-07,Afghanistan,Shahrak,21,3,9,SSE,0.0,43,1,1010
2019-09-08,Afghanistan,Shahrak,23,4,9,SE,0.0,32,0,1010
2019-09-09,Afghanistan,Shahrak,25,7,12,SSW,0.0,26,2,1011
2019-09-10,Afghanistan,Shahrak,23,6,13,S,0.0,33,0,1012
2019-09-11,Afghanistan,Shahrak,23,5,11,SSW,0.0,36,0,1014
2019-09-12,Afghanistan,Shahrak,21,3,9,SSE,0.0,33,0,1014
2019-09-13,Afghanistan,Shahrak,22,3,10,SSW,0.0,29,0,1014
2019-09-14,Afghanistan,Shahrak,23,5,13,S,0.0,28,0,1014
2019-09-15,Afghanistan,Shahrak,20,2,9,SSE,0.0,34,0,1016
2019-09-16,Afghanistan,Shahrak,20,1,12,SSW,0.0,35,0,1017
2019-09-17,Afghanistan,Shahrak,23,0,9,E,0.0,33,0,1015
2019-09-18,Afghanistan,Shahrak,24,3,9,SW,0.0,23,0,1015
2019-09-19,Afghanistan,Shahrak,23,5,15,NNE,0.0,28,0,1017
2019-09-20,Afghanistan,Shahrak,22,4,15,NNE,0.0,36,0,1016
2019-09-21,Afghanistan,Shahrak,23,3,6,S,0.0,35,0,1014
2019-09-22,Afghanistan,Shahrak,25,5,8,WSW,0.0,32,0,1014
2019-09-23,Afghanistan,Shahrak,25,5,9,SSE,0.0,42,1,1016
2019-09-24,Afghanistan,Shahrak,24,6,6,SE,0.0,33,0,1015
2019-09-25,Afghanistan,Shahrak,25,7,8,SSE,0.0,31,0,1016
2019-09-26,Afghanistan,Shahrak,23,6,6,SSE,0.0,28,0,1017
2019-09-27,Afghanistan,Shahrak,23,6,9,SE,0.0,29,1,1017
2019-09-28,Afghanistan,Shahrak,23,5,11,NE,0.0,31,0,1014
2019-09-29,Afghanistan,Shahrak,23,5,11,SSW,0.0,37,1,1014
2019-09-30,Afghanistan,Shahrak,19,3,11,SSE,0.0,44,4,1015
2019-10-01,Afghanistan,Shahrak,20,4,15,SSW,0.0,45,13,1013
2019-10-02,Afghanistan,Shahrak,19,1,8,SW,0.0,46,1,1015
2019-10-03,Afghanistan,Shahrak,15,0,8,SSE,0.0,42,13,1015
2019-10-04,Afghanistan,Shahrak,14,-1,9,SSE,0.0,50,1,1014
2019-10-05,Afghanistan,Shahrak,14,-3,10,S,0.0,46,2,1014
2019-10-06,Afghanistan,Shahrak,14,1,13,SSW,0.1,42,1,1016
2019-10-07,Afghanistan,Shahrak,16,0,12,SSW,0.0,44,12,1018
2019-10-08,Afghanistan,Shahrak,16,2,11,S,0.0,44,0,1022
2019-10-09,Afghanistan,Shahrak,16,-1,9,S,0.0,45,2,1020
2019-10-10,Afghanistan,Shahrak,17,0,11,ESE,0.0,47,2,1019
2019-10-11,Afghanistan,Shahrak,14,-1,8,NNE,0.0,48,1,1019
2019-10-12,Afghanistan,Shahrak,17,0,7,SSW,0.0,38,0,1018
2019-10-13,Afghanistan,Shahrak,17,0,7,W,0.0,40,0,1020
2019-10-14,Afghanistan,Shahrak,15,-3,10,ESE,0.0,53,8,1024
2019-10-15,Afghanistan,Shahrak,17,-1,6,SSE,0.0,40,1,1021
2019-10-16,Afghanistan,Shahrak,16,0,8,SSW,0.0,37,4,1020
2019-10-17,Afghanistan,Shahrak,13,-3,7,SSW,0.1,48,17,1021
2019-10-18,Afghanistan,Shahrak,15,-2,6,E,0.0,40,2,1020
2019-10-19,Afghanistan,Shahrak,14,-2,9,SSW,0.0,30,9,1020
2019-10-20,Afghanistan,Shahrak,14,-2,7,SSW,0.0,40,4,1021
2019-10-21,Afghanistan,Shahrak,14,-3,7,SW,0.0,39,18,1020
2019-10-22,Afghanistan,Shahrak,11,-2,7,SW,0.0,54,7,1018
2019-10-23,Afghanistan,Shahrak,11,-3,7,SSE,0.0,52,4,1018
2019-10-24,Afghanistan,Shahrak,12,-4,7,SSE,0.0,44,4,1019
2019-10-25,Afghanistan,Shahrak,13,-4,7,S,0.0,40,8,1019
2019-10-26,Afghanistan,Shahrak,11,-3,9,SSW,0.8,61,28,1019
2019-10-27,Afghanistan,Shahrak,13,4,9,S,0.8,66,19,1019
2019-10-28,Afghanistan,Shahrak,12,2,7,S,0.2,69,30,1019
2019-10-29,Afghanistan,Shahrak,13,5,10,S,2.1,60,22,1018
2019-10-30,Afghanistan,Shahrak,12,5,10,SSW,0.9,52,13,1018
2019-10-31,Afghanistan,Shahrak,3,1,9,SE,29.8,83,68,1018
2019-11-01,Afghanistan,Shahrak,8,2,10,S,3.9,67,18,1017
2019-11-02,Afghanistan,Shahrak,9,0,8,SSW,0.2,58,5,1018
2019-11-03,Afghanistan,Shahrak,9,1,7,WSW,0.1,60,6,1021
2019-11-04,Afghanistan,Shahrak,9,0,8,SSW,0.1,59,13,1022
2019-11-05,Afghanistan,Shahrak,6,1,7,SW,5.7,68,40,1020
2019-11-06,Afghanistan,Shahrak,3,-4,10,SW,0.0,51,9,1019
2019-11-07,Afghanistan,Shahrak,5,-6,6,SE,0.0,32,0,1020
2019-11-08,Afghanistan,Shahrak,7,-5,4,SE,0.0,27,0,1021
2019-11-09,Afghanistan,Shahrak,7,-4,3,S,0.0,28,0,1021
2019-11-10,Afghanistan,Shahrak,7,-1,5,ENE,0.0,34,19,1022
2019-11-11,Afghanistan,Shahrak,7,-4,6,ENE,0.0,45,5,1020
2019-11-12,Afghanistan,Shahrak,4,-2,5,SSE,1.2,60,31,1020
2019-11-13,Afghanistan,Shahrak,3,-3,9,SSE,2.5,71,26,1022
2019-11-14,Afghanistan,Shahrak,4,-4,5,SSE,0.0,58,6,1022
2019-11-15,Afghanistan,Shahrak,4,-4,4,S,0.0,58,6,1020
2019-11-16,Afghanistan,Shahrak,4,-4,4,SE,0.0,52,6,1022
2019-11-17,Afghanistan,Shahrak,4,-3,3,S,0.0,46,8,1025
2019-11-18,Afghanistan,Shahrak,6,-4,4,SSE,0.0,32,20,1023
2019-11-19,Afghanistan,Shahrak,6,-2,3,SW,0.0,27,26,1019
2019-11-20,Afghanistan,Shahrak,4,-3,7,SSE,2.6,56,66,1016
2019-11-21,Afghanistan,Shahrak,2,-2,7,SE,22.0,97,98,1015
2019-11-22,Afghanistan,Shahrak,-2,-4,5,SSW,17.4,92,77,1022
2019-11-23,Afghanistan,Shahrak,1,-10,5,SSE,0.0,76,24,1025
2019-11-24,Afghanistan,Shahrak,2,-5,5,SW,0.0,57,17,1024
2019-11-25,Afghanistan,Shahrak,1,-6,5,SSW,0.0,56,24,1023
2019-11-26,Afghanistan,Shahrak,1,-6,6,SSW,0.0,63,31,1023
2019-11-27,Afghanistan,Shahrak,0,-8,5,SW,0.0,64,8,1023
2019-11-28,Afghanistan,Shahrak,1,-8,5,SW,0.0,50,3,1024
2019-11-29,Afghanistan,Shahrak,2,-6,4,SSW,0.0,59,6,1023
2019-11-30,Afghanistan,Shahrak,3,-3,4,SSW,0.0,65,21,1021
2019-12-01,Afghanistan,Shahrak,2,-4,7,SSW,0.0,63,5,1022
2019-12-02,Afghanistan,Shahrak,4,-5,4,SSE,0.0,53,23,1022
2019-12-03,Afghanistan,Shahrak,5,-3,5,SE,0.0,41,36,1020
2019-12-04,Afghanistan,Shahrak,4,-5,9,SSE,0.0,43,6,1020
2019-12-05,Afghanistan,Shahrak,3,-6,6,SSE,0.0,49,2,1023
2019-12-06,Afghanistan,Shahrak,2,-6,5,E,0.0,55,3,1026
2019-12-07,Afghanistan,Shahrak,2,-5,4,ESE,0.0,47,0,1025
2019-12-08,Afghanistan,Shahrak,3,-6,6,SSE,0.0,39,17,1021
2019-12-09,Afghanistan,Shahrak,2,-4,8,SSE,1.2,72,36,1020
2019-12-10,Afghanistan,Shahrak,1,-3,4,SSW,5.9,87,52,1019
2019-12-11,Afghanistan,Shahrak,0,-7,4,SE,0.0,69,26,1017
2019-12-12,Afghanistan,Shahrak,-3,-7,4,SSW,5.4,81,78,1016
2019-12-13,Afghanistan,Shahrak,-3,-10,4,SSW,0.0,73,24,1019
2019-12-14,Afghanistan,Shahrak,-1,-9,4,S,0.0,65,9,1024
2019-12-15,Afghanistan,Shahrak,-2,-11,4,S,0.0,76,13,1025
2019-12-16,Afghanistan,Shahrak,0,-8,3,SSW,0.0,84,32,1026
2019-12-17,Afghanistan,Shahrak,-1,-9,5,ESE,0.0,74,21,1026
2019-12-18,Afghanistan,Shahrak,-1,-5,4,ESE,6.8,89,71,1024
2019-12-19,Afghanistan,Shahrak,-3,-8,5,ENE,1.4,90,54,1025
2019-12-20,Afghanistan,Shahrak,-4,-12,3,ESE,0.0,66,9,1025
2019-12-21,Afghanistan,Shahrak,-3,-11,3,SE,0.0,60,4,1026
2019-12-22,Afghanistan,Shahrak,-3,-11,4,ESE,0.0,58,2,1027
2019-12-23,Afghanistan,Shahrak,-2,-10,4,SSE,0.0,54,51,1022
2019-12-24,Afghanistan,Shahrak,-3,-11,2,SE,0.0,59,7,1025
2019-12-25,Afghanistan,Shahrak,1,-9,4,ESE,0.0,54,1,1026
2019-12-26,Afghanistan,Shahrak,1,-7,6,SE,0.0,39,0,1022
2019-12-27,Afghanistan,Shahrak,1,-6,7,SE,0.0,35,0,1018
2019-12-28,Afghanistan,Shahrak,2,-7,8,SE,0.0,43,0,1018
2019-12-29,Afghanistan,Shahrak,-1,-10,5,ESE,0.0,45,6,1021
2019-12-30,Afghanistan,Shahrak,-1,-9,4,SSE,0.0,54,4,1022
2019-12-31,Afghanistan,Shahrak,-4,-12,5,SSE,0.0,67,7,1021
2020-01-01,Afghanistan,Shahrak,-3,-8,11,SSE,7.1,93,85,1019
2020-01-02,Afghanistan,Shahrak,-3,-9,8,SSE,3.0,94,70,1021
2020-01-03,Afghanistan,Shahrak,-4,-12,6,SW,3.7,92,64,1023
2020-01-04,Afghanistan,Shahrak,-5,-13,6,S,0.1,79,30,1022
2020-01-05,Afghanistan,Shahrak,-3,-11,7,SE,9.4,92,74,1015
2020-01-06,Afghanistan,Shahrak,-2,-12,5,SW,2.9,93,60,1016
2020-01-07,Afghanistan,Shahrak,-9,-20,3,SSE,0.0,89,21,1026
2020-01-08,Afghanistan,Shahrak,-9,-19,5,ESE,0.0,64,5,1027
2020-01-09,Afghanistan,Shahrak,-5,-15,9,SE,0.0,36,0,1022
2020-01-10,Afghanistan,Shahrak,-5,-15,10,SE,0.0,46,18,1021
2020-01-11,Afghanistan,Shahrak,-3,-11,12,SE,3.1,84,72,1017
2020-01-12,Afghanistan,Shahrak,-3,-9,14,SSE,7.1,92,63,1012
2020-01-13,Afghanistan,Shahrak,-9,-18,4,SSE,2.2,95,58,1019
2020-01-14,Afghanistan,Shahrak,-9,-16,6,E,0.0,74,81,1025
2020-01-15,Afghanistan,Shahrak,-9,-19,7,ENE,0.0,62,11,1029
2020-01-16,Afghanistan,Shahrak,-7,-17,6,ENE,0.0,46,44,1029
2020-01-17,Afghanistan,Shahrak,-9,-19,6,ENE,0.0,53,6,1030
2020-01-18,Afghanistan,Shahrak,-8,-18,7,SE,0.0,46,14,1027
2020-01-19,Afghanistan,Shahrak,-4,-11,8,SSE,6.4,86,88,1021
2020-01-20,Afghanistan,Shahrak,-5,-11,5,SW,10.5,97,93,1019
2020-01-21,Afghanistan,Shahrak,-7,-12,6,S,1.3,94,65,1023
2020-01-22,Afghanistan,Shahrak,-7,-15,7,SSE,0.1,91,41,1029
2020-01-23,Afghanistan,Shahrak,-5,-15,10,SE,0.0,92,50,1026
2020-01-24,Afghanistan,Shahrak,-3,-11,9,S,14.0,89,63,1018
2020-01-25,Afghanistan,Shahrak,-6,-15,6,ESE,0.0,77,21,1024
2020-01-26,Afghanistan,Shahrak,-6,-17,6,ESE,0.0,59,4,1023
2020-01-27,Afghanistan,Shahrak,-6,-16,6,NE,0.0,79,12,1024
2020-01-28,Afghanistan,Shahrak,-10,-19,7,ENE,0.0,80,14,1027
2020-01-29,Afghanistan,Shahrak,-6,-18,6,ESE,0.0,51,1,1026
2020-01-30,Afghanistan,Shahrak,-5,-14,7,SE,0.0,47,55,1023
2020-01-31,Afghanistan,Shahrak,-7,-18,4,S,0.0,60,26,1022
2020-02-01,Afghanistan,Shahrak,-5,-15,9,SE,0.0,70,6,1023
2020-02-02,Afghanistan,Shahrak,-5,-15,13,SE,0.0,68,8,1021
2020-02-03,Afghanistan,Shahrak,-4,-12,6,SSW,4.1,90,44,1022
2020-02-04,Afghanistan,Shahrak,-8,-17,7,SE,0.0,73,23,1025
2020-02-05,Afghanistan,Shahrak,-5,-14,6,SSE,0.2,55,39,1024
2020-02-06,Afghanistan,Shahrak,-5,-13,3,S,0.0,65,13,1026
2020-02-07,Afghanistan,Shahrak,-1,-13,6,ESE,0.0,40,0,1025
2020-02-08,Afghanistan,Shahrak,-1,-8,8,SE,0.0,54,1,1023
2020-02-09,Afghanistan,Shahrak,-2,-9,11,SSE,0.1,67,15,1021
2020-02-10,Afghanistan,Shahrak,-1,-8,9,SSE,14.5,94,88,1018
2020-02-11,Afghanistan,Shahrak,-1,-6,9,SE,15.9,98,94,1014
2020-02-12,Afghanistan,Shahrak,-1,-10,16,S,11.4,97,81,1014
2020-02-13,Afghanistan,Shahrak,-5,-10,7,SSW,3.4,78,33,1025
2020-02-14,Afghanistan,Shahrak,-3,-14,8,SE,0.0,50,14,1027
2020-02-15,Afghanistan,Shahrak,-3,-11,10,S,0.0,62,12,1028
2020-02-16,Afghanistan,Shahrak,-2,-13,7,ESE,0.0,50,6,1029
2020-02-17,Afghanistan,Shahrak,0,-8,7,ESE,0.0,44,25,1027
2020-02-18,Afghanistan,Shahrak,0,-6,5,SW,0.0,64,24,1024
2020-02-19,Afghanistan,Shahrak,-6,-15,6,SE,0.3,84,39,1024
2020-02-20,Afghanistan,Shahrak,-1,-13,9,ESE,0.0,37,15,1022
2020-02-21,Afghanistan,Shahrak,-1,-9,10,SE,3.9,67,58,1021
2020-02-22,Afghanistan,Shahrak,-1,-7,8,SE,0.0,77,10,1025
2020-02-23,Afghanistan,Shahrak,0,-7,7,SE,0.0,84,19,1022
2020-02-24,Afghanistan,Shahrak,1,-5,4,SSE,0.8,93,53,1020
2020-02-25,Afghanistan,Shahrak,1,-5,4,SSE,0.8,93,53,1020
2020-02-26,Afghanistan,Shahrak,2,-2,7,SSE,2.7,91,77,1018
2020-02-27,Afghanistan,Shahrak,2,-4,10,ESE,4.8,88,47,1013
2020-02-28,Afghanistan,Shahrak,0,-4,6,E,1.4,90,43,1013
2020-03-01,Afghanistan,Shahrak,0,-7,8,SE,0.0,74,17,1018
2020-03-02,Afghanistan,Shahrak,1,-7,8,SE,0.0,73,19,1017
2020-03-03,Afghanistan,Shahrak,0,-5,9,ESE,9.5,82,55,1014
2020-03-04,Afghanistan,Shahrak,0,-5,7,SSE,8.8,92,81,1014
2020-03-05,Afghanistan,Shahrak,-3,-8,7,SSW,1.2,91,62,1017
2020-03-06,Afghanistan,Shahrak,-2,-11,4,E,0.0,75,14,1018
2020-03-07,Afghanistan,Shahrak,-6,-12,4,SSW,0.0,67,6,1020
2020-03-08,Afghanistan,Shahrak,-2,-16,5,SSE,0.0,55,6,1023
2020-03-09,Afghanistan,Shahrak,-2,-8,6,S,8.4,91,81,1020
2020-03-10,Afghanistan,Shahrak,-2,-9,7,WSW,2.0,84,64,1019
2020-03-11,Afghanistan,Shahrak,-5,-12,7,NE,1.0,82,49,1018
2020-03-12,Afghanistan,Shahrak,-1,-9,5,ESE,0.1,81,30,1017
2020-03-13,Afghanistan,Shahrak,0,-7,3,ESE,0.0,60,16,1021
2020-03-14,Afghanistan,Shahrak,2,-4,5,ESE,0.0,51,20,1021
2020-03-15,Afghanistan,Shahrak,3,-4,8,ESE,0.3,67,54,1019
2020-03-16,Afghanistan,Shahrak,2,-4,8,SE,3.4,92,87,1020
2020-03-17,Afghanistan,Shahrak,4,-1,5,SSE,2.5,87,62,1021
2020-03-18,Afghanistan,Shahrak,7,0,4,E,0.1,74,13,1021
2020-03-19,Afghanistan,Shahrak,9,1,4,SSW,1.1,70,29,1016
2020-03-20,Afghanistan,Shahrak,4,1,7,SSE,5.9,87,65,1014
2020-03-21,Afghanistan,Shahrak,4,-2,5,SE,0.0,85,34,1016
2020-03-22,Afghanistan,Shahrak,5,-1,14,SE,0.3,66,33,1015
2020-03-23,Afghanistan,Shahrak,4,-5,9,ESE,13.3,95,90,1010
2020-03-24,Afghanistan,Shahrak,5,0,15,S,8.1,83,66,1010
2020-03-25,Afghanistan,Shahrak,4,-2,12,SSE,0.3,73,45,1015
2020-03-26,Afghanistan,Shahrak,6,-1,8,S,0.7,77,49,1017
2020-03-27,Afghanistan,Shahrak,6,0,6,S,0.6,69,27,1017
2020-03-28,Afghanistan,Shahrak,8,0,5,S,0.1,70,36,1017
2020-03-29,Afghanistan,Shahrak,7,0,12,SSE,0.0,60,22,1015
2020-03-30,Afghanistan,Shahrak,6,0,15,SE,8.5,90,87,1011
2020-03-31,Afghanistan,Shahrak,5,-1,12,SSW,12.7,82,66,1012
2020-04-01,Afghanistan,Shahrak,6,0,10,WSW,4.0,67,50,1017
2020-04-02,Afghanistan,Shahrak,10,0,6,S,0.0,46,10,1018
2020-04-03,Afghanistan,Shahrak,11,3,7,SSW,0.1,50,31,1017
2020-04-04,Afghanistan,Shahrak,8,-3,9,S,10.4,66,70,1017
2020-04-05,Afghanistan,Shahrak,9,2,7,S,2.0,59,36,1018
2020-04-06,Afghanistan,Shahrak,5,1,9,SW,13.7,77,78,1017
2020-04-07,Afghanistan,Shahrak,10,0,7,SW,0.2,70,31,1017
2020-04-08,Afghanistan,Shahrak,8,3,10,SSW,7.5,72,48,1017
2020-04-09,Afghanistan,Shahrak,9,3,8,W,12.8,64,48,1019
2020-04-10,Afghanistan,Shahrak,13,4,12,SW,2.6,62,28,1017
2020-04-11,Afghanistan,Shahrak,12,7,11,SSW,10.4,70,77,1019
2020-04-12,Afghanistan,Shahrak,15,5,17,S,14.2,69,63,1019
2020-04-13,Afghanistan,Shahrak,11,6,10,SSW,8.7,73,76,1016
2020-04-14,Afghanistan,Shahrak,7,0,5,SSW,20.5,84,77,1016
2020-04-15,Afghanistan,Shahrak,9,0,8,SW,1.4,64,28,1019
2020-04-16,Afghanistan,Shahrak,12,4,8,SSW,0.0,45,9,1015
2020-04-17,Afghanistan,Shahrak,7,5,6,SSE,10.0,70,46,1013
2020-04-18,Afghanistan,Shahrak,11,3,8,S,0.6,53,29,1015
2020-04-19,Afghanistan,Shahrak,9,5,8,SW,0.1,56,29,1015
2020-04-20,Afghanistan,Shahrak,11,4,8,WNW,0.4,56,20,1015
2020-04-21,Afghanistan,Shahrak,14,5,9,SSW,0.0,46,6,1015
2020-04-22,Afghanistan,Shahrak,14,8,8,W,0.0,44,11,1013
2020-04-23,Afghanistan,Shahrak,17,9,8,SE,0.6,47,20,1011
2020-04-24,Afghanistan,Shahrak,13,9,11,WSW,9.5,63,56,1012
2020-04-25,Afghanistan,Shahrak,15,7,8,W,0.0,55,7,1014
2020-04-26,Afghanistan,Shahrak,17,8,6,SW,0.0,35,0,1014
2020-04-27,Afghanistan,Shahrak,18,11,15,S,0.1,36,24,1012
2020-04-28,Afghanistan,Shahrak,17,10,19,SSW,3.2,40,43,1012
2020-04-29,Afghanistan,Shahrak,17,11,16,SSW,1.9,42,62,1013
2020-04-30,Afghanistan,Shahrak,15,8,10,S,0.2,52,25,1015
2020-05-01,Afghanistan,Shahrak,14,8,12,SW,6.2,58,65,1013
2020-05-02,Afghanistan,Shahrak,13,2,6,SSE,8.1,58,60,1013
2020-05-03,Afghanistan,Shahrak,16,7,6,SSW,0.8,48,33,1013
2020-05-04,Afghanistan,Shahrak,15,10,16,WSW,0.0,40,10,1013
2020-05-05,Afghanistan,Shahrak,14,7,12,WSW,0.0,48,5,1017
2020-05-06,Afghanistan,Shahrak,16,6,7,NNW,0.0,37,2,1016
2020-05-07,Afghanistan,Shahrak,19,10,11,SW,0.0,32,31,1011
2020-05-08,Afghanistan,Shahrak,20,12,18,SW,0.0,30,25,1011
2020-05-09,Afghanistan,Shahrak,18,8,9,WNW,0.0,32,0,1013
2020-05-10,Afghanistan,Shahrak,20,9,10,S,0.0,35,20,1014
2020-05-11,Afghanistan,Shahrak,19,11,10,NW,0.0,32,6,1013
2020-05-12,Afghanistan,Shahrak,14,11,11,SE,3.4,46,55,1011
2020-05-13,Afghanistan,Shahrak,19,8,13,S,7.3,56,70,1011
2020-05-14,Afghanistan,Shahrak,15,6,10,WNW,2.3,54,26,1011
2020-05-15,Afghanistan,Shahrak,12,5,12,WSW,1.6,59,49,1014
2020-05-16,Afghanistan,Shahrak,13,4,9,WSW,0.2,45,13,1015
2020-05-17,Afghanistan,Shahrak,14,5,10,WNW,0.0,40,3,1012
2020-05-18,Afghanistan,Shahrak,11,7,11,WNW,0.0,49,9,1015
2020-05-19,Afghanistan,Shahrak,16,4,10,SW,0.0,42,20,1015
2020-05-20,Afghanistan,Shahrak,17,7,9,ESE,0.0,34,23,1014
2020-05-21,Afghanistan,Shahrak,16,9,8,ESE,1.6,49,30,1012
2020-05-22,Afghanistan,Shahrak,18,9,12,E,0.0,39,2,1012
2020-05-23,Afghanistan,Shahrak,22,8,8,SSE,0.0,29,1,1012
2020-05-24,Afghanistan,Shahrak,22,11,9,SW,0.0,23,4,1013
2020-05-25,Afghanistan,Shahrak,21,11,11,SE,0.0,25,0,1014
2020-05-26,Afghanistan,Shahrak,20,10,14,SSW,0.0,27,0,1014
2020-05-27,Afghanistan,Shahrak,18,11,27,E,0.0,33,0,1014
2020-05-28,Afghanistan,Shahrak,18,10,26,E,0.0,36,2,1012
2020-05-29,Afghanistan,Shahrak,19,11,24,NNE,0.0,32,1,1010
2020-05-30,Afghanistan,Shahrak,21,9,13,E,0.0,25,0,1011
2020-05-31,Afghanistan,Shahrak,21,8,12,SW,0.0,20,0,1012
2020-06-01,Afghanistan,Shahrak,21,8,12,S,0.0,17,0,1012
2020-06-02,Afghanistan,Shahrak,21,8,13,S,0.0,19,0,1012
2020-06-03,Afghanistan,Shahrak,21,9,16,E,0.0,22,0,1010
2020-06-04,Afghanistan,Shahrak,22,9,19,NNE,0.0,23,0,1011
2020-06-05,Afghanistan,Shahrak,22,12,28,NNE,0.0,21,0,1012
2020-06-06,Afghanistan,Shahrak,23,12,30,NNE,0.0,22,0,1012
2020-06-07,Afghanistan,Shahrak,22,9,16,NNE,0.0,26,0,1011
2020-06-08,Afghanistan,Shahrak,24,10,13,SSW,0.0,30,4,1009
2020-06-09,Afghanistan,Shahrak,21,9,13,E,0.0,42,4,1012
2020-06-10,Afghanistan,Shahrak,20,8,14,ESE,0.0,29,0,1012
2020-06-11,Afghanistan,Shahrak,21,6,11,SE,0.0,22,0,1009
2020-06-12,Afghanistan,Shahrak,21,7,11,S,0.0,23,0,1007
2020-06-13,Afghanistan,Shahrak,22,7,10,WSW,0.0,20,0,1007
2020-06-14,Afghanistan,Shahrak,23,8,13,WSW,0.0,18,0,1010
2020-06-15,Afghanistan,Shahrak,24,10,14,SSE,0.0,18,0,1011
2020-06-16,Afghanistan,Shahrak,25,11,13,ESE,0.0,18,3,1009
2020-06-17,Afghanistan,Shahrak,23,10,17,NE,0.0,21,1,1008
2020-06-18,Afghanistan,Shahrak,22,9,17,E,0.0,26,0,1008
2020-06-19,Afghanistan,Shahrak,22,8,12,S,0.0,26,0,1008
2020-06-20,Afghanistan,Shahrak,24,7,14,S,0.0,18,0,1009
2020-06-21,Afghanistan,Shahrak,27,9,7,SSE,0.0,14,0,1005
2020-06-22,Afghanistan,Shahrak,29,14,6,S,0.0,14,2,1003
2020-06-23,Afghanistan,Shahrak,27,13,13,SW,0.0,27,8,1007
2020-06-24,Afghanistan,Shahrak,22,11,20,NNE,0.0,30,0,1009
2020-06-25,Afghanistan,Shahrak,25,10,12,SE,0.0,24,0,1008
2020-06-26,Afghanistan,Shahrak,23,9,18,ESE,0.0,21,0,1009
2020-06-27,Afghanistan,Shahrak,22,10,15,SE,0.0,29,0,1010
2020-06-28,Afghanistan,Shahrak,21,9,12,NNE,0.0,34,2,1010
2020-06-29,Afghanistan,Shahrak,27,7,12,S,0.0,19,1,1005
2020-06-30,Afghanistan,Shahrak,27,13,15,SSW,1.5,27,34,1005
2020-07-01,Afghanistan,Shahrak,26,10,17,SW,0.0,23,1,1007
2020-07-02,Afghanistan,Shahrak,24,9,15,SE,0.0,23,0,1010
2020-07-03,Afghanistan,Shahrak,24,9,16,SW,0.0,23,0,1010
2020-07-04,Afghanistan,Shahrak,23,9,16,E,0.0,20,0,1008
2020-07-05,Afghanistan,Shahrak,22,6,15,ESE,0.0,23,0,1005
2020-07-06,Afghanistan,Shahrak,23,8,11,S,0.0,28,5,1004
2020-07-07,Afghanistan,Shahrak,26,10,12,SSW,0.0,25,4,1005
2020-07-08,Afghanistan,Shahrak,25,9,10,SSW,0.0,27,2,1008
2020-07-09,Afghanistan,Shahrak,23,8,16,SSE,0.0,25,0,1007
2020-07-10,Afghanistan,Shahrak,22,9,25,NNE,0.0,28,0,1006
2020-07-11,Afghanistan,Shahrak,21,9,24,SE,0.0,38,1,1007
2020-07-12,Afghanistan,Shahrak,22,7,17,NNE,0.0,41,2,1005
2020-07-13,Afghanistan,Shahrak,25,7,9,SSE,0.0,37,7,1003
2020-07-14,Afghanistan,Shahrak,25,9,11,WSW,0.0,35,12,1004
2020-07-15,Afghanistan,Shahrak,24,10,16,SW,0.0,30,5,1006
2020-07-16,Afghanistan,Shahrak,24,10,17,SSE,0.0,28,15,1005
2020-07-17,Afghanistan,Shahrak,24,10,12,E,0.0,32,23,1007
2020-07-18,Afghanistan,Shahrak,25,11,12,S,0.0,28,0,1008
2020-07-19,Afghanistan,Shahrak,25,13,17,NNE,0.0,27,0,1008
2020-07-20,Afghanistan,Shahrak,22,12,25,NNE,0.0,22,0,1007
2020-07-21,Afghanistan,Shahrak,22,12,27,NNE,0.0,26,0,1006
2020-07-22,Afghanistan,Shahrak,25,9,12,S,0.0,22,0,1007
2020-07-23,Afghanistan,Shahrak,26,11,11,SSW,0.0,22,0,1007
2020-07-24,Afghanistan,Shahrak,26,12,13,NNE,0.0,24,3,1010
2020-07-25,Afghanistan,Shahrak,26,13,13,S,0.0,30,5,1011
2020-07-26,Afghanistan,Shahrak,27,12,13,SW,0.0,26,3,1011
2020-07-27,Afghanistan,Shahrak,25,12,14,NNE,0.0,25,0,1010
2020-07-28,Afghanistan,Shahrak,26,10,13,ENE,0.0,24,0,1009
2020-07-29,Afghanistan,Shahrak,25,11,16,NNE,0.0,26,0,1009
2020-07-30,Afghanistan,Shahrak,27,11,12,S,0.0,29,0,1008
2020-07-31,Afghanistan,Shahrak,24,11,14,SE,0.0,26,0,1008
2020-08-01,Afghanistan,Shahrak,25,10,11,S,0.0,40,2,1007
2020-08-02,Afghanistan,Shahrak,25,9,10,SSW,0.0,25,0,1005
2020-08-03,Afghanistan,Shahrak,24,8,14,W,0.0,24,0,1004
2020-08-04,Afghanistan,Shahrak,22,7,19,ENE,0.0,26,0,1005
2020-08-05,Afghanistan,Shahrak,24,9,17,NNE,0.0,30,0,1006
2020-08-06,Afghanistan,Shahrak,27,10,10,S,0.0,29,0,1007
2020-08-07,Afghanistan,Shahrak,27,12,12,NE,0.0,28,0,1007
2020-08-08,Afghanistan,Shahrak,27,11,11,S,0.0,30,1,1006
2020-08-09,Afghanistan,Shahrak,24,10,11,WSW,0.0,35,1,1005
2020-08-10,Afghanistan,Shahrak,24,10,13,S,0.0,31,0,1005
2020-08-11,Afghanistan,Shahrak,25,9,13,NNE,0.0,28,0,1007
2020-08-12,Afghanistan,Shahrak,26,9,12,SE,0.0,26,0,1006
2020-08-13,Afghanistan,Shahrak,25,8,17,NNE,0.0,24,0,1006
2020-08-14,Afghanistan,Shahrak,26,8,14,NNE,0.0,32,0,1005
2020-08-15,Afghanistan,Shahrak,27,9,11,NNE,0.0,29,0,1004
2020-08-16,Afghanistan,Shahrak,27,10,12,NNE,0.0,23,0,1005
2020-08-17,Afghanistan,Shahrak,28,10,10,S,0.0,27,0,1004
2020-08-18,Afghanistan,Shahrak,26,10,11,S,0.0,36,1,1006
2020-08-19,Afghanistan,Shahrak,22,7,13,S,0.0,35,0,1006
2020-08-20,Afghanistan,Shahrak,22,4,14,ESE,0.0,26,0,1007
2020-08-21,Afghanistan,Shahrak,26,5,7,SSE,0.0,24,0,1008
2020-08-22,Afghanistan,Shahrak,27,8,8,S,0.0,21,0,1007
2020-08-23,Afghanistan,Shahrak,28,9,9,S,0.0,19,0,1005
2020-08-24,Afghanistan,Shahrak,28,12,8,WSW,0.0,23,4,1006
2020-08-25,Afghanistan,Shahrak,26,12,11,WSW,0.0,37,15,1008
2020-08-26,Afghanistan,Shahrak,22,10,12,SSW,0.0,46,12,1009
2020-08-27,Afghanistan,Shahrak,21,6,11,SSE,0.0,46,3,1008
2020-08-28,Afghanistan,Shahrak,22,6,10,S,0.0,38,1,1008
2020-08-29,Afghanistan,Shahrak,21,6,11,SW,0.0,36,0,1009
2020-08-30,Afghanistan,Shahrak,19,4,12,SW,0.0,35,0,1012
2020-08-31,Afghanistan,Shahrak,19,4,11,S,0.0,32,0,1012
2020-09-01,Afghanistan,Shahrak,20,3,9,S,0.0,35,0,1013
2020-09-02,Afghanistan,Shahrak,19,4,10,SW,0.0,39,1,1014
2020-09-03,Afghanistan,Shahrak,19,3,13,ENE,0.0,34,0,1017
2020-09-04,Afghanistan,Shahrak,21,4,10,SSE,0.0,33,0,1015
2020-09-05,Afghanistan,Shahrak,22,5,9,S,0.0,29,0,1012
2020-09-06,Afghanistan,Shahrak,19,5,13,SSE,0.0,30,0,1013
2020-09-07,Afghanistan,Shahrak,21,3,8,SSE,0.0,34,0,1014
2020-09-08,Afghanistan,Shahrak,24,4,8,SSE,0.0,22,0,1013
2020-09-09,Afghanistan,Shahrak,21,5,10,SW,0.0,18,0,1014
2020-09-10,Afghanistan,Shahrak,19,3,11,S,0.0,24,0,1013
2020-09-11,Afghanistan,Shahrak,18,1,11,ENE,0.0,39,0,1013
2020-09-12,Afghanistan,Shahrak,21,3,9,S,0.0,33,0,1015
2020-09-13,Afghanistan,Shahrak,21,4,8,SSW,0.0,32,1,1015
2020-09-14,Afghanistan,Shahrak,19,3,9,SSE,0.0,34,1,1015
2020-09-15,Afghanistan,Shahrak,20,3,8,SSE,0.0,29,0,1014
2020-09-16,Afghanistan,Shahrak,19,3,9,SSW,0.0,28,0,1014
2020-09-17,Afghanistan,Shahrak,17,1,12,S,0.0,35,0,1016
2020-09-18,Afghanistan,Shahrak,17,0,10,NE,0.0,46,1,1016
2020-09-19,Afghanistan,Shahrak,22,1,7,SSE,0.0,35,0,1012
2020-09-20,Afghanistan,Shahrak,22,2,8,S,0.0,22,0,1012
2020-09-21,Afghanistan,Shahrak,20,2,11,ENE,0.0,23,0,1014
2020-09-22,Afghanistan,Shahrak,17,0,11,ENE,0.0,35,0,1016
2020-09-23,Afghanistan,Shahrak,16,0,12,ENE,0.0,49,2,1014
2020-09-24,Afghanistan,Shahrak,20,2,8,SSE,0.0,37,1,1014
2020-09-25,Afghanistan,Shahrak,20,2,9,S,0.0,28,0,1012
2020-09-26,Afghanistan,Shahrak,16,0,9,S,0.0,29,0,1011
2020-09-27,Afghanistan,Shahrak,16,0,9,S,0.0,33,0,1013
2020-09-28,Afghanistan,Shahrak,15,0,9,SSW,0.0,40,10,1016
2020-09-29,Afghanistan,Shahrak,14,3,10,S,0.0,41,19,1014
2020-09-30,Afghanistan,Shahrak,12,-5,8,SSE,0.0,52,11,1016
2020-10-01,Afghanistan,Shahrak,13,-3,10,SW,0.0,33,2,1016
2020-10-02,Afghanistan,Shahrak,13,-1,9,SW,0.0,35,0,1017
2020-10-03,Afghanistan,Shahrak,15,-2,8,SSE,0.0,40,0,1017
2020-10-04,Afghanistan,Shahrak,14,-1,9,S,0.0,48,0,1018
2020-10-05,Afghanistan,Shahrak,16,-1,8,SSE,0.0,43,1,1018
2020-10-06,Afghanistan,Shahrak,15,1,9,SSE,0.0,41,1,1017
2020-10-07,Afghanistan,Shahrak,15,0,8,SSE,0.0,44,0,1019
2020-10-08,Afghanistan,Shahrak,15,-1,9,SSW,0.0,42,0,1019
2020-10-09,Afghanistan,Shahrak,16,1,9,S,0.5,45,23,1019
2020-10-10,Afghanistan,Shahrak,14,-1,9,SSW,0.0,44,21,1020
2020-10-11,Afghanistan,Shahrak,14,-2,9,S,0.0,46,1,1019
2020-10-12,Afghanistan,Shahrak,9,-6,10,SSE,0.0,53,3,1020
2020-10-13,Afghanistan,Shahrak,12,-6,8,SSE,0.0,45,2,1019
2020-10-14,Afghanistan,Shahrak,13,-4,8,S,0.0,42,0,1018
2020-10-15,Afghanistan,Shahrak,14,-3,7,S,0.0,35,0,1017
2020-10-16,Afghanistan,Shahrak,13,-4,8,S,0.0,35,0,1017
2020-10-17,Afghanistan,Shahrak,13,-4,7,SSE,0.0,37,0,1018
2020-10-18,Afghanistan,Shahrak,13,-5,7,E,0.0,35,0,1019
2020-10-19,Afghanistan,Shahrak,15,-4,7,S,0.0,34,0,1017
2020-10-20,Afghanistan,Shahrak,15,-3,7,SSW,0.0,32,0,1016
2020-10-21,Afghanistan,Shahrak,14,-5,7,ENE,0.0,35,0,1019
2020-10-22,Afghanistan,Shahrak,13,-5,8,SSE,0.0,33,0,1018
2020-10-23,Afghanistan,Shahrak,8,-5,9,ENE,0.0,48,4,1018
2020-10-24,Afghanistan,Shahrak,8,-6,9,SSE,0.0,60,14,1020
2020-10-25,Afghanistan,Shahrak,13,-6,6,SE,0.0,41,1,1022
2020-10-26,Afghanistan,Shahrak,16,-2,7,SW,0.0,34,0,1019
2020-10-27,Afghanistan,Shahrak,14,-2,8,SSW,0.0,34,1,1017
2020-10-28,Afghanistan,Shahrak,9,-5,11,ESE,0.0,45,0,1021
2020-10-29,Afghanistan,Shahrak,9,-8,8,NE,0.0,38,1,1023
2020-10-30,Afghanistan,Shahrak,11,-7,6,S,0.0,25,0,1021
2020-10-31,Afghanistan,Shahrak,11,-8,5,SW,0.0,26,0,1021
2020-11-01,Afghanistan,Shahrak,12,-7,6,WSW,0.0,24,0,1021
2020-11-02,Afghanistan,Shahrak,12,-6,6,SSW,0.0,33,1,1022
2020-11-03,Afghanistan,Shahrak,12,-4,8,ESE,0.0,42,5,1022
2020-11-04,Afghanistan,Shahrak,12,-5,7,NNE,0.0,41,0,1020
2020-11-05,Afghanistan,Shahrak,13,-4,7,SSE,0.0,31,0,1018
2020-11-06,Afghanistan,Shahrak,13,-4,7,SW,0.0,34,1,1020
2020-11-07,Afghanistan,Shahrak,14,-3,7,SSW,0.0,33,7,1022
2020-11-08,Afghanistan,Shahrak,16,-1,8,SSW,0.0,29,44,1022
2020-11-09,Afghanistan,Shahrak,12,-2,8,SW,0.0,41,21,1022
2020-11-10,Afghanistan,Shahrak,10,-5,5,SSE,0.0,46,13,1019
2020-11-11,Afghanistan,Shahrak,10,-1,9,S,0.0,41,21,1020
2020-11-12,Afghanistan,Shahrak,10,-2,10,S,4.7,63,40,1022
2020-11-13,Afghanistan,Shahrak,5,-6,7,S,6.7,86,70,1021
2020-11-14,Afghanistan,Shahrak,1,-4,7,NW,10.5,87,70,1020
2020-11-15,Afghanistan,Shahrak,-2,-10,4,E,0.0,64,18,1024
2020-11-16,Afghanistan,Shahrak,1,-8,4,S,0.0,39,14,1023
2020-11-17,Afghanistan,Shahrak,2,-8,8,WSW,0.0,45,3,1021
2020-11-18,Afghanistan,Shahrak,1,-7,8,WSW,1.7,72,52,1020
2020-11-19,Afghanistan,Shahrak,-1,-7,5,W,1.3,75,46,1025
2020-11-20,Afghanistan,Shahrak,0,-7,5,SSW,0.0,52,5,1025
2020-11-21,Afghanistan,Shahrak,3,-7,8,SW,1.3,52,23,1022
2020-11-22,Afghanistan,Shahrak,-1,-4,6,SSW,19.3,96,95,1019
2020-11-23,Afghanistan,Shahrak,-1,-6,2,SSW,5.8,99,100,1018
2020-11-24,Afghanistan,Shahrak,0,-7,4,SSW,5.3,94,72,1019
2020-11-25,Afghanistan,Shahrak,-3,-12,4,SSW,1.3,80,33,1023
2020-11-26,Afghanistan,Shahrak,1,-9,7,SE,0.0,49,9,1026
2020-11-27,Afghanistan,Shahrak,2,-4,8,SE,0.0,40,42,1025
2020-11-28,Afghanistan,Shahrak,1,-6,5,E,0.0,45,30,1028
2020-11-29,Afghanistan,Shahrak,4,-3,5,SE,0.0,58,25,1025
2020-11-30,Afghanistan,Shahrak,6,-2,6,SSE,0.0,65,21,1021
2020-12-01,Afghanistan,Shahrak,8,-3,6,SSE,0.0,50,3,1022
2020-12-02,Afghanistan,Shahrak,6,-4,5,S,0.0,52,1,1023
2020-12-03,Afghanistan,Shahrak,6,-3,6,S,0.1,66,16,1021
2020-12-04,Afghanistan,Shahrak,3,-5,9,WSW,5.3,85,72,1020
2020-12-05,Afghanistan,Shahrak,1,-6,6,S,0.0,68,46,1020
2020-12-06,Afghanistan,Shahrak,1,-5,7,SSE,0.5,58,23,1021
2020-12-07,Afghanistan,Shahrak,0,-4,7,S,12.1,98,99,1019
2020-12-08,Afghanistan,Shahrak,-1,-8,7,SSW,1.4,90,70,1022
2020-12-09,Afghanistan,Shahrak,-2,-9,6,SSE,0.1,73,16,1023
2020-12-10,Afghanistan,Shahrak,-3,-9,6,SSE,0.0,62,8,1022
2020-12-11,Afghanistan,Shahrak,-3,-8,5,SSE,0.0,65,31,1022
2020-12-12,Afghanistan,Shahrak,-4,-9,6,S,0.0,76,30,1023
2020-12-13,Afghanistan,Shahrak,-5,-10,9,SSW,7.0,90,63,1024
2020-12-14,Afghanistan,Shahrak,-11,-18,5,SSE,0.3,80,46,1028
2020-12-15,Afghanistan,Shahrak,-7,-16,5,ESE,0.0,55,1,1031
2020-12-16,Afghanistan,Shahrak,-7,-16,6,ESE,0.0,40,6,1031
2020-12-17,Afghanistan,Shahrak,-2,-11,5,SSE,0.0,65,14,1026
2020-12-18,Afghanistan,Shahrak,-1,-9,7,SE,0.0,72,41,1023
2020-12-19,Afghanistan,Shahrak,-2,-8,7,SE,0.0,75,13,1024
2020-12-20,Afghanistan,Shahrak,-2,-9,5,S,6.6,95,87,1024
2020-12-21,Afghanistan,Shahrak,-5,-11,5,SE,0.8,83,29,1026
2020-12-22,Afghanistan,Shahrak,-5,-14,4,ESE,0.0,52,8,1026
2020-12-23,Afghanistan,Shahrak,-3,-13,5,SE,0.0,54,18,1024
2020-12-24,Afghanistan,Shahrak,-4,-11,8,SE,0.0,58,50,1020
2020-12-25,Afghanistan,Shahrak,-2,-8,11,SE,0.1,64,29,1016
2020-12-26,Afghanistan,Shahrak,-6,-17,10,SW,10.3,93,85,1022
2020-12-27,Afghanistan,Shahrak,-13,-22,5,WSW,0.0,95,57,1035
2020-12-28,Afghanistan,Shahrak,-9,-19,5,SE,0.0,59,3,1032
2020-12-29,Afghanistan,Shahrak,-5,-19,8,E,0.0,34,0,1030
2020-12-30,Afghanistan,Shahrak,-6,-16,7,E,0.0,28,4,1028
2020-12-31,Afghanistan,Shahrak,-6,-13,8,E,0.0,33,14,1027
2021-01-01,Afghanistan,Shahrak,-6,-16,8,E,0.0,33,1,1026
2021-01-02,Afghanistan,Shahrak,-6,-16,8,E,0.0,27,0,1026
2021-01-03,Afghanistan,Shahrak,-5,-15,7,E,0.0,32,0,1025
2021-01-04,Afghanistan,Shahrak,-5,-15,7,ESE,0.0,35,1,1025
2021-01-05,Afghanistan,Shahrak,-5,-14,4,SE,0.0,36,12,1026
2021-01-06,Afghanistan,Shahrak,-7,-18,6,ESE,0.0,47,16,1027
2021-01-07,Afghanistan,Shahrak,-12,-22,5,SE,0.0,68,10,1030
2021-01-08,Afghanistan,Shahrak,-12,-21,6,ENE,0.0,53,1,1032
2021-01-09,Afghanistan,Shahrak,-6,-17,7,E,0.0,31,0,1030
2021-01-10,Afghanistan,Shahrak,-5,-14,8,E,0.0,29,0,1027
2021-01-11,Afghanistan,Shahrak,-1,-12,4,ESE,0.0,27,0,1024
2021-01-12,Afghanistan,Shahrak,-2,-11,5,E,0.0,25,0,1026
2021-01-13,Afghanistan,Shahrak,-2,-11,7,E,0.0,30,0,1024
2021-01-14,Afghanistan,Shahrak,-1,-10,6,ESE,0.0,41,6,1020
2021-01-15,Afghanistan,Shahrak,0,-9,6,SE,0.0,36,12,1019
2021-01-16,Afghanistan,Shahrak,0,-9,6,E,0.0,41,32,1019
2021-01-17,Afghanistan,Shahrak,-1,-10,8,SE,0.0,43,5,1016
2021-01-18,Afghanistan,Shahrak,-1,-8,10,SSE,0.0,58,18,1017
2021-01-19,Afghanistan,Shahrak,0,-6,6,SE,0.4,75,26,1020
2021-01-20,Afghanistan,Shahrak,-3,-10,9,SE,0.0,65,6,1023
2021-01-21,Afghanistan,Shahrak,-1,-8,11,SSE,0.0,62,14,1015
2021-01-22,Afghanistan,Shahrak,-11,-18,7,WSW,4.6,90,64,1026
2021-01-23,Afghanistan,Shahrak,-10,-21,6,ENE,0.0,65,8,1034
2021-01-24,Afghanistan,Shahrak,-4,-15,7,E,0.0,50,5,1027
2021-01-25,Afghanistan,Shahrak,-5,-13,4,SSE,0.0,46,1,1025
2021-01-26,Afghanistan,Shahrak,-6,-15,6,SE,0.0,41,1,1025
2021-01-27,Afghanistan,Shahrak,-4,-13,4,SSE,0.0,37,7,1025
2021-01-28,Afghanistan,Shahrak,-3,-13,5,SSE,0.0,43,1,1025
2021-01-29,Afghanistan,Shahrak,-1,-11,7,SSE,0.0,42,3,1024
2021-01-30,Afghanistan,Shahrak,2,-8,8,SE,0.0,49,6,1019
2021-01-31,Afghanistan,Shahrak,0,-8,11,S,1.7,69,30,1017
2021-02-01,Afghanistan,Shahrak,-1,-8,5,ESE,0.0,56,17,1022
2021-02-02,Afghanistan,Shahrak,-2,-10,4,E,0.0,61,11,1024
2021-02-03,Afghanistan,Shahrak,-5,-10,7,NE,3.7,81,34,1023
2021-02-04,Afghanistan,Shahrak,0,-9,5,ESE,0.0,46,3,1025
2021-02-05,Afghanistan,Shahrak,3,-7,5,SSE,0.0,37,9,1023
2021-02-06,Afghanistan,Shahrak,4,-4,6,SE,0.0,34,5,1020
2021-02-07,Afghanistan,Shahrak,5,-3,9,SE,0.0,38,23,1018
2021-02-08,Afghanistan,Shahrak,4,-3,7,SSW,0.0,43,12,1020
2021-02-09,Afghanistan,Shahrak,2,-6,5,E,0.0,62,6,1022
2021-02-10,Afghanistan,Shahrak,4,-6,6,SSE,0.0,39,2,1022
2021-02-11,Afghanistan,Shahrak,7,-2,5,SE,0.0,33,21,1019
2021-02-12,Afghanistan,Shahrak,9,0,6,SSE,0.0,29,47,1017
2021-02-13,Afghanistan,Shahrak,9,0,8,SSW,0.0,35,0,1018
2021-02-14,Afghanistan,Shahrak,7,0,5,S,0.0,36,0,1019
2021-02-15,Afghanistan,Shahrak,6,-3,6,SE,0.0,31,3,1019
2021-02-16,Afghanistan,Shahrak,9,-2,5,S,0.0,25,0,1019
2021-02-17,Afghanistan,Shahrak,9,-1,5,S,0.0,23,0,1019
2021-02-18,Afghanistan,Shahrak,9,-1,8,SSE,0.0,20,33,1019
2021-02-19,Afghanistan,Shahrak,8,2,14,SSE,0.0,35,36,1019
2021-02-20,Afghanistan,Shahrak,3,-1,6,SSE,7.0,90,81,1021
2021-02-21,Afghanistan,Shahrak,8,-1,9,SSW,4.9,77,37,1020
2021-02-22,Afghanistan,Shahrak,4,-2,7,S,13.1,82,86,1019
2021-02-23,Afghanistan,Shahrak,5,0,17,SW,1.7,63,65,1017
2021-02-24,Afghanistan,Shahrak,2,-3,8,S,1.1,79,30,1016
2021-02-25,Afghanistan,Shahrak,2,-3,8,S,1.1,79,30,1016
2021-02-26,Afghanistan,Shahrak,1,-3,7,W,6.2,91,88,1018
2021-02-27,Afghanistan,Shahrak,0,-5,5,E,0.4,81,40,1019
2021-02-28,Afghanistan,Shahrak,3,-4,5,SSE,0.0,47,0,1018
2021-03-01,Afghanistan,Shahrak,5,-3,7,S,0.0,39,4,1021
2021-03-02,Afghanistan,Shahrak,5,0,10,S,0.1,46,40,1020
2021-03-03,Afghanistan,Shahrak,5,-1,9,SW,0.4,55,24,1018
2021-03-04,Afghanistan,Shahrak,6,-1,11,SSW,0.0,49,6,1019
2021-03-05,Afghanistan,Shahrak,8,-1,8,SSW,1.0,41,14,1020
2021-03-06,Afghanistan,Shahrak,2,-4,9,SW,24.4,93,87,1016
2021-03-07,Afghanistan,Shahrak,3,-4,5,SSW,0.4,71,21,1016
2021-03-08,Afghanistan,Shahrak,6,-2,6,S,0.0,40,2,1017
2021-03-09,Afghanistan,Shahrak,10,0,17,S,0.0,32,15,1014
2021-03-10,Afghanistan,Shahrak,11,2,15,SSW,0.0,38,43,1014
2021-03-11,Afghanistan,Shahrak,8,1,9,SW,0.0,48,28,1014
2021-03-12,Afghanistan,Shahrak,9,1,17,S,0.0,35,21,1015
2021-03-13,Afghanistan,Shahrak,6,4,32,SSE,13.9,62,52,1014
2021-03-14,Afghanistan,Shahrak,8,0,12,SSW,2.3,59,33,1018
2021-03-15,Afghanistan,Shahrak,8,1,11,SSW,0.0,34,36,1017
2021-03-16,Afghanistan,Shahrak,10,2,10,SW,0.0,36,20,1017
2021-03-17,Afghanistan,Shahrak,10,3,10,W,0.0,41,7,1017
2021-03-18,Afghanistan,Shahrak,11,3,7,SSW,0.0,43,26,1016
2021-03-19,Afghanistan,Shahrak,12,5,16,SSE,1.5,49,57,1015
2021-03-20,Afghanistan,Shahrak,12,6,21,SSW,2.4,46,65,1012
2021-03-21,Afghanistan,Shahrak,10,2,7,S,0.1,47,36,1012
2021-03-22,Afghanistan,Shahrak,7,3,14,WSW,1.0,38,58,1012
2021-03-23,Afghanistan,Shahrak,10,0,7,WNW,0.2,43,16,1017
2021-03-24,Afghanistan,Shahrak,11,3,10,SW,0.0,32,31,1017
2021-03-25,Afghanistan,Shahrak,18,6,10,SSW,0.2,32,31,1017
2021-03-26,Afghanistan,Shahrak,18,10,18,SW,0.0,29,21,1018
2021-03-27,Afghanistan,Shahrak,18,10,18,SW,0.0,33,40,1015
2021-03-28,Afghanistan,Shahrak,17,10,23,WSW,0.0,31,15,1013
2021-03-29,Afghanistan,Shahrak,9,-1,11,WSW,0.0,47,5,1017
2021-03-30,Afghanistan,Shahrak,9,-1,10,SW,0.0,41,3,1020
2021-03-31,Afghanistan,Shahrak,10,0,10,SW,0.0,29,1,1020
2021-04-01,Afghanistan,Shahrak,9,2,10,WSW,0.0,29,4,1020
2021-04-02,Afghanistan,Shahrak,12,3,11,NW,0.0,32,18,1016
2021-04-03,Afghanistan,Shahrak,16,7,18,WSW,0.1,34,33,1012
2021-04-04,Afghanistan,Shahrak,12,3,18,SW,7.7,57,64,1011
2021-04-05,Afghanistan,Shahrak,9,0,10,SW,0.0,44,5,1016
2021-04-06,Afghanistan,Shahrak,9,1,12,NW,0.0,41,4,1017
2021-04-07,Afghanistan,Shahrak,8,0,11,NW,0.0,25,1,1021
2021-04-08,Afghanistan,Shahrak,11,3,12,WNW,0.0,32,2,1019
2021-04-09,Afghanistan,Shahrak,15,4,8,S,0.0,25,19,1016
2021-04-10,Afghanistan,Shahrak,14,6,9,SW,0.0,30,36,1017
2021-04-11,Afghanistan,Shahrak,16,7,9,S,0.5,34,64,1018
2021-04-12,Afghanistan,Shahrak,14,4,9,WSW,0.7,37,63,1018
2021-04-13,Afghanistan,Shahrak,15,8,7,WSW,1.2,42,32,1018
2021-04-14,Afghanistan,Shahrak,15,8,7,SSW,0.2,45,28,1016
2021-04-15,Afghanistan,Shahrak,11,7,10,SSW,8.5,64,64,1014
2021-04-16,Afghanistan,Shahrak,12,5,5,ESE,0.1,39,38,1013
2021-04-17,Afghanistan,Shahrak,13,7,12,W,0.0,38,2,1016
2021-04-18,Afghanistan,Shahrak,12,3,8,WSW,0.0,32,4,1020
2021-04-19,Afghanistan,Shahrak,15,7,6,SSW,0.0,23,20,1014
2021-04-20,Afghanistan,Shahrak,11,6,16,NNW,0.0,41,6,1014
2021-04-21,Afghanistan,Shahrak,15,4,10,SW,0.0,47,7,1017
2021-04-22,Afghanistan,Shahrak,13,6,14,NNW,0.0,43,2,1019
2021-04-23,Afghanistan,Shahrak,16,5,9,ESE,0.0,22,1,1017
2021-04-24,Afghanistan,Shahrak,18,7,8,NE,0.0,14,6,1016
2021-04-25,Afghanistan,Shahrak,20,9,8,SSW,0.0,20,5,1016
2021-04-26,Afghanistan,Shahrak,20,10,9,SSW,0.0,26,5,1015
2021-04-27,Afghanistan,Shahrak,20,10,9,SSW,0.0,24,9,1014
2021-04-28,Afghanistan,Shahrak,19,11,8,WSW,0.0,24,13,1016
2021-04-29,Afghanistan,Shahrak,19,9,6,S,0.7,28,31,1015
2021-04-30,Afghanistan,Shahrak,18,9,12,SE,12.0,46,45,1015
2021-05-01,Afghanistan,Shahrak,17,7,9,SSE,10.7,60,60,1015
2021-05-02,Afghanistan,Shahrak,14,6,9,SSE,5.7,67,46,1015
2021-05-03,Afghanistan,Shahrak,16,11,10,SSE,5.8,61,71,1012
2021-05-04,Afghanistan,Shahrak,14,9,10,SSW,11.7,63,82,1011
2021-05-05,Afghanistan,Shahrak,13,-1,9,S,12.1,66,65,1014
2021-05-06,Afghanistan,Shahrak,14,7,7,SSW,2.6,59,43,1015
2021-05-07,Afghanistan,Shahrak,17,8,9,S,0.1,51,12,1015
2021-05-08,Afghanistan,Shahrak,19,10,10,S,0.0,40,5,1016
2021-05-09,Afghanistan,Shahrak,19,10,10,S,0.1,44,22,1013
2021-05-10,Afghanistan,Shahrak,15,6,8,SSE,10.1,59,51,1014
2021-05-11,Afghanistan,Shahrak,15,8,14,NW,0.0,57,15,1015
2021-05-12,Afghanistan,Shahrak,15,7,16,E,0.0,41,2,1014
2021-05-13,Afghanistan,Shahrak,16,6,12,E,0.0,31,3,1012
2021-05-14,Afghanistan,Shahrak,16,7,12,E,0.0,33,1,1012
2021-05-15,Afghanistan,Shahrak,17,7,12,SE,0.0,26,5,1011
2021-05-16,Afghanistan,Shahrak,19,9,9,S,0.0,28,10,1011
2021-05-17,Afghanistan,Shahrak,19,10,10,SSW,0.0,32,11,1013
2021-05-18,Afghanistan,Shahrak,18,9,10,WSW,0.0,29,0,1013
2021-05-19,Afghanistan,Shahrak,19,9,11,SW,0.0,20,0,1012
2021-05-20,Afghanistan,Shahrak,16,10,20,W,0.0,25,0,1015
2021-05-21,Afghanistan,Shahrak,18,9,25,NE,0.0,25,0,1017
2021-05-22,Afghanistan,Shahrak,15,8,20,S,0.0,30,1,1015
2021-05-23,Afghanistan,Shahrak,17,6,11,SW,0.0,21,0,1013
2021-05-24,Afghanistan,Shahrak,18,7,11,SW,0.0,24,25,1015
2021-05-25,Afghanistan,Shahrak,18,10,14,WNW,0.0,26,5,1015
2021-05-26,Afghanistan,Shahrak,20,9,10,SW,0.0,23,0,1013
2021-05-27,Afghanistan,Shahrak,21,9,11,SE,0.4,25,22,1011
2021-05-28,Afghanistan,Shahrak,21,11,13,ENE,0.3,34,29,1012
2021-05-29,Afghanistan,Shahrak,21,12,13,SE,0.0,31,15,1014
2021-05-30,Afghanistan,Shahrak,22,12,13,ENE,0.0,25,0,1014
2021-05-31,Afghanistan,Shahrak,22,13,20,NNE,0.0,22,1,1013
2021-06-01,Afghanistan,Shahrak,23,13,21,NE,0.0,20,2,1013
2021-06-02,Afghanistan,Shahrak,24,13,14,ESE,0.0,20,3,1013
2021-06-03,Afghanistan,Shahrak,26,14,13,NE,0.0,18,0,1013
2021-06-04,Afghanistan,Shahrak,25,14,19,NNE,0.0,15,0,1014
2021-06-05,Afghanistan,Shahrak,26,13,14,ENE,0.0,15,0,1012
2021-06-06,Afghanistan,Shahrak,27,14,13,NE,0.0,14,0,1011
2021-06-07,Afghanistan,Shahrak,27,15,12,NE,0.0,18,1,1011
2021-06-08,Afghanistan,Shahrak,26,15,14,SSW,0.0,22,0,1011
2021-06-09,Afghanistan,Shahrak,27,16,12,SW,0.0,22,1,1009
2021-06-10,Afghanistan,Shahrak,27,14,13,NE,0.0,22,0,1008
2021-06-11,Afghanistan,Shahrak,26,13,14,NE,0.0,15,0,1007
2021-06-12,Afghanistan,Shahrak,25,14,18,NNE,0.0,17,0,1010
2021-06-13,Afghanistan,Shahrak,23,12,18,ENE,0.0,20,0,1012
2021-06-14,Afghanistan,Shahrak,23,10,21,ESE,0.0,19,0,1011
2021-06-15,Afghanistan,Shahrak,19,11,25,NW,0.0,16,1,1010
2021-06-16,Afghanistan,Shahrak,19,6,17,ESE,0.0,14,0,1010
2021-06-17,Afghanistan,Shahrak,20,7,14,ENE,0.0,17,0,1010
2021-06-18,Afghanistan,Shahrak,22,8,14,ENE,0.0,16,0,1011
2021-06-19,Afghanistan,Shahrak,21,9,21,NNE,0.0,18,0,1013
2021-06-20,Afghanistan,Shahrak,20,10,23,NE,0.0,25,1,1012
2021-06-21,Afghanistan,Shahrak,21,8,13,S,0.0,19,1,1012
2021-06-22,Afghanistan,Shahrak,22,8,15,ENE,0.0,19,0,1013
2021-06-23,Afghanistan,Shahrak,23,10,12,S,0.0,20,0,1014
2021-06-24,Afghanistan,Shahrak,23,10,13,S,0.0,19,0,1012
2021-06-25,Afghanistan,Shahrak,22,9,15,ENE,0.0,23,0,1011
2021-06-26,Afghanistan,Shahrak,22,9,9,SSE,0.0,28,3,1009
2021-06-27,Afghanistan,Shahrak,24,11,10,SSW,0.0,22,6,1011
2021-06-28,Afghanistan,Shahrak,24,12,8,SSW,0.0,23,5,1012
2021-06-29,Afghanistan,Shahrak,24,11,12,S,0.0,24,5,1011
2021-06-30,Afghanistan,Shahrak,22,12,17,WSW,0.0,23,0,1012
