date,country,city,maximum_temprature,minimum_temprature,wind_speed,wind_direction,amount_of_rain,humidity,cloud_coverage,pressure
2009-01-01,Albania,Kukes,2,-12,9,SSW,6.2,90,46,1026
2009-01-02,Albania,Kukes,4,-5,9,ENE,32.6,98,87,1020
2009-01-03,Albania,Kukes,-6,-15,15,ENE,36.5,98,100,1020
2009-01-04,Albania,Kukes,-4,-7,11,E,15.0,98,100,1016
2009-01-05,Albania,Kukes,-6,-19,10,E,0.1,98,62,1016
2009-01-06,Albania,Kukes,-3,-19,10,E,0.7,97,69,1018
2009-01-07,Albania,Kukes,2,-15,7,SSE,0.0,97,74,1021
2009-01-08,Albania,Kukes,4,-5,13,ESE,6.3,98,93,1023
2009-01-09,Albania,Kukes,1,-17,13,E,1.9,97,82,1030
2009-01-10,Albania,Kukes,2,-3,14,E,1.1,98,94,1028
2009-01-11,Albania,Kukes,-2,-19,15,E,0.0,91,11,1033
2009-01-12,Albania,Kukes,-2,-15,15,ESE,0.0,93,30,1033
2009-01-13,Albania,Kukes,3,-3,15,ESE,23.8,94,83,1026
2009-01-14,Albania,Kukes,4,-6,15,SE,31.6,98,97,1016
2009-01-15,Albania,Kukes,6,2,8,S,11.6,99,100,1019
2009-01-16,Albania,Kukes,2,-6,10,ENE,0.9,98,90,1020
2009-01-17,Albania,Kukes,4,-9,9,ESE,0.1,93,40,1025
2009-01-18,Albania,Kukes,2,-1,13,SW,0.0,91,36,1023
2009-01-19,Albania,Kukes,6,-4,11,SW,3.0,99,100,1016
2009-01-20,Albania,Kukes,6,1,10,SSW,0.7,98,90,1013
2009-01-21,Albania,Kukes,8,-3,12,SE,44.1,98,95,1009
2009-01-22,Albania,Kukes,7,-1,11,ESE,28.1,98,98,1006
2009-01-23,Albania,Kukes,6,-2,10,S,49.9,98,97,993
2009-01-24,Albania,Kukes,8,5,9,SSW,13.6,98,92,992
2009-01-25,Albania,Kukes,7,-2,9,SSW,35.7,97,92,993
2009-01-26,Albania,Kukes,7,-5,8,S,1.2,96,83,1005
2009-01-27,Albania,Kukes,6,-4,11,SSE,39.7,97,86,1005
2009-01-28,Albania,Kukes,5,-6,4,SW,3.3,93,70,1004
2009-01-29,Albania,Kukes,5,0,9,NE,13.1,96,95,1008
2009-01-30,Albania,Kukes,1,-2,14,ENE,25.9,97,100,1014
2009-01-31,Albania,Kukes,1,-10,11,E,9.7,95,100,1014
2009-02-01,Albania,Kukes,3,-8,10,ESE,7.3,95,95,1014
2009-02-02,Albania,Kukes,5,-6,13,ESE,6.9,94,81,1017
2009-02-03,Albania,Kukes,11,4,17,SE,0.5,92,41,1012
2009-02-04,Albania,Kukes,9,2,14,S,13.7,96,86,1004
2009-02-05,Albania,Kukes,7,-2,12,WSW,3.8,93,71,1011
2009-02-06,Albania,Kukes,7,-5,5,SW,7.9,93,61,1008
2009-02-07,Albania,Kukes,8,-3,10,S,6.9,92,59,1002
2009-02-08,Albania,Kukes,6,0,12,SSW,24.5,95,87,996
2009-02-09,Albania,Kukes,0,-5,8,E,10.8,94,85,1005
2009-02-10,Albania,Kukes,2,-9,10,S,0.0,79,25,1013
2009-02-11,Albania,Kukes,6,-5,13,SW,24.3,97,92,1002
2009-02-12,Albania,Kukes,1,-1,10,ENE,10.5,89,88,1002
2009-02-13,Albania,Kukes,2,-5,12,NE,4.3,75,66,1007
2009-02-14,Albania,Kukes,1,-5,15,NE,0.2,69,42,1009
2009-02-15,Albania,Kukes,0,-11,14,NE,1.3,75,61,1016
2009-02-16,Albania,Kukes,0,-14,9,NE,1.1,73,41,1022
2009-02-17,Albania,Kukes,2,-13,11,WSW,0.3,75,52,1018
2009-02-18,Albania,Kukes,2,-3,11,SE,33.3,98,100,1009
2009-02-19,Albania,Kukes,-2,-7,13,NE,21.1,94,84,1011
2009-02-20,Albania,Kukes,-2,-9,14,NNE,3.6,96,69,1020
2009-02-21,Albania,Kukes,0,-20,10,ENE,0.1,97,66,1024
2009-02-22,Albania,Kukes,-2,-12,11,ENE,2.0,97,77,1021
2009-02-23,Albania,Kukes,2,-18,8,SE,0.2,96,54,1016
2009-02-24,Albania,Kukes,2,-17,6,E,0.6,95,74,1016
2009-02-25,Albania,Kukes,-2,-12,15,NE,2.1,96,88,1023
2009-02-26,Albania,Kukes,3,-10,12,ENE,0.1,94,58,1022
2009-02-27,Albania,Kukes,6,-5,6,SSW,0.3,92,49,1016
2009-02-28,Albania,Kukes,7,-2,8,SSE,0.2,92,42,1020
2009-03-01,Albania,Kukes,11,0,10,WSW,0.1,91,40,1020
2009-03-02,Albania,Kukes,7,4,7,SW,10.1,98,92,1017
2009-03-03,Albania,Kukes,9,4,6,SW,8.7,99,100,1016
2009-03-04,Albania,Kukes,8,1,7,SSE,8.5,98,90,1012
2009-03-05,Albania,Kukes,4,-3,16,SSE,59.0,98,97,993
2009-03-06,Albania,Kukes,6,-4,9,SE,29.4,95,70,991
2009-03-07,Albania,Kukes,5,-6,8,SSE,6.6,90,64,995
2009-03-08,Albania,Kukes,8,0,9,NNE,0.5,87,45,1007
2009-03-09,Albania,Kukes,8,-1,13,WSW,3.7,82,51,1009
2009-03-10,Albania,Kukes,5,-3,11,W,12.7,84,31,1015
2009-03-11,Albania,Kukes,6,2,6,S,2.4,81,66,1016
2009-03-12,Albania,Kukes,5,1,12,NE,7.9,89,62,1017
2009-03-13,Albania,Kukes,5,-10,7,SW,1.8,81,44,1018
2009-03-14,Albania,Kukes,7,-9,10,S,0.8,79,25,1021
2009-03-15,Albania,Kukes,11,-9,5,SSW,0.2,74,32,1022
2009-03-16,Albania,Kukes,9,-7,9,NNE,0.9,84,42,1024
2009-03-17,Albania,Kukes,6,-6,11,NE,0.5,83,49,1024
2009-03-18,Albania,Kukes,4,-5,11,S,2.4,75,35,1020
2009-03-19,Albania,Kukes,7,-11,9,WNW,0.2,63,35,1019
2009-03-20,Albania,Kukes,-1,-9,14,ESE,39.4,93,91,1016
2009-03-21,Albania,Kukes,3,-9,19,ENE,22.7,94,100,1008
2009-03-22,Albania,Kukes,3,-10,17,NE,13.7,95,83,1012
2009-03-23,Albania,Kukes,5,-12,8,SSW,0.0,94,39,1014
2009-03-24,Albania,Kukes,6,-1,15,SW,1.2,94,56,1006
2009-03-25,Albania,Kukes,3,-3,13,ESE,23.9,96,70,1005
2009-03-26,Albania,Kukes,6,-9,3,SSE,0.0,89,42,1011
2009-03-27,Albania,Kukes,9,-7,8,SSW,0.0,88,22,1016
2009-03-28,Albania,Kukes,10,-5,9,SW,0.2,93,42,1018
2009-03-29,Albania,Kukes,9,6,12,S,3.4,96,75,1016
2009-03-30,Albania,Kukes,15,0,10,S,17.5,98,79,1016
2009-03-31,Albania,Kukes,19,8,5,ESE,5.3,88,51,1017
2009-04-01,Albania,Kukes,21,10,9,ESE,6.2,84,26,1015
2009-04-02,Albania,Kukes,14,1,7,E,32.5,95,78,1015
2009-04-03,Albania,Kukes,13,9,8,E,45.6,95,93,1018
2009-04-04,Albania,Kukes,17,-1,7,E,6.1,86,52,1017
2009-04-05,Albania,Kukes,18,1,11,ENE,0.0,73,6,1015
2009-04-06,Albania,Kukes,17,6,11,NE,0.0,71,20,1013
2009-04-07,Albania,Kukes,18,5,6,ENE,0.0,64,17,1014
2009-04-08,Albania,Kukes,18,-5,3,SSW,0.0,68,13,1017
2009-04-09,Albania,Kukes,17,-3,4,SSE,3.2,74,25,1018
2009-04-10,Albania,Kukes,18,-2,5,ESE,1.0,67,17,1016
2009-04-11,Albania,Kukes,18,-2,8,ESE,0.2,65,11,1014
2009-04-12,Albania,Kukes,16,-2,11,ESE,0.0,66,12,1012
2009-04-13,Albania,Kukes,10,4,12,ESE,18.8,91,79,1007
2009-04-14,Albania,Kukes,8,3,8,ENE,19.7,94,94,1006
2009-04-15,Albania,Kukes,8,-4,7,NE,2.2,88,52,1013
2009-04-16,Albania,Kukes,17,-4,6,SW,0.0,72,10,1016
2009-04-17,Albania,Kukes,15,-2,8,WSW,0.9,71,31,1014
2009-04-18,Albania,Kukes,15,-1,7,S,5.5,83,40,1016
2009-04-19,Albania,Kukes,17,1,6,SE,7.2,81,38,1018
2009-04-20,Albania,Kukes,17,11,9,ESE,25.8,90,74,1018
2009-04-21,Albania,Kukes,13,9,12,ENE,13.2,94,69,1013
2009-04-22,Albania,Kukes,10,0,13,NE,23.2,96,100,1010
2009-04-23,Albania,Kukes,13,-3,9,E,6.8,90,77,1015
2009-04-24,Albania,Kukes,15,-1,5,SSE,1.0,80,54,1018
2009-04-25,Albania,Kukes,18,3,5,W,1.4,78,39,1019
2009-04-26,Albania,Kukes,17,7,8,ENE,0.0,75,21,1021
2009-04-27,Albania,Kukes,16,-1,11,ESE,0.1,76,30,1019
2009-04-28,Albania,Kukes,10,7,10,ESE,18.5,93,69,1012
2009-04-29,Albania,Kukes,14,0,7,SW,10.8,91,78,1010
2009-04-30,Albania,Kukes,11,5,9,SW,5.5,89,62,1009
2009-05-01,Albania,Kukes,11,1,7,SE,24.5,94,83,1009
2009-05-02,Albania,Kukes,16,-4,10,NE,1.5,73,28,1015
2009-05-03,Albania,Kukes,14,-5,8,ENE,3.0,75,39,1018
2009-05-04,Albania,Kukes,16,-3,10,NE,4.9,79,33,1014
2009-05-05,Albania,Kukes,15,-1,10,NE,6.8,81,30,1015
2009-05-06,Albania,Kukes,16,-3,6,ESE,2.6,80,51,1017
2009-05-07,Albania,Kukes,17,4,8,SSE,0.0,71,31,1019
2009-05-08,Albania,Kukes,21,-3,6,SE,0.0,66,6,1021
2009-05-09,Albania,Kukes,22,0,5,WSW,0.7,72,25,1021
2009-05-10,Albania,Kukes,25,3,3,S,0.0,64,26,1021
2009-05-11,Albania,Kukes,23,0,5,W,0.0,66,17,1019
2009-05-12,Albania,Kukes,23,1,7,WSW,0.0,65,9,1019
2009-05-13,Albania,Kukes,25,8,5,W,0.3,68,23,1017
2009-05-14,Albania,Kukes,26,8,6,SW,0.0,68,11,1015
2009-05-15,Albania,Kukes,21,4,6,WSW,0.8,61,24,1014
2009-05-16,Albania,Kukes,25,9,4,SSE,0.0,49,20,1015
2009-05-17,Albania,Kukes,24,5,9,ENE,3.3,65,42,1016
2009-05-18,Albania,Kukes,25,4,9,ENE,0.7,65,26,1016
2009-05-19,Albania,Kukes,26,6,6,ENE,8.5,73,23,1017
2009-05-20,Albania,Kukes,25,9,12,NE,1.9,70,24,1017
2009-05-21,Albania,Kukes,24,8,11,ENE,3.1,75,30,1017
2009-05-22,Albania,Kukes,28,12,6,SSE,0.0,65,11,1017
2009-05-23,Albania,Kukes,27,9,6,S,0.6,69,14,1018
2009-05-24,Albania,Kukes,29,5,6,SSW,15.3,73,19,1019
2009-05-25,Albania,Kukes,25,11,8,SE,5.8,76,20,1018
2009-05-26,Albania,Kukes,28,10,6,ENE,1.1,68,16,1016
2009-05-27,Albania,Kukes,28,14,8,SE,7.5,75,24,1016
2009-05-28,Albania,Kukes,24,14,5,SE,20.4,88,51,1018
2009-05-29,Albania,Kukes,11,1,11,ENE,5.0,90,64,1018
2009-05-30,Albania,Kukes,17,-2,8,SSE,10.1,82,46,1020
2009-05-31,Albania,Kukes,22,-2,6,S,0.0,54,18,1020
2009-06-01,Albania,Kukes,22,4,7,SSW,1.3,65,40,1016
2009-06-02,Albania,Kukes,14,11,9,S,12.4,92,56,1008
2009-06-03,Albania,Kukes,12,2,7,SE,29.1,97,89,1008
2009-06-04,Albania,Kukes,21,-2,6,S,0.5,72,18,1012
2009-06-05,Albania,Kukes,23,1,9,WSW,0.6,70,15,1014
2009-06-06,Albania,Kukes,28,2,10,WSW,0.0,62,11,1015
2009-06-07,Albania,Kukes,26,14,12,WSW,0.0,49,4,1013
2009-06-08,Albania,Kukes,27,9,4,WSW,0.0,51,11,1013
2009-06-09,Albania,Kukes,32,13,3,SSW,0.0,61,3,1016
2009-06-10,Albania,Kukes,31,10,7,SSE,0.0,60,5,1017
2009-06-11,Albania,Kukes,29,12,8,WSW,0.5,56,5,1015
2009-06-12,Albania,Kukes,23,3,11,ENE,0.0,61,13,1015
2009-06-13,Albania,Kukes,24,6,10,ENE,0.0,52,14,1019
2009-06-14,Albania,Kukes,25,0,9,ENE,0.0,51,1,1022
2009-06-15,Albania,Kukes,30,1,5,E,0.0,53,3,1022
2009-06-16,Albania,Kukes,32,4,5,SW,0.0,57,2,1019
2009-06-17,Albania,Kukes,28,14,9,E,2.1,68,16,1019
2009-06-18,Albania,Kukes,23,6,11,E,13.4,87,65,1020
2009-06-19,Albania,Kukes,26,10,6,S,4.7,78,35,1018
2009-06-20,Albania,Kukes,25,11,6,SW,8.0,79,15,1014
2009-06-21,Albania,Kukes,18,3,5,ESE,2.5,79,40,1010
2009-06-22,Albania,Kukes,18,8,8,SSW,31.2,89,69,1008
2009-06-23,Albania,Kukes,15,3,4,SW,15.3,92,78,1009
2009-06-24,Albania,Kukes,16,0,6,SSE,19.9,91,62,1007
2009-06-25,Albania,Kukes,18,2,6,W,6.6,93,77,1009
2009-06-26,Albania,Kukes,20,5,7,SW,2.5,85,63,1009
2009-06-27,Albania,Kukes,20,2,5,W,9.1,84,58,1011
2009-06-28,Albania,Kukes,22,4,3,SW,9.1,82,55,1011
2009-06-29,Albania,Kukes,22,4,4,ENE,26.1,89,65,1013
2009-06-30,Albania,Kukes,22,11,6,ENE,37.7,93,66,1015
2009-07-01,Albania,Kukes,25,15,6,ENE,27.1,89,59,1016
2009-07-02,Albania,Kukes,24,11,4,SE,13.8,84,39,1015
2009-07-03,Albania,Kukes,24,3,4,WSW,15.5,87,53,1011
2009-07-04,Albania,Kukes,24,5,6,SSE,18.4,85,33,1009
2009-07-05,Albania,Kukes,25,5,6,SE,10.3,81,42,1009
2009-07-06,Albania,Kukes,23,4,3,WNW,17.1,87,35,1009
2009-07-07,Albania,Kukes,22,5,6,WSW,13.3,84,23,1011
2009-07-08,Albania,Kukes,26,6,10,SW,0.8,73,21,1012
2009-07-09,Albania,Kukes,25,11,6,SW,12.0,82,27,1013
2009-07-10,Albania,Kukes,24,5,4,SSE,6.6,84,38,1012
2009-07-11,Albania,Kukes,15,5,8,ENE,18.1,96,74,1012
2009-07-12,Albania,Kukes,22,1,9,S,0.4,68,17,1015
2009-07-13,Albania,Kukes,25,-1,8,NNE,0.0,64,5,1017
2009-07-14,Albania,Kukes,29,3,6,ENE,0.0,63,4,1018
2009-07-15,Albania,Kukes,32,12,6,NE,0.0,60,2,1019
2009-07-16,Albania,Kukes,31,11,10,ENE,0.0,55,7,1018
2009-07-17,Albania,Kukes,31,12,6,ESE,7.9,73,15,1015
2009-07-18,Albania,Kukes,32,17,9,SSW,0.4,69,7,1010
2009-07-19,Albania,Kukes,23,11,9,SSW,0.0,67,22,1015
2009-07-20,Albania,Kukes,25,2,12,ENE,0.0,58,3,1020
2009-07-21,Albania,Kukes,27,2,9,ENE,0.0,52,3,1020
2009-07-22,Albania,Kukes,31,10,6,ENE,0.0,49,1,1019
2009-07-23,Albania,Kukes,34,6,4,S,0.0,53,1,1018
2009-07-24,Albania,Kukes,35,10,7,W,0.0,47,0,1017
2009-07-25,Albania,Kukes,33,14,10,SW,0.0,38,1,1015
2009-07-26,Albania,Kukes,25,11,15,NE,0.0,57,8,1018
2009-07-27,Albania,Kukes,27,3,11,ENE,0.0,54,4,1018
2009-07-28,Albania,Kukes,31,5,4,SE,0.0,57,4,1017
2009-07-29,Albania,Kukes,27,7,10,ENE,0.0,50,13,1017
2009-07-30,Albania,Kukes,26,6,8,NE,0.0,51,17,1017
2009-07-31,Albania,Kukes,29,7,11,NE,0.0,51,6,1017
2009-08-01,Albania,Kukes,31,8,7,NE,0.0,55,11,1017
2009-08-02,Albania,Kukes,29,9,6,S,0.0,55,13,1016
2009-08-03,Albania,Kukes,32,13,7,WSW,0.0,48,1,1016
2009-08-04,Albania,Kukes,29,7,8,SW,2.8,52,22,1012
2009-08-05,Albania,Kukes,20,6,10,NE,25.5,87,67,1013
2009-08-06,Albania,Kukes,24,7,10,NE,7.8,84,56,1013
2009-08-07,Albania,Kukes,20,7,12,NE,6.5,83,61,1013
2009-08-08,Albania,Kukes,24,16,10,ENE,3.2,82,49,1014
2009-08-09,Albania,Kukes,25,8,5,E,20.1,85,36,1016
2009-08-10,Albania,Kukes,27,6,4,SE,0.9,75,21,1017
2009-08-11,Albania,Kukes,25,7,6,SW,8.9,78,28,1016
2009-08-12,Albania,Kukes,24,6,11,NE,2.2,79,42,1016
2009-08-13,Albania,Kukes,26,4,6,ENE,0.0,67,21,1016
2009-08-14,Albania,Kukes,23,13,4,S,4.9,78,46,1016
2009-08-15,Albania,Kukes,24,8,10,NE,4.9,78,25,1019
2009-08-16,Albania,Kukes,26,8,8,ENE,0.0,68,13,1018
2009-08-17,Albania,Kukes,28,8,7,ENE,1.9,71,14,1015
2009-08-18,Albania,Kukes,29,7,9,ENE,0.0,61,12,1017
2009-08-19,Albania,Kukes,28,8,12,NE,0.0,60,13,1021
2009-08-20,Albania,Kukes,30,13,10,ENE,0.0,53,6,1022
2009-08-21,Albania,Kukes,30,13,6,ENE,0.0,55,12,1019
2009-08-22,Albania,Kukes,29,8,8,ENE,0.0,55,4,1016
2009-08-23,Albania,Kukes,28,7,10,NE,0.2,55,12,1015
2009-08-24,Albania,Kukes,25,6,8,NE,8.7,77,26,1014
2009-08-25,Albania,Kukes,25,10,6,ENE,0.7,70,26,1016
2009-08-26,Albania,Kukes,30,10,4,SSE,0.0,62,12,1019
2009-08-27,Albania,Kukes,29,11,5,ENE,0.0,58,9,1019
2009-08-28,Albania,Kukes,30,15,6,NE,0.0,47,11,1015
2009-08-29,Albania,Kukes,29,12,4,SW,2.7,56,24,1014
2009-08-30,Albania,Kukes,24,17,10,NE,30.5,85,47,1017
2009-08-31,Albania,Kukes,25,5,10,ENE,0.4,72,29,1020
2009-09-01,Albania,Kukes,28,4,5,SSE,0.0,68,6,1019
2009-09-02,Albania,Kukes,26,5,6,W,0.0,71,16,1016
2009-09-03,Albania,Kukes,27,7,6,W,1.7,72,15,1014
2009-09-04,Albania,Kukes,29,7,8,WSW,0.0,65,6,1014
2009-09-05,Albania,Kukes,24,7,8,SSW,8.0,74,29,1014
2009-09-06,Albania,Kukes,18,4,15,NE,1.2,72,55,1017
2009-09-07,Albania,Kukes,15,3,16,NE,0.6,73,51,1018
2009-09-08,Albania,Kukes,18,1,14,NE,0.0,69,24,1018
2009-09-09,Albania,Kukes,17,2,9,ENE,5.4,82,63,1019
2009-09-10,Albania,Kukes,20,4,9,NE,15.3,83,46,1018
2009-09-11,Albania,Kukes,20,3,13,NE,3.1,74,38,1014
2009-09-12,Albania,Kukes,17,4,10,ENE,6.3,82,54,1013
2009-09-13,Albania,Kukes,19,4,4,SSE,5.2,80,43,1014
2009-09-14,Albania,Kukes,20,3,5,SSW,5.4,81,36,1015
2009-09-15,Albania,Kukes,24,4,3,SSE,0.9,75,23,1018
2009-09-16,Albania,Kukes,24,4,5,S,0.4,70,17,1017
2009-09-17,Albania,Kukes,21,6,6,SW,5.1,82,32,1014
2009-09-18,Albania,Kukes,21,2,5,SSW,11.1,83,40,1015
2009-09-19,Albania,Kukes,21,5,8,NE,6.7,84,56,1017
2009-09-20,Albania,Kukes,19,4,8,ENE,0.5,78,45,1017
2009-09-21,Albania,Kukes,22,4,8,ENE,0.0,69,16,1020
2009-09-22,Albania,Kukes,20,1,8,ENE,0.0,60,5,1023
2009-09-23,Albania,Kukes,23,6,7,ENE,0.0,60,6,1025
2009-09-24,Albania,Kukes,24,2,4,ESE,0.0,60,4,1021
2009-09-25,Albania,Kukes,15,2,8,E,6.8,77,51,1017
2009-09-26,Albania,Kukes,21,7,12,ENE,1.8,75,31,1020
2009-09-27,Albania,Kukes,21,4,8,E,0.0,71,22,1023
2009-09-28,Albania,Kukes,25,9,5,SE,0.0,69,21,1021
2009-09-29,Albania,Kukes,22,11,6,WSW,0.0,74,26,1017
2009-09-30,Albania,Kukes,24,5,4,SE,0.0,68,6,1017
2009-10-01,Albania,Kukes,22,4,9,SSW,0.0,63,15,1017
2009-10-02,Albania,Kukes,23,13,7,SE,26.8,90,77,1012
2009-10-03,Albania,Kukes,10,4,13,NE,80.0,95,94,1011
2009-10-04,Albania,Kukes,16,8,4,SSW,0.0,87,68,1016
2009-10-05,Albania,Kukes,20,3,4,S,0.1,80,17,1020
2009-10-06,Albania,Kukes,22,2,3,SSW,0.0,78,9,1022
2009-10-07,Albania,Kukes,25,11,3,ESE,0.0,75,6,1021
2009-10-08,Albania,Kukes,21,6,5,SSW,0.0,72,3,1019
2009-10-09,Albania,Kukes,27,10,3,S,0.0,72,4,1018
2009-10-10,Albania,Kukes,23,5,5,S,0.0,67,9,1016
2009-10-11,Albania,Kukes,19,4,8,SW,1.0,75,36,1014
2009-10-12,Albania,Kukes,15,4,11,SSW,26.3,96,95,1006
2009-10-13,Albania,Kukes,7,1,14,WSW,44.5,89,63,1005
2009-10-14,Albania,Kukes,7,-7,7,S,0.0,65,27,1017
2009-10-15,Albania,Kukes,7,-1,9,ESE,1.3,68,23,1018
2009-10-16,Albania,Kukes,4,1,11,ENE,21.7,95,82,1015
2009-10-17,Albania,Kukes,8,-8,6,SE,0.6,90,50,1013
2009-10-18,Albania,Kukes,7,-5,9,ESE,20.8,97,94,1010
2009-10-19,Albania,Kukes,9,2,6,E,18.4,97,99,1012
2009-10-20,Albania,Kukes,11,-2,8,SSW,1.6,87,51,1017
2009-10-21,Albania,Kukes,12,3,10,SW,0.0,83,16,1020
2009-10-22,Albania,Kukes,16,7,11,SSW,8.1,96,74,1017
2009-10-23,Albania,Kukes,17,13,12,SSE,13.3,93,71,1011
2009-10-24,Albania,Kukes,16,12,12,E,1.8,93,68,1008
2009-10-25,Albania,Kukes,15,3,12,ENE,4.9,92,75,1013
2009-10-26,Albania,Kukes,18,2,10,E,6.8,90,65,1015
2009-10-27,Albania,Kukes,14,3,10,ENE,1.1,93,83,1016
2009-10-28,Albania,Kukes,12,2,11,ENE,0.5,83,25,1019
2009-10-29,Albania,Kukes,14,1,9,ENE,0.0,82,31,1018
2009-10-30,Albania,Kukes,6,4,16,NE,0.4,87,70,1021
2009-10-31,Albania,Kukes,8,2,17,ENE,0.2,78,39,1024
2009-11-01,Albania,Kukes,6,-9,14,ENE,0.0,70,16,1023
2009-11-02,Albania,Kukes,10,-5,7,S,0.1,62,22,1015
2009-11-03,Albania,Kukes,5,-2,11,SSE,27.8,95,91,1000
2009-11-04,Albania,Kukes,9,-5,9,SSE,1.3,96,86,1003
2009-11-05,Albania,Kukes,13,3,16,SW,23.0,98,94,1008
2009-11-06,Albania,Kukes,14,0,12,SE,44.3,97,93,1009
2009-11-07,Albania,Kukes,12,8,8,S,75.1,98,100,1008
2009-11-08,Albania,Kukes,12,3,10,S,37.9,98,96,1003
2009-11-09,Albania,Kukes,10,3,7,SE,42.9,97,95,1007
2009-11-10,Albania,Kukes,9,0,8,SW,64.6,98,100,1002
2009-11-11,Albania,Kukes,8,-1,6,S,4.5,95,90,1004
2009-11-12,Albania,Kukes,9,-4,5,S,1.0,91,66,1013
2009-11-13,Albania,Kukes,9,-2,6,WSW,0.0,91,19,1022
2009-11-14,Albania,Kukes,12,1,7,SSW,0.0,86,12,1024
2009-11-15,Albania,Kukes,11,4,9,WSW,0.0,91,46,1022
2009-11-16,Albania,Kukes,11,5,9,WSW,0.5,95,75,1020
2009-11-17,Albania,Kukes,14,5,7,SW,0.0,87,5,1022
2009-11-18,Albania,Kukes,15,6,8,WNW,0.0,89,19,1024
2009-11-19,Albania,Kukes,14,3,6,ESE,0.0,89,5,1027
2009-11-20,Albania,Kukes,11,0,2,ENE,0.0,70,0,1030
2009-11-21,Albania,Kukes,11,-3,3,ESE,0.0,51,2,1029
2009-11-22,Albania,Kukes,16,-2,8,SSW,0.0,65,2,1024
2009-11-23,Albania,Kukes,11,-1,9,WSW,0.0,82,6,1020
2009-11-24,Albania,Kukes,12,0,6,S,0.0,89,22,1019
2009-11-25,Albania,Kukes,15,5,7,E,0.0,80,16,1022
2009-11-26,Albania,Kukes,15,5,9,SW,0.0,79,3,1022
2009-11-27,Albania,Kukes,12,6,11,SW,0.2,90,49,1020
2009-11-28,Albania,Kukes,11,0,13,SW,30.6,96,98,1017
2009-11-29,Albania,Kukes,10,-2,11,SW,1.6,89,47,1021
2009-11-30,Albania,Kukes,15,6,10,SSW,0.8,87,35,1017
2009-12-01,Albania,Kukes,11,3,14,S,19.7,91,70,1011
2009-12-02,Albania,Kukes,10,0,10,NE,55.0,97,97,1009
2009-12-03,Albania,Kukes,10,7,8,ENE,10.0,96,91,1010
2009-12-04,Albania,Kukes,10,6,6,SSW,0.3,93,70,1009
2009-12-05,Albania,Kukes,8,3,11,ENE,1.4,95,92,1011
2009-12-06,Albania,Kukes,7,-1,9,E,0.2,92,43,1018
2009-12-07,Albania,Kukes,11,3,6,SSW,0.0,93,70,1019
2009-12-08,Albania,Kukes,11,-3,9,SSW,2.6,94,83,1017
2009-12-09,Albania,Kukes,10,3,10,ESE,10.3,95,79,1010
2009-12-10,Albania,Kukes,5,3,23,NE,4.0,94,98,1017
2009-12-11,Albania,Kukes,2,-4,14,ENE,1.7,89,65,1013
2009-12-12,Albania,Kukes,-2,-9,12,ENE,24.7,95,100,1009
2009-12-13,Albania,Kukes,3,-4,8,ENE,4.8,93,82,1015
2009-12-14,Albania,Kukes,3,-2,11,ESE,5.3,97,91,1016
2009-12-15,Albania,Kukes,4,3,11,E,41.5,98,98,1004
2009-12-16,Albania,Kukes,4,-6,7,ESE,6.9,98,99,1002
2009-12-17,Albania,Kukes,3,-7,10,S,27.7,98,92,1002
2009-12-18,Albania,Kukes,-3,-12,8,E,19.6,97,77,1002
2009-12-19,Albania,Kukes,3,-2,13,S,40.0,94,59,1000
2009-12-20,Albania,Kukes,0,-4,11,SSW,11.7,98,91,1004
2009-12-21,Albania,Kukes,-2,-13,11,SSW,0.0,92,28,1021
2009-12-22,Albania,Kukes,6,-5,13,SSW,6.1,96,74,1018
2009-12-23,Albania,Kukes,12,7,19,SW,3.8,99,95,1013
2009-12-24,Albania,Kukes,12,7,13,SSW,0.0,95,69,1014
2009-12-25,Albania,Kukes,11,7,20,SW,7.7,96,83,1009
2009-12-26,Albania,Kukes,12,10,14,SSW,6.2,97,95,1010
2009-12-27,Albania,Kukes,12,9,18,SSW,66.1,98,100,1002
2009-12-28,Albania,Kukes,7,3,10,WSW,9.9,94,69,1009
2009-12-29,Albania,Kukes,8,-2,7,SSW,3.8,95,85,1012
2009-12-30,Albania,Kukes,10,-3,11,SW,4.0,98,96,1011
2009-12-31,Albania,Kukes,14,9,19,SW,0.7,92,34,1006
2010-01-01,Albania,Kukes,9,7,22,SW,40.3,96,80,997
2010-01-02,Albania,Kukes,8,6,16,WSW,23.4,95,93,1000
2010-01-03,Albania,Kukes,-2,-10,9,S,12.7,93,64,1014
2010-01-04,Albania,Kukes,0,-9,8,SSE,0.3,82,36,1022
2010-01-05,Albania,Kukes,5,-2,11,SE,33.4,98,99,1013
2010-01-06,Albania,Kukes,9,2,17,SSW,30.0,99,100,1004
2010-01-07,Albania,Kukes,9,7,9,SSW,11.2,99,100,1011
2010-01-08,Albania,Kukes,10,6,13,SE,0.1,93,57,1013
2010-01-09,Albania,Kukes,8,0,16,S,34.5,95,67,1007
2010-01-10,Albania,Kukes,4,-4,11,SW,7.9,96,90,1009
2010-01-11,Albania,Kukes,5,3,9,WSW,8.6,97,99,1015
2010-01-12,Albania,Kukes,2,-7,7,E,12.3,97,96,1013
2010-01-13,Albania,Kukes,2,-6,8,E,0.6,90,54,1011
2010-01-14,Albania,Kukes,1,-4,8,E,0.3,88,55,1012
2010-01-15,Albania,Kukes,1,-7,11,ENE,1.6,92,81,1018
2010-01-16,Albania,Kukes,-1,-9,15,E,2.2,90,98,1023
2010-01-17,Albania,Kukes,2,-9,7,SE,1.0,89,65,1023
2010-01-18,Albania,Kukes,1,-9,9,NE,3.3,91,78,1020
2010-01-19,Albania,Kukes,-1,-9,14,NE,1.3,81,65,1019
2010-01-20,Albania,Kukes,0,-13,7,SE,0.2,77,43,1017
2010-01-21,Albania,Kukes,4,-4,8,E,0.0,82,31,1018
2010-01-22,Albania,Kukes,-2,-6,16,ENE,7.0,86,80,1018
2010-01-23,Albania,Kukes,-3,-12,17,ENE,2.1,81,57,1025
2010-01-24,Albania,Kukes,-5,-16,11,ENE,0.0,82,18,1027
2010-01-25,Albania,Kukes,1,-8,10,E,0.0,76,23,1031
2010-01-26,Albania,Kukes,4,-5,11,E,0.0,87,57,1030
2010-01-27,Albania,Kukes,0,-3,10,E,13.0,93,94,1022
2010-01-28,Albania,Kukes,4,-5,9,S,15.0,95,95,1007
2010-01-29,Albania,Kukes,1,-2,9,E,13.2,96,87,1001
2010-01-30,Albania,Kukes,5,-7,13,SSW,19.3,99,93,999
2010-01-31,Albania,Kukes,4,-5,13,SW,51.7,99,100,998
2010-02-01,Albania,Kukes,-2,-7,11,SSE,25.5,99,95,1009
2010-02-02,Albania,Kukes,-2,-9,11,NE,0.1,87,32,1018
2010-02-03,Albania,Kukes,1,-13,8,SW,0.0,88,15,1024
2010-02-04,Albania,Kukes,3,-14,8,S,0.0,95,37,1025
2010-02-05,Albania,Kukes,3,-11,7,SSE,0.5,92,51,1023
2010-02-06,Albania,Kukes,4,3,12,SSE,54.7,99,99,1010
2010-02-07,Albania,Kukes,1,-7,11,ENE,23.5,98,100,1004
2010-02-08,Albania,Kukes,0,-6,18,NE,0.8,93,80,1007
2010-02-09,Albania,Kukes,6,-9,8,SE,0.3,89,35,1009
2010-02-10,Albania,Kukes,3,1,13,ESE,31.3,96,91,1000
2010-02-11,Albania,Kukes,4,2,8,SSE,25.4,99,100,996
2010-02-12,Albania,Kukes,4,-6,8,SE,29.7,99,98,1002
2010-02-13,Albania,Kukes,2,-8,16,SW,16.1,98,86,1007
2010-02-14,Albania,Kukes,2,-9,10,ESE,11.2,97,91,1009
2010-02-15,Albania,Kukes,5,-1,9,ESE,22.1,97,82,1006
2010-02-16,Albania,Kukes,6,1,8,SSE,5.2,98,97,1011
2010-02-17,Albania,Kukes,6,1,10,SE,48.1,99,100,1004
2010-02-18,Albania,Kukes,7,-2,15,SW,29.4,100,100,1008
2010-02-19,Albania,Kukes,8,-5,11,S,11.0,98,88,1008
2010-02-20,Albania,Kukes,9,-2,18,SW,12.4,99,98,998
2010-02-21,Albania,Kukes,3,-2,12,W,15.4,98,99,1007
2010-02-22,Albania,Kukes,7,-2,10,SSW,4.2,93,72,1014
2010-02-23,Albania,Kukes,8,4,11,SSW,34.0,99,100,1008
2010-02-24,Albania,Kukes,8,6,6,SW,21.6,99,100,1004
2010-02-25,Albania,Kukes,9,4,6,W,2.6,95,85,1006
2010-02-26,Albania,Kukes,7,-5,11,SW,1.8,94,69,1008
2010-02-27,Albania,Kukes,8,1,10,SW,14.0,88,43,1008
2010-02-28,Albania,Kukes,11,0,11,S,3.3,76,30,1015
2010-03-01,Albania,Kukes,12,3,12,SW,0.3,88,54,1013
2010-03-02,Albania,Kukes,8,5,11,W,10.3,97,90,1015
2010-03-03,Albania,Kukes,8,-6,6,ESE,0.9,91,51,1020
2010-03-04,Albania,Kukes,7,-5,8,SE,16.0,96,79,1006
2010-03-05,Albania,Kukes,1,-6,9,SE,29.7,98,100,1008
2010-03-06,Albania,Kukes,-3,-14,11,ESE,10.4,88,60,1016
2010-03-07,Albania,Kukes,-3,-17,11,ENE,0.0,78,30,1021
2010-03-08,Albania,Kukes,-2,-12,19,ENE,22.7,92,98,1013
2010-03-09,Albania,Kukes,-1,-9,13,E,4.2,92,92,1012
2010-03-10,Albania,Kukes,-1,-4,17,ESE,48.6,98,100,1015
2010-03-11,Albania,Kukes,5,-8,11,S,30.0,98,89,1012
2010-03-12,Albania,Kukes,4,-7,13,SW,12.1,99,95,1014
2010-03-13,Albania,Kukes,5,-9,6,SSE,0.6,96,66,1018
2010-03-14,Albania,Kukes,4,-4,12,NE,0.0,92,62,1018
2010-03-15,Albania,Kukes,6,-10,8,SSE,0.3,90,48,1019
2010-03-16,Albania,Kukes,7,-11,8,S,0.1,85,21,1024
2010-03-17,Albania,Kukes,7,-10,10,SE,0.3,80,25,1030
2010-03-18,Albania,Kukes,9,-9,9,WSW,0.0,84,22,1032
2010-03-19,Albania,Kukes,11,-7,7,WSW,0.0,79,8,1031
2010-03-20,Albania,Kukes,12,1,11,SW,0.0,70,19,1029
2010-03-21,Albania,Kukes,12,-3,13,SW,0.0,83,18,1027
2010-03-22,Albania,Kukes,14,-4,8,WSW,1.0,87,50,1023
2010-03-23,Albania,Kukes,12,0,5,ESE,30.4,96,95,1018
2010-03-24,Albania,Kukes,13,-1,8,ENE,25.8,97,100,1016
2010-03-25,Albania,Kukes,15,0,5,SE,4.9,91,72,1020
2010-03-26,Albania,Kukes,17,5,7,SW,0.8,86,36,1021
2010-03-27,Albania,Kukes,15,-2,12,SW,2.0,81,35,1013
2010-03-28,Albania,Kukes,10,-2,10,WNW,21.4,85,45,1011
2010-03-29,Albania,Kukes,14,-6,6,W,0.2,79,12,1017
2010-03-30,Albania,Kukes,11,-4,11,SW,0.6,77,32,1015
2010-03-31,Albania,Kukes,13,2,13,SW,6.1,89,60,1010
2010-04-01,Albania,Kukes,14,-3,12,WSW,0.1,81,33,1015
2010-04-02,Albania,Kukes,14,-5,6,W,0.3,75,28,1015
2010-04-03,Albania,Kukes,15,3,7,W,0.0,79,35,1019
2010-04-04,Albania,Kukes,16,-3,7,SSW,0.0,71,16,1021
2010-04-05,Albania,Kukes,9,-3,10,SW,17.7,90,64,1019
2010-04-06,Albania,Kukes,11,-5,9,SE,0.5,84,46,1018
2010-04-07,Albania,Kukes,12,2,11,NE,0.0,83,47,1020
2010-04-08,Albania,Kukes,14,1,8,ENE,0.0,76,40,1022
2010-04-09,Albania,Kukes,14,-5,7,ENE,0.0,72,21,1022
2010-04-10,Albania,Kukes,13,-4,9,NE,4.5,76,26,1018
2010-04-11,Albania,Kukes,12,-6,6,SSE,2.4,79,44,1013
2010-04-12,Albania,Kukes,13,-4,5,SSW,5.4,85,45,1012
2010-04-13,Albania,Kukes,10,1,6,SSE,31.4,97,93,1015
2010-04-14,Albania,Kukes,12,4,7,SSW,16.2,96,92,1013
2010-04-15,Albania,Kukes,11,-1,6,SSW,35.0,99,98,1012
2010-04-16,Albania,Kukes,12,2,7,E,25.8,97,89,1013
2010-04-17,Albania,Kukes,14,-2,11,ENE,2.5,84,49,1015
2010-04-18,Albania,Kukes,16,-1,7,SE,19.6,90,59,1017
2010-04-19,Albania,Kukes,11,1,9,SSW,79.4,98,100,1010
2010-04-20,Albania,Kukes,11,-1,8,NNW,30.9,93,77,1011
2010-04-21,Albania,Kukes,16,-4,7,SSW,0.8,79,30,1014
2010-04-22,Albania,Kukes,17,6,10,WSW,0.1,72,7,1016
2010-04-23,Albania,Kukes,13,-3,5,SW,2.3,81,41,1017
2010-04-24,Albania,Kukes,14,8,6,ESE,21.3,96,91,1017
2010-04-25,Albania,Kukes,16,11,10,ENE,12.1,95,83,1019
2010-04-26,Albania,Kukes,18,8,10,E,6.7,84,61,1020
2010-04-27,Albania,Kukes,19,-1,9,ENE,0.4,75,20,1021
2010-04-28,Albania,Kukes,15,-3,10,NE,0.2,68,28,1021
2010-04-29,Albania,Kukes,18,-2,11,ENE,0.1,75,34,1020
2010-04-30,Albania,Kukes,21,3,5,S,0.0,69,6,1017
2010-05-01,Albania,Kukes,21,7,7,WSW,0.0,63,2,1015
2010-05-02,Albania,Kukes,21,3,8,WSW,0.0,57,9,1015
2010-05-03,Albania,Kukes,21,2,8,WSW,0.0,65,39,1013
2010-05-04,Albania,Kukes,24,-1,5,SW,0.1,65,18,1013
2010-05-05,Albania,Kukes,24,8,9,ESE,1.7,72,38,1011
2010-05-06,Albania,Kukes,18,9,12,SSW,15.4,84,51,1007
2010-05-07,Albania,Kukes,17,7,10,WSW,0.4,77,39,1009
2010-05-08,Albania,Kukes,19,7,6,SSW,0.0,70,31,1010
2010-05-09,Albania,Kukes,18,0,7,WSW,0.0,70,11,1011
2010-05-10,Albania,Kukes,20,-2,9,WSW,0.0,66,17,1012
2010-05-11,Albania,Kukes,24,7,11,SSW,0.2,59,35,1012
2010-05-12,Albania,Kukes,23,13,9,SW,0.7,64,38,1011
2010-05-13,Albania,Kukes,22,12,10,SW,0.5,62,22,1008
2010-05-14,Albania,Kukes,22,6,11,SW,0.0,66,13,1009
2010-05-15,Albania,Kukes,14,3,19,SSW,109.6,94,91,1001
2010-05-16,Albania,Kukes,10,-1,23,WSW,30.6,97,100,1006
2010-05-17,Albania,Kukes,9,-2,12,W,14.2,93,98,1012
2010-05-18,Albania,Kukes,12,-3,8,WSW,3.7,84,57,1014
2010-05-19,Albania,Kukes,15,-5,6,SSW,0.3,71,31,1017
2010-05-20,Albania,Kukes,14,-5,10,ENE,7.4,80,62,1017
2010-05-21,Albania,Kukes,14,2,14,NE,17.0,91,72,1015
2010-05-22,Albania,Kukes,16,-3,7,ESE,4.0,86,57,1013
2010-05-23,Albania,Kukes,18,4,5,SE,13.5,89,54,1014
2010-05-24,Albania,Kukes,18,-1,4,SSW,11.2,89,51,1016
2010-05-25,Albania,Kukes,23,0,7,W,0.0,79,41,1016
2010-05-26,Albania,Kukes,24,2,10,WSW,0.0,68,2,1015
2010-05-27,Albania,Kukes,24,1,11,SW,0.0,57,18,1013
2010-05-28,Albania,Kukes,20,3,9,SW,15.5,86,51,1015
2010-05-29,Albania,Kukes,23,4,9,SW,0.8,74,23,1016
2010-05-30,Albania,Kukes,17,3,9,SSW,1.6,75,47,1015
2010-05-31,Albania,Kukes,20,4,16,SW,3.6,73,51,1007
2010-06-01,Albania,Kukes,17,2,10,W,20.7,79,56,1006
2010-06-02,Albania,Kukes,16,-1,8,SW,2.8,78,40,1007
2010-06-03,Albania,Kukes,21,7,8,W,1.7,75,56,1009
2010-06-04,Albania,Kukes,19,-2,5,SSW,2.8,82,45,1013
2010-06-05,Albania,Kukes,17,3,12,NE,12.5,88,62,1017
2010-06-06,Albania,Kukes,23,12,10,ENE,0.9,82,46,1016
2010-06-07,Albania,Kukes,25,1,5,SSW,0.4,74,10,1014
2010-06-08,Albania,Kukes,27,7,4,W,0.3,75,11,1013
2010-06-09,Albania,Kukes,27,9,3,S,0.0,72,8,1014
2010-06-10,Albania,Kukes,29,4,4,ENE,0.0,68,7,1015
2010-06-11,Albania,Kukes,31,12,4,SW,0.0,69,5,1015
2010-06-12,Albania,Kukes,30,12,6,WSW,0.0,68,39,1013
2010-06-13,Albania,Kukes,33,12,4,SW,0.7,61,15,1012
2010-06-14,Albania,Kukes,30,17,8,WSW,0.3,65,6,1013
2010-06-15,Albania,Kukes,29,14,5,SW,0.0,64,23,1015
2010-06-16,Albania,Kukes,30,8,8,SSW,0.5,60,20,1014
2010-06-17,Albania,Kukes,29,7,5,ESE,0.5,66,11,1013
2010-06-18,Albania,Kukes,31,11,11,SSW,2.7,62,19,1011
2010-06-19,Albania,Kukes,23,10,9,SSW,20.3,84,40,1005
2010-06-20,Albania,Kukes,21,6,9,SW,47.1,89,54,1004
2010-06-21,Albania,Kukes,15,3,11,SSW,27.7,96,94,1006
2010-06-22,Albania,Kukes,16,5,9,W,1.3,85,61,1007
2010-06-23,Albania,Kukes,14,2,8,ESE,9.1,94,74,1010
2010-06-24,Albania,Kukes,21,6,12,NNE,0.0,73,45,1012
2010-06-25,Albania,Kukes,20,-1,7,S,0.0,71,41,1012
2010-06-26,Albania,Kukes,19,4,6,W,0.2,73,33,1011
2010-06-27,Albania,Kukes,17,-2,5,SE,6.0,88,53,1013
2010-06-28,Albania,Kukes,23,6,8,NE,12.5,87,55,1014
2010-06-29,Albania,Kukes,23,2,6,SE,10.5,86,46,1014
2010-06-30,Albania,Kukes,23,4,7,ESE,16.5,87,44,1014
2010-07-01,Albania,Kukes,22,5,8,NE,28.4,89,67,1014
2010-07-02,Albania,Kukes,21,7,8,NE,39.8,93,61,1015
2010-07-03,Albania,Kukes,27,6,10,ENE,1.4,75,24,1015
2010-07-04,Albania,Kukes,25,7,7,SSE,8.1,78,15,1016
2010-07-05,Albania,Kukes,27,11,7,SE,0.0,70,8,1015
2010-07-06,Albania,Kukes,28,8,8,NE,0.0,64,30,1014
2010-07-07,Albania,Kukes,20,6,12,NE,0.5,73,37,1017
2010-07-08,Albania,Kukes,21,2,13,NE,0.0,72,30,1019
2010-07-09,Albania,Kukes,24,4,13,NE,0.0,66,12,1019
2010-07-10,Albania,Kukes,26,2,12,NE,0.0,66,19,1019
2010-07-11,Albania,Kukes,25,3,6,ENE,6.0,73,31,1018
2010-07-12,Albania,Kukes,25,5,5,SE,8.3,79,24,1016
2010-07-13,Albania,Kukes,27,6,6,W,2.0,76,15,1014
2010-07-14,Albania,Kukes,31,8,6,WSW,0.0,67,9,1013
2010-07-15,Albania,Kukes,32,14,7,E,0.0,60,11,1013
2010-07-16,Albania,Kukes,31,8,11,NE,0.6,63,8,1015
2010-07-17,Albania,Kukes,30,9,5,SE,5.6,71,18,1016
2010-07-18,Albania,Kukes,27,8,5,SSW,17.0,78,27,1015
2010-07-19,Albania,Kukes,24,8,12,ENE,15.4,85,41,1016
2010-07-20,Albania,Kukes,29,7,10,ENE,0.6,72,28,1015
2010-07-21,Albania,Kukes,27,7,5,S,11.3,78,21,1014
2010-07-22,Albania,Kukes,27,7,5,SSE,11.8,77,18,1014
2010-07-23,Albania,Kukes,32,10,5,SW,0.0,67,5,1014
2010-07-24,Albania,Kukes,30,11,11,WSW,0.1,64,12,1008
2010-07-25,Albania,Kukes,22,7,8,E,15.0,88,65,1005
2010-07-26,Albania,Kukes,20,4,12,ENE,7.0,86,77,1007
2010-07-27,Albania,Kukes,20,4,8,SSW,12.9,86,48,1012
2010-07-28,Albania,Kukes,23,4,5,W,0.6,75,25,1016
2010-07-29,Albania,Kukes,26,0,2,WSW,0.0,72,14,1014
2010-07-30,Albania,Kukes,28,4,4,S,0.0,63,12,1012
2010-07-31,Albania,Kukes,24,13,5,SSW,12.1,77,29,1013
2010-08-01,Albania,Kukes,26,4,10,NE,0.1,74,17,1016
2010-08-02,Albania,Kukes,29,5,9,NE,0.0,70,9,1015
2010-08-03,Albania,Kukes,30,7,4,SSW,1.7,68,12,1010
2010-08-04,Albania,Kukes,26,6,4,SSE,34.7,79,12,1007
2010-08-05,Albania,Kukes,29,6,5,SSE,2.2,75,28,1007
2010-08-06,Albania,Kukes,24,7,9,SW,16.5,81,20,1009
2010-08-07,Albania,Kukes,26,3,5,WSW,0.3,72,10,1014
2010-08-08,Albania,Kukes,25,3,10,NE,1.2,73,19,1015
2010-08-09,Albania,Kukes,27,4,10,NE,0.0,66,10,1015
2010-08-10,Albania,Kukes,27,4,12,NE,0.0,62,10,1015
2010-08-11,Albania,Kukes,27,7,8,ENE,5.6,69,24,1015
2010-08-12,Albania,Kukes,30,6,4,SE,16.7,75,18,1014
2010-08-13,Albania,Kukes,23,7,3,SSE,16.1,73,13,1014
2010-08-14,Albania,Kukes,31,7,4,NE,2.6,64,10,1016
2010-08-15,Albania,Kukes,31,8,4,SSW,0.2,59,9,1017
2010-08-16,Albania,Kukes,31,7,8,SSW,0.2,56,7,1015
2010-08-17,Albania,Kukes,27,7,8,WSW,0.0,61,6,1014
2010-08-18,Albania,Kukes,28,4,5,WSW,0.0,65,2,1012
2010-08-19,Albania,Kukes,29,4,4,SW,0.0,60,2,1015
2010-08-20,Albania,Kukes,28,6,12,NE,0.0,63,6,1020
2010-08-21,Albania,Kukes,27,11,12,NE,0.0,60,5,1021
2010-08-22,Albania,Kukes,26,4,12,ENE,0.0,61,6,1018
2010-08-23,Albania,Kukes,29,4,6,E,0.0,60,3,1014
2010-08-24,Albania,Kukes,31,5,5,WSW,0.0,62,3,1013
2010-08-25,Albania,Kukes,30,7,6,SSE,0.0,62,8,1014
2010-08-26,Albania,Kukes,29,8,9,NE,0.0,61,10,1016
2010-08-27,Albania,Kukes,32,7,6,S,0.0,52,1,1013
2010-08-28,Albania,Kukes,30,8,10,WSW,0.0,60,3,1008
2010-08-29,Albania,Kukes,23,7,11,ENE,1.2,78,37,1010
2010-08-30,Albania,Kukes,26,1,10,S,0.0,58,8,1008
2010-08-31,Albania,Kukes,19,11,9,SW,6.1,79,42,1007
2010-09-01,Albania,Kukes,18,-2,6,WSW,0.0,69,17,1012
2010-09-02,Albania,Kukes,20,-4,4,S,0.0,63,5,1017
2010-09-03,Albania,Kukes,23,0,6,SE,1.1,62,31,1018
2010-09-04,Albania,Kukes,17,5,6,ENE,30.0,94,79,1016
2010-09-05,Albania,Kukes,21,1,9,ENE,0.0,74,35,1016
2010-09-06,Albania,Kukes,23,0,5,SE,0.0,71,13,1015
2010-09-07,Albania,Kukes,24,4,5,SW,0.0,68,8,1016
2010-09-08,Albania,Kukes,25,4,9,SW,0.0,61,20,1015
2010-09-09,Albania,Kukes,25,5,7,WSW,5.6,72,30,1016
2010-09-10,Albania,Kukes,22,5,5,S,24.2,84,50,1012
2010-09-11,Albania,Kukes,17,8,11,ENE,10.1,92,75,1012
2010-09-12,Albania,Kukes,18,2,10,NE,0.6,80,53,1015
2010-09-13,Albania,Kukes,21,-1,8,E,0.0,69,16,1017
2010-09-14,Albania,Kukes,21,1,10,NE,0.1,72,17,1018
2010-09-15,Albania,Kukes,23,1,6,S,0.3,77,29,1018
2010-09-16,Albania,Kukes,25,2,7,SW,0.0,72,7,1015
2010-09-17,Albania,Kukes,23,7,10,SW,0.0,67,8,1016
2010-09-18,Albania,Kukes,27,4,10,SW,0.0,61,5,1016
2010-09-19,Albania,Kukes,25,8,12,SW,1.2,64,33,1012
2010-09-20,Albania,Kukes,18,10,12,ENE,11.6,81,44,1016
2010-09-21,Albania,Kukes,20,0,12,ENE,0.0,66,5,1019
2010-09-22,Albania,Kukes,22,2,10,ENE,2.0,73,15,1020
2010-09-23,Albania,Kukes,19,6,9,ENE,0.0,70,8,1019
2010-09-24,Albania,Kukes,25,4,5,SE,0.0,66,26,1013
2010-09-25,Albania,Kukes,17,6,9,SE,15.4,91,77,1005
2010-09-26,Albania,Kukes,17,5,12,SW,19.9,90,70,1005
2010-09-27,Albania,Kukes,16,1,12,SW,2.5,86,71,1013
2010-09-28,Albania,Kukes,18,3,11,SW,3.8,89,73,1014
2010-09-29,Albania,Kukes,17,2,7,SSW,4.2,84,57,1012
2010-09-30,Albania,Kukes,17,-2,4,SE,0.1,77,27,1017
2010-10-01,Albania,Kukes,17,-4,4,SSE,0.0,72,19,1016
2010-10-02,Albania,Kukes,18,-2,5,ESE,0.3,73,22,1018
2010-10-03,Albania,Kukes,19,-1,4,E,0.3,76,30,1020
2010-10-04,Albania,Kukes,17,1,6,SSW,0.6,79,40,1019
2010-10-05,Albania,Kukes,15,1,10,SSW,19.5,87,70,1018
2010-10-06,Albania,Kukes,17,5,8,SW,34.2,93,75,1015
2010-10-07,Albania,Kukes,13,1,12,NE,2.5,89,66,1020
2010-10-08,Albania,Kukes,9,-4,13,ENE,0.3,79,27,1023
2010-10-09,Albania,Kukes,11,-9,12,ENE,0.0,68,4,1021
2010-10-10,Albania,Kukes,13,-7,8,ENE,0.0,67,4,1015
2010-10-11,Albania,Kukes,9,-5,8,ESE,13.1,82,53,1014
2010-10-12,Albania,Kukes,15,-2,7,ESE,6.3,89,66,1013
2010-10-13,Albania,Kukes,16,0,7,ENE,7.3,88,55,1010
2010-10-14,Albania,Kukes,16,3,6,SE,26.6,95,83,1006
2010-10-15,Albania,Kukes,13,1,6,ENE,9.4,93,73,1008
2010-10-16,Albania,Kukes,14,0,6,SSW,5.5,93,67,1008
2010-10-17,Albania,Kukes,15,-2,6,S,3.4,87,47,1010
2010-10-18,Albania,Kukes,15,1,9,ENE,6.3,91,73,1007
2010-10-19,Albania,Kukes,15,1,10,ENE,19.5,92,82,1001
2010-10-20,Albania,Kukes,13,1,9,S,7.4,92,70,1006
2010-10-21,Albania,Kukes,11,1,8,S,8.4,88,64,1020
2010-10-22,Albania,Kukes,12,-6,8,ESE,0.0,76,15,1026
2010-10-23,Albania,Kukes,14,-4,5,SSW,0.0,83,36,1022
2010-10-24,Albania,Kukes,14,2,7,SSW,0.0,79,35,1018
2010-10-25,Albania,Kukes,14,3,8,SE,22.2,90,77,1012
2010-10-26,Albania,Kukes,17,3,5,ESE,8.0,91,70,1014
2010-10-27,Albania,Kukes,4,0,17,ENE,17.1,92,80,1018
2010-10-28,Albania,Kukes,8,1,17,NE,2.7,84,48,1020
2010-10-29,Albania,Kukes,7,-7,9,E,0.0,74,31,1023
2010-10-30,Albania,Kukes,10,-7,6,S,0.0,74,2,1022
2010-10-31,Albania,Kukes,12,-5,8,SSW,0.0,78,3,1022
2010-11-01,Albania,Kukes,14,-3,7,S,0.0,75,19,1020
2010-11-02,Albania,Kukes,13,-3,7,SSE,0.0,71,35,1018
2010-11-03,Albania,Kukes,14,-1,5,SSW,2.5,78,40,1020
2010-11-04,Albania,Kukes,20,3,3,SE,1.4,85,16,1027
2010-11-05,Albania,Kukes,16,4,3,WSW,0.0,79,11,1027
2010-11-06,Albania,Kukes,14,-2,8,SW,0.0,78,15,1019
2010-11-07,Albania,Kukes,14,-1,10,SW,0.0,70,12,1011
2010-11-08,Albania,Kukes,12,1,15,SSW,39.3,94,78,1001
2010-11-09,Albania,Kukes,12,1,14,SSW,37.6,97,94,996
2010-11-10,Albania,Kukes,13,1,20,SW,12.6,85,56,1004
2010-11-11,Albania,Kukes,12,3,9,SW,60.3,98,97,1012
2010-11-12,Albania,Kukes,13,0,6,SW,10.9,93,42,1012
2010-11-13,Albania,Kukes,15,6,6,SSE,0.0,76,17,1014
2010-11-14,Albania,Kukes,20,10,6,S,0.0,80,7,1017
2010-11-15,Albania,Kukes,14,4,5,S,0.0,80,7,1017
2010-11-16,Albania,Kukes,13,-1,4,SSW,0.9,84,35,1015
2010-11-17,Albania,Kukes,10,1,6,S,37.8,97,75,1011
2010-11-18,Albania,Kukes,13,4,7,SSW,0.9,90,52,1016
2010-11-19,Albania,Kukes,13,-3,12,SSW,4.5,91,63,1021
2010-11-20,Albania,Kukes,13,0,6,SW,0.2,90,54,1021
2010-11-21,Albania,Kukes,13,2,7,S,0.0,85,20,1016
2010-11-22,Albania,Kukes,11,2,10,SE,17.0,95,85,1007
2010-11-23,Albania,Kukes,10,7,10,SW,21.3,94,88,999
2010-11-24,Albania,Kukes,7,-1,10,SW,8.2,94,88,1004
2010-11-25,Albania,Kukes,7,0,9,SSW,4.2,95,76,1008
2010-11-26,Albania,Kukes,8,3,12,SSW,16.7,96,82,1005
2010-11-27,Albania,Kukes,8,2,13,SW,7.1,97,90,1009
2010-11-28,Albania,Kukes,11,-4,11,SSE,11.9,93,56,1008
2010-11-29,Albania,Kukes,9,2,15,SW,20.9,97,87,1006
2010-11-30,Albania,Kukes,11,2,12,SSW,36.1,99,97,1010
2010-12-01,Albania,Kukes,13,9,14,SSW,22.2,98,86,1005
2010-12-02,Albania,Kukes,14,9,14,SW,7.9,94,65,1010
2010-12-03,Albania,Kukes,12,5,12,SW,41.2,98,92,1010
2010-12-04,Albania,Kukes,7,3,8,SSE,42.0,98,95,1012
2010-12-05,Albania,Kukes,7,-3,6,SE,0.0,92,44,1021
2010-12-06,Albania,Kukes,5,-2,14,SW,0.0,95,46,1019
2010-12-07,Albania,Kukes,10,1,15,SW,0.0,97,76,1016
2010-12-08,Albania,Kukes,10,-2,14,SW,0.1,95,64,1017
2010-12-09,Albania,Kukes,12,0,16,SSW,6.3,97,87,1010
2010-12-10,Albania,Kukes,1,-8,19,NNE,0.2,63,25,1016
2010-12-11,Albania,Kukes,-6,-17,11,E,0.1,59,22,1021
2010-12-12,Albania,Kukes,5,-5,7,SW,0.0,72,41,1011
2010-12-13,Albania,Kukes,-2,-4,12,NE,16.5,96,79,1007
2010-12-14,Albania,Kukes,-11,-17,8,SE,0.4,93,31,1015
2010-12-15,Albania,Kukes,-9,-22,10,ENE,0.2,93,38,1019
2010-12-16,Albania,Kukes,-5,-19,10,ENE,3.0,97,82,1011
2010-12-17,Albania,Kukes,-4,-23,8,SSW,0.6,97,60,1007
2010-12-18,Albania,Kukes,3,-15,15,SSW,37.4,99,96,1005
2010-12-19,Albania,Kukes,3,-11,9,S,0.5,97,63,1016
2010-12-20,Albania,Kukes,6,-7,9,S,11.2,98,90,1015
2010-12-21,Albania,Kukes,7,5,8,S,5.9,100,100,1017
2010-12-22,Albania,Kukes,10,-4,9,SSW,0.1,97,79,1018
2010-12-23,Albania,Kukes,9,-3,10,SSW,0.1,92,43,1015
2010-12-24,Albania,Kukes,10,-2,12,S,7.4,92,62,1005
2010-12-25,Albania,Kukes,6,0,11,SSW,16.7,97,86,1004
2010-12-26,Albania,Kukes,5,-2,7,SE,12.5,97,95,1012
2010-12-27,Albania,Kukes,-1,-10,8,ENE,13.6,95,74,1018
2010-12-28,Albania,Kukes,-4,-13,10,ENE,0.5,92,41,1022
2010-12-29,Albania,Kukes,-2,-13,9,ENE,0.0,77,26,1024
2010-12-30,Albania,Kukes,-1,-11,6,E,0.0,68,6,1025
2010-12-31,Albania,Kukes,1,-12,4,S,0.0,75,7,1024
2011-01-01,Albania,Kukes,7,-10,3,SW,0.0,87,15,1020
2011-01-02,Albania,Kukes,6,0,7,ESE,1.5,91,51,1014
2011-01-03,Albania,Kukes,-3,-12,14,NE,2.1,92,60,1017
2011-01-04,Albania,Kukes,-1,-9,11,ENE,0.0,85,23,1022
2011-01-05,Albania,Kukes,-1,-14,5,SE,0.0,81,37,1023
2011-01-06,Albania,Kukes,3,-10,7,S,0.0,90,36,1025
2011-01-07,Albania,Kukes,6,-1,10,SW,0.0,95,75,1029
2011-01-08,Albania,Kukes,9,3,9,SW,0.0,94,50,1027
2011-01-09,Albania,Kukes,4,-7,9,SW,0.0,96,37,1025
2011-01-10,Albania,Kukes,5,-7,6,SSW,0.0,89,35,1023
2011-01-11,Albania,Kukes,11,1,7,SSW,0.1,90,54,1019
2011-01-12,Albania,Kukes,7,1,6,SE,3.8,95,70,1017
2011-01-13,Albania,Kukes,7,-4,5,E,0.0,93,52,1018
2011-01-14,Albania,Kukes,9,3,4,SE,0.0,83,20,1019
2011-01-15,Albania,Kukes,12,5,9,S,2.0,90,40,1021
2011-01-16,Albania,Kukes,5,-6,13,NE,0.2,89,41,1028
2011-01-17,Albania,Kukes,9,-8,9,ENE,0.0,82,6,1028
2011-01-18,Albania,Kukes,13,-3,3,SE,0.0,74,24,1024
2011-01-19,Albania,Kukes,11,-6,4,SW,0.0,82,11,1021
2011-01-20,Albania,Kukes,7,-7,7,SW,4.0,94,83,1016
2011-01-21,Albania,Kukes,4,-4,7,ESE,16.1,96,90,1016
2011-01-22,Albania,Kukes,1,-9,14,ENE,17.3,96,89,1016
2011-01-23,Albania,Kukes,1,-10,9,ENE,25.1,96,100,1015
2011-01-24,Albania,Kukes,-3,-11,10,ENE,14.8,98,92,1017
2011-01-25,Albania,Kukes,-5,-12,10,ENE,0.9,96,49,1019
2011-01-26,Albania,Kukes,-1,-24,6,SSW,0.0,90,37,1016
2011-01-27,Albania,Kukes,4,-14,8,SE,3.8,93,45,1016
2011-01-28,Albania,Kukes,0,-10,13,ENE,8.9,98,94,1015
2011-01-29,Albania,Kukes,1,-7,10,ENE,0.8,97,86,1020
2011-01-30,Albania,Kukes,2,-13,8,E,0.0,98,63,1019
2011-01-31,Albania,Kukes,2,-15,9,ENE,0.0,97,39,1021
2011-02-01,Albania,Kukes,2,-7,11,E,0.0,93,17,1024
2011-02-02,Albania,Kukes,4,-6,13,E,0.0,93,28,1022
2011-02-03,Albania,Kukes,-5,-16,15,ENE,0.0,94,49,1023
2011-02-04,Albania,Kukes,-3,-14,14,ENE,0.0,95,52,1027
2011-02-05,Albania,Kukes,4,-12,5,SSE,0.0,91,12,1028
2011-02-06,Albania,Kukes,6,-7,6,E,0.0,82,0,1026
2011-02-07,Albania,Kukes,3,-10,9,NE,0.0,84,17,1026
2011-02-08,Albania,Kukes,11,-7,5,S,0.0,73,0,1021
2011-02-09,Albania,Kukes,1,-8,10,ENE,0.0,93,36,1022
2011-02-10,Albania,Kukes,1,-12,9,ENE,0.0,91,13,1023
2011-02-11,Albania,Kukes,5,-10,10,SSW,0.0,79,11,1022
2011-02-12,Albania,Kukes,6,-2,9,SW,0.1,98,82,1018
2011-02-13,Albania,Kukes,5,-3,6,SSE,0.2,96,72,1017
2011-02-14,Albania,Kukes,7,-7,6,SE,0.4,93,73,1012
2011-02-15,Albania,Kukes,7,-4,7,ENE,0.1,92,65,1010
2011-02-16,Albania,Kukes,-2,-8,6,S,2.3,90,47,1012
2011-02-17,Albania,Kukes,0,-6,9,SSW,16.0,93,67,1011
2011-02-18,Albania,Kukes,8,-4,11,E,8.6,95,84,1007
2011-02-19,Albania,Kukes,7,-2,14,ENE,16.9,94,81,1005
2011-02-20,Albania,Kukes,8,-9,10,ENE,0.3,85,52,1012
2011-02-21,Albania,Kukes,8,3,8,SE,7.3,91,71,1010
2011-02-22,Albania,Kukes,4,0,7,ENE,16.3,96,97,1008
2011-02-23,Albania,Kukes,2,-11,15,NE,2.5,84,70,1013
2011-02-24,Albania,Kukes,-1,-11,18,ENE,13.0,95,95,1017
2011-02-25,Albania,Kukes,1,-6,17,ENE,4.6,96,93,1019
2011-02-26,Albania,Kukes,3,-6,14,ENE,0.5,97,88,1019
2011-02-27,Albania,Kukes,5,-2,9,SSE,2.2,89,70,1015
2011-02-28,Albania,Kukes,5,-6,7,E,0.4,97,81,1021
2011-03-01,Albania,Kukes,4,-10,12,E,2.9,97,92,1023
2011-03-02,Albania,Kukes,3,-3,12,E,37.8,99,95,1024
2011-03-03,Albania,Kukes,6,0,9,SSE,1.8,87,69,1013
2011-03-04,Albania,Kukes,6,0,8,SSE,2.3,88,62,1012
2011-03-05,Albania,Kukes,5,1,9,SE,7.5,90,65,1010
2011-03-06,Albania,Kukes,3,0,12,SE,3.7,91,70,1012
2011-03-07,Albania,Kukes,-1,-7,19,NE,2.4,79,38,1023
2011-03-08,Albania,Kukes,-1,-14,18,NE,1.7,76,32,1030
2011-03-09,Albania,Kukes,3,-9,9,NE,0.0,71,6,1026
2011-03-10,Albania,Kukes,7,-4,5,SSE,0.0,64,10,1023
2011-03-11,Albania,Kukes,10,-8,6,ENE,0.0,76,6,1023
2011-03-12,Albania,Kukes,12,-8,6,SW,0.0,82,5,1024
2011-03-13,Albania,Kukes,13,4,7,SW,0.0,83,16,1024
2011-03-14,Albania,Kukes,14,-4,7,WSW,0.2,77,33,1024
2011-03-15,Albania,Kukes,15,-5,5,SW,5.3,86,37,1023
2011-03-16,Albania,Kukes,16,-5,8,SSW,0.0,74,29,1019
2011-03-17,Albania,Kukes,6,-1,12,SSW,17.4,92,74,1013
2011-03-18,Albania,Kukes,13,3,5,SSW,6.6,89,61,1013
2011-03-19,Albania,Kukes,9,-4,11,NE,6.9,90,66,1015
2011-03-20,Albania,Kukes,6,-6,14,NE,7.8,93,90,1019
2011-03-21,Albania,Kukes,7,-7,16,NE,1.7,89,80,1025
2011-03-22,Albania,Kukes,9,-3,14,NE,0.5,80,45,1031
2011-03-23,Albania,Kukes,11,-1,13,NE,0.0,75,29,1030
2011-03-24,Albania,Kukes,14,3,10,NNE,0.0,70,11,1029
2011-03-25,Albania,Kukes,18,-4,7,S,0.0,63,3,1024
2011-03-26,Albania,Kukes,14,2,12,WSW,0.0,78,43,1019
2011-03-27,Albania,Kukes,13,5,8,WSW,0.5,81,42,1018
2011-03-28,Albania,Kukes,13,-3,10,SW,3.9,80,53,1017
2011-03-29,Albania,Kukes,9,-1,4,SSW,40.2,97,93,1014
2011-03-30,Albania,Kukes,12,-5,7,E,2.2,87,67,1017
2011-03-31,Albania,Kukes,14,-5,10,ENE,1.3,86,44,1019
2011-04-01,Albania,Kukes,15,-4,12,NE,0.0,77,29,1020
2011-04-02,Albania,Kukes,14,2,13,NE,0.6,78,23,1017
2011-04-03,Albania,Kukes,13,-4,10,NNE,0.4,73,14,1014
2011-04-04,Albania,Kukes,17,-5,5,SSE,0.0,64,9,1015
2011-04-05,Albania,Kukes,12,3,8,ENE,2.8,79,53,1017
2011-04-06,Albania,Kukes,11,-4,14,NE,0.2,78,37,1022
2011-04-07,Albania,Kukes,16,-6,9,ESE,0.0,78,20,1021
2011-04-08,Albania,Kukes,19,5,8,S,0.2,73,22,1015
2011-04-09,Albania,Kukes,20,4,9,WSW,0.0,63,12,1012
2011-04-10,Albania,Kukes,14,2,11,NNE,0.0,50,2,1015
2011-04-11,Albania,Kukes,13,-2,12,NNE,0.0,58,8,1017
2011-04-12,Albania,Kukes,16,0,9,SSW,0.2,58,18,1015
2011-04-13,Albania,Kukes,7,-4,12,SSE,51.4,85,73,1010
2011-04-14,Albania,Kukes,10,-7,7,WSW,1.9,77,36,1013
2011-04-15,Albania,Kukes,12,-1,7,S,0.6,71,31,1013
2011-04-16,Albania,Kukes,11,-1,11,ENE,0.9,81,61,1016
2011-04-17,Albania,Kukes,11,1,14,ENE,1.3,84,55,1018
2011-04-18,Albania,Kukes,11,-5,14,NE,0.5,76,37,1018
2011-04-19,Albania,Kukes,14,-1,11,NNE,0.4,70,33,1015
2011-04-20,Albania,Kukes,16,-1,9,NE,0.3,72,17,1017
2011-04-21,Albania,Kukes,19,1,5,S,0.0,66,16,1019
2011-04-22,Albania,Kukes,19,2,5,W,1.5,64,17,1015
2011-04-23,Albania,Kukes,20,5,5,S,0.4,65,29,1015
2011-04-24,Albania,Kukes,18,5,5,WSW,0.0,57,34,1017
2011-04-25,Albania,Kukes,20,3,5,ESE,3.3,60,23,1015
2011-04-26,Albania,Kukes,12,7,10,E,3.2,90,81,1012
2011-04-27,Albania,Kukes,13,4,10,ENE,2.9,87,65,1010
2011-04-28,Albania,Kukes,15,4,8,ENE,2.9,87,69,1009
2011-04-29,Albania,Kukes,16,4,5,SE,12.4,84,49,1009
2011-04-30,Albania,Kukes,18,-3,4,S,10.5,78,41,1008
2011-05-01,Albania,Kukes,16,3,7,S,20.0,91,68,1004
2011-05-02,Albania,Kukes,18,5,9,WSW,8.1,85,52,1008
2011-05-03,Albania,Kukes,17,5,7,SW,6.7,89,61,1004
2011-05-04,Albania,Kukes,15,1,12,E,12.3,87,65,1009
2011-05-05,Albania,Kukes,12,-4,13,NE,4.6,79,46,1018
2011-05-06,Albania,Kukes,16,-8,11,NE,0.0,58,4,1025
2011-05-07,Albania,Kukes,17,-5,7,S,0.0,59,3,1022
2011-05-08,Albania,Kukes,13,-4,7,SSW,7.8,78,38,1017
2011-05-09,Albania,Kukes,9,-3,13,NE,22.6,95,98,1018
2011-05-10,Albania,Kukes,15,2,14,NE,1.5,81,50,1021
2011-05-11,Albania,Kukes,16,-2,11,NNE,2.6,76,32,1016
2011-05-12,Albania,Kukes,17,-4,11,NNE,1.0,71,18,1015
2011-05-13,Albania,Kukes,22,-4,7,NNE,0.0,60,8,1018
2011-05-14,Albania,Kukes,24,9,6,SSW,0.1,69,12,1018
2011-05-15,Albania,Kukes,22,11,9,WSW,0.2,61,13,1014
2011-05-16,Albania,Kukes,16,3,8,WSW,32.1,82,63,1013
2011-05-17,Albania,Kukes,13,-2,10,NE,38.1,91,84,1016
2011-05-18,Albania,Kukes,17,0,13,NE,4.0,87,59,1017
2011-05-19,Albania,Kukes,19,3,10,NE,0.4,77,44,1018
2011-05-20,Albania,Kukes,21,-1,5,SSE,6.4,76,15,1019
2011-05-21,Albania,Kukes,22,6,8,NE,3.5,76,19,1018
2011-05-22,Albania,Kukes,21,3,7,ENE,8.8,82,55,1018
2011-05-23,Albania,Kukes,21,4,7,NE,8.0,88,74,1019
2011-05-24,Albania,Kukes,23,3,10,ENE,19.0,83,56,1019
2011-05-25,Albania,Kukes,23,11,11,NE,3.8,78,26,1018
2011-05-26,Albania,Kukes,23,11,11,ENE,4.0,80,32,1017
2011-05-27,Albania,Kukes,24,3,7,E,3.2,75,17,1015
2011-05-28,Albania,Kukes,25,4,4,WNW,12.9,75,12,1012
2011-05-29,Albania,Kukes,21,2,8,SE,12.7,83,33,1014
2011-05-30,Albania,Kukes,21,0,7,SSW,6.6,80,34,1018
2011-05-31,Albania,Kukes,22,2,5,S,14.5,79,16,1016
2011-06-01,Albania,Kukes,21,0,4,WNW,20.9,83,24,1015
2011-06-02,Albania,Kukes,24,3,10,NE,13.0,82,31,1017
2011-06-03,Albania,Kukes,21,6,10,NE,10.8,86,52,1017
2011-06-04,Albania,Kukes,22,4,7,ENE,9.0,86,51,1017
2011-06-05,Albania,Kukes,25,1,3,E,14.3,79,15,1015
2011-06-06,Albania,Kukes,21,4,6,ESE,11.4,82,26,1013
2011-06-07,Albania,Kukes,22,5,6,S,12.3,75,17,1012
2011-06-08,Albania,Kukes,23,7,10,SSW,0.5,69,15,1011
2011-06-09,Albania,Kukes,24,6,11,WSW,2.9,78,25,1010
2011-06-10,Albania,Kukes,22,9,6,W,6.0,82,47,1011
2011-06-11,Albania,Kukes,24,8,7,SE,0.0,66,35,1011
2011-06-12,Albania,Kukes,16,3,9,NNE,5.7,79,56,1012
2011-06-13,Albania,Kukes,23,-1,8,ESE,1.3,73,19,1014
2011-06-14,Albania,Kukes,22,1,8,NE,3.6,72,17,1014
2011-06-15,Albania,Kukes,23,7,9,NE,1.7,72,22,1016
2011-06-16,Albania,Kukes,24,0,7,SSE,4.1,72,14,1017
2011-06-17,Albania,Kukes,24,0,4,SSW,6.3,72,10,1017
2011-06-18,Albania,Kukes,26,6,7,WSW,0.9,69,8,1015
2011-06-19,Albania,Kukes,26,9,11,SW,0.0,60,4,1012
2011-06-20,Albania,Kukes,23,3,10,NE,0.0,71,21,1016
2011-06-21,Albania,Kukes,26,7,11,ENE,0.0,55,2,1020
2011-06-22,Albania,Kukes,28,2,8,ENE,0.0,56,1,1020
2011-06-23,Albania,Kukes,32,14,5,ENE,0.0,60,4,1017
2011-06-24,Albania,Kukes,32,14,3,SSW,3.3,63,5,1014
2011-06-25,Albania,Kukes,21,6,13,NE,1.1,75,22,1015
2011-06-26,Albania,Kukes,21,-2,15,NNE,0.0,61,7,1019
2011-06-27,Albania,Kukes,20,9,8,ESE,2.3,76,52,1014
2011-06-28,Albania,Kukes,21,-1,10,SSE,0.8,66,24,1013
2011-06-29,Albania,Kukes,22,2,8,SSE,1.6,69,34,1011
2011-06-30,Albania,Kukes,23,1,7,W,4.9,76,27,1011
2011-07-01,Albania,Kukes,22,11,8,S,3.1,76,28,1012
2011-07-02,Albania,Kukes,23,4,4,ESE,2.9,80,37,1011
2011-07-03,Albania,Kukes,21,2,7,SSE,4.4,82,49,1011
2011-07-04,Albania,Kukes,24,0,7,WSW,0.0,68,9,1014
2011-07-05,Albania,Kukes,24,2,8,WSW,0.6,67,19,1013
2011-07-06,Albania,Kukes,24,1,4,SSW,2.5,77,25,1011
2011-07-07,Albania,Kukes,28,2,6,NE,0.0,59,4,1014
2011-07-08,Albania,Kukes,29,4,6,E,0.0,57,6,1017
2011-07-09,Albania,Kukes,31,5,8,NE,0.0,53,0,1019
2011-07-10,Albania,Kukes,32,6,6,ENE,0.0,56,6,1017
2011-07-11,Albania,Kukes,32,6,6,E,0.1,53,11,1015
2011-07-12,Albania,Kukes,29,8,11,NE,1.1,61,7,1015
2011-07-13,Albania,Kukes,31,6,8,ENE,0.0,56,6,1013
2011-07-14,Albania,Kukes,33,7,5,NE,0.0,51,3,1013
2011-07-15,Albania,Kukes,33,9,5,SSW,2.1,59,2,1014
2011-07-16,Albania,Kukes,26,8,6,WSW,1.4,63,2,1013
2011-07-17,Albania,Kukes,28,4,6,WSW,0.1,62,6,1009
2011-07-18,Albania,Kukes,30,4,3,W,0.0,63,4,1008
2011-07-19,Albania,Kukes,32,6,5,WSW,0.0,56,3,1008
2011-07-20,Albania,Kukes,21,9,14,SW,7.4,70,31,1005
2011-07-21,Albania,Kukes,24,3,11,WSW,0.0,70,10,1007
2011-07-22,Albania,Kukes,24,2,12,SW,0.2,66,9,1009
2011-07-23,Albania,Kukes,23,1,6,SW,0.0,58,11,1010
2011-07-24,Albania,Kukes,26,3,8,WSW,0.0,65,7,1005
2011-07-25,Albania,Kukes,23,3,8,WSW,4.2,73,20,1006
2011-07-26,Albania,Kukes,22,-1,5,SSW,3.3,74,21,1012
2011-07-27,Albania,Kukes,26,3,6,WSW,0.0,69,8,1018
2011-07-28,Albania,Kukes,28,3,7,SW,2.9,63,9,1015
2011-07-29,Albania,Kukes,24,6,6,SW,5.8,74,21,1011
2011-07-30,Albania,Kukes,23,4,7,WSW,6.2,81,41,1011
2011-07-31,Albania,Kukes,25,2,4,ESE,4.0,71,15,1011
2011-08-01,Albania,Kukes,24,3,8,NE,5.0,72,18,1012
2011-08-02,Albania,Kukes,22,2,8,NE,10.2,78,25,1015
2011-08-03,Albania,Kukes,27,9,9,NE,0.1,71,16,1018
2011-08-04,Albania,Kukes,27,4,4,SSW,7.7,69,11,1015
2011-08-05,Albania,Kukes,25,5,6,ESE,31.2,76,16,1014
2011-08-06,Albania,Kukes,28,5,4,S,0.5,72,10,1014
2011-08-07,Albania,Kukes,29,4,4,SW,0.0,62,4,1013
2011-08-08,Albania,Kukes,31,6,7,SW,0.0,53,1,1013
2011-08-09,Albania,Kukes,31,7,6,S,0.0,54,10,1012
2011-08-10,Albania,Kukes,19,5,15,NE,0.8,78,46,1014
2011-08-11,Albania,Kukes,22,0,12,NE,0.0,63,16,1017
2011-08-12,Albania,Kukes,27,-1,6,SSE,0.0,55,0,1014
2011-08-13,Albania,Kukes,28,3,6,NE,0.0,53,9,1011
2011-08-14,Albania,Kukes,28,6,7,NE,0.4,59,16,1011
2011-08-15,Albania,Kukes,29,4,5,S,2.9,58,14,1013
2011-08-16,Albania,Kukes,29,6,9,NE,2.9,59,16,1014
2011-08-17,Albania,Kukes,28,6,10,NE,1.5,70,12,1016
2011-08-18,Albania,Kukes,29,6,8,ENE,0.1,58,9,1017
2011-08-19,Albania,Kukes,31,6,7,NE,0.0,54,2,1018
2011-08-20,Albania,Kukes,29,8,12,NE,0.0,53,5,1018
2011-08-21,Albania,Kukes,28,7,12,NE,0.0,56,2,1019
2011-08-22,Albania,Kukes,30,5,10,ENE,0.0,46,0,1019
2011-08-23,Albania,Kukes,27,6,8,ENE,0.0,48,1,1019
2011-08-24,Albania,Kukes,32,9,7,ENE,0.0,51,2,1017
2011-08-25,Albania,Kukes,33,8,8,NE,0.0,45,2,1015
2011-08-26,Albania,Kukes,31,9,10,ENE,0.2,47,6,1015
2011-08-27,Albania,Kukes,29,8,8,ENE,9.0,66,5,1015
2011-08-28,Albania,Kukes,28,6,9,ENE,0.3,64,4,1015
2011-08-29,Albania,Kukes,28,4,9,NE,0.0,53,0,1013
2011-08-30,Albania,Kukes,25,3,5,SW,4.6,58,8,1011
2011-08-31,Albania,Kukes,26,10,4,S,3.8,68,8,1013
2011-09-01,Albania,Kukes,27,3,4,W,0.4,67,8,1015
2011-09-02,Albania,Kukes,26,4,5,W,3.2,69,11,1015
2011-09-03,Albania,Kukes,21,5,9,NE,0.5,68,11,1016
2011-09-04,Albania,Kukes,29,11,5,SE,0.0,61,6,1017
2011-09-05,Albania,Kukes,29,8,8,WSW,2.5,59,15,1017
2011-09-06,Albania,Kukes,23,5,8,E,19.9,77,32,1018
2011-09-07,Albania,Kukes,25,4,8,NE,0.8,75,29,1014
2011-09-08,Albania,Kukes,26,4,5,SSW,0.0,67,8,1011
2011-09-09,Albania,Kukes,26,3,8,E,0.0,67,11,1013
2011-09-10,Albania,Kukes,28,5,6,E,0.0,64,11,1018
2011-09-11,Albania,Kukes,29,6,4,WSW,0.0,62,3,1018
2011-09-12,Albania,Kukes,29,4,4,SSE,0.2,57,9,1015
2011-09-13,Albania,Kukes,28,12,9,NE,0.1,51,13,1015
2011-09-14,Albania,Kukes,29,6,5,SE,1.9,52,13,1015
2011-09-15,Albania,Kukes,27,6,5,ENE,13.4,64,13,1015
2011-09-16,Albania,Kukes,28,5,7,ENE,7.7,71,7,1017
2011-09-17,Albania,Kukes,26,6,6,ENE,16.8,74,16,1015
2011-09-18,Albania,Kukes,26,8,5,SSW,21.8,64,21,1012
2011-09-19,Albania,Kukes,24,10,8,SSW,10.5,64,29,1011
2011-09-20,Albania,Kukes,16,6,7,E,78.4,93,73,1011
2011-09-21,Albania,Kukes,16,5,13,NE,32.6,93,81,1012
2011-09-22,Albania,Kukes,20,10,12,NE,0.0,83,39,1015
2011-09-23,Albania,Kukes,22,1,10,NE,0.0,77,24,1016
2011-09-24,Albania,Kukes,21,3,8,ENE,0.6,77,24,1017
2011-09-25,Albania,Kukes,22,3,7,ENE,0.6,74,20,1020
2011-09-26,Albania,Kukes,20,5,9,ENE,0.8,76,27,1022
2011-09-27,Albania,Kukes,21,7,12,ENE,0.0,75,24,1024
2011-09-28,Albania,Kukes,19,0,13,ENE,0.0,65,10,1024
2011-09-29,Albania,Kukes,20,1,12,NE,0.0,66,5,1023
2011-09-30,Albania,Kukes,20,8,11,NE,0.0,63,10,1024
2011-10-01,Albania,Kukes,20,1,11,NE,0.0,71,15,1024
2011-10-02,Albania,Kukes,20,1,11,NNE,0.0,69,8,1021
2011-10-03,Albania,Kukes,20,1,9,NE,0.0,64,1,1022
2011-10-04,Albania,Kukes,20,0,7,ENE,0.0,61,1,1021
2011-10-05,Albania,Kukes,20,1,8,NE,0.0,66,3,1021
2011-10-06,Albania,Kukes,21,1,6,SSE,0.0,64,3,1020
2011-10-07,Albania,Kukes,18,1,12,SW,0.0,74,17,1012
2011-10-08,Albania,Kukes,11,1,9,SSE,44.5,96,97,1008
2011-10-09,Albania,Kukes,7,-5,14,NE,15.2,90,65,1008
2011-10-10,Albania,Kukes,8,-7,18,NE,1.0,84,51,1014
2011-10-11,Albania,Kukes,13,-8,12,NE,0.0,78,27,1017
2011-10-12,Albania,Kukes,18,-1,6,ESE,0.1,82,38,1017
2011-10-13,Albania,Kukes,19,0,9,SSW,3.8,81,37,1017
2011-10-14,Albania,Kukes,10,0,14,NE,0.0,76,23,1023
2011-10-15,Albania,Kukes,10,0,17,ENE,0.0,67,14,1025
2011-10-16,Albania,Kukes,6,-9,18,NE,0.0,69,19,1025
2011-10-17,Albania,Kukes,6,-10,13,NE,0.0,67,14,1025
2011-10-18,Albania,Kukes,9,-10,7,SSE,0.0,50,0,1025
2011-10-19,Albania,Kukes,15,3,9,SW,0.0,39,0,1025
2011-10-20,Albania,Kukes,17,4,8,SW,0.0,64,6,1022
2011-10-21,Albania,Kukes,16,-2,7,S,0.3,75,42,1021
2011-10-22,Albania,Kukes,12,-2,7,E,7.0,89,64,1022
2011-10-23,Albania,Kukes,11,-2,8,E,2.0,88,51,1021
2011-10-24,Albania,Kukes,13,-2,7,E,1.8,87,54,1019
2011-10-25,Albania,Kukes,14,-2,9,ESE,0.1,84,37,1020
2011-10-26,Albania,Kukes,16,3,10,ESE,0.0,84,32,1021
2011-10-27,Albania,Kukes,13,1,11,ESE,0.1,82,27,1024
2011-10-28,Albania,Kukes,12,-5,8,E,0.0,71,8,1027
2011-10-29,Albania,Kukes,12,-4,9,E,0.0,66,1,1026
2011-10-30,Albania,Kukes,12,-6,8,E,0.0,62,6,1024
2011-10-31,Albania,Kukes,11,-4,7,E,0.0,62,4,1022
2011-11-01,Albania,Kukes,11,-5,7,ENE,0.0,56,6,1021
2011-11-02,Albania,Kukes,12,-5,9,E,0.0,58,1,1021
2011-11-03,Albania,Kukes,15,3,6,E,0.0,64,0,1019
2011-11-04,Albania,Kukes,12,-4,6,S,0.0,64,19,1020
2011-11-05,Albania,Kukes,13,-4,6,S,0.0,62,14,1021
2011-11-06,Albania,Kukes,14,-1,9,ESE,0.0,62,9,1022
2011-11-07,Albania,Kukes,11,-2,10,ESE,18.0,88,40,1026
2011-11-08,Albania,Kukes,11,-3,7,SE,0.0,86,40,1027
2011-11-09,Albania,Kukes,17,6,5,W,1.6,87,45,1022
2011-11-10,Albania,Kukes,11,-1,9,ENE,0.0,81,28,1018
2011-11-11,Albania,Kukes,8,-4,13,ENE,0.5,87,55,1023
2011-11-12,Albania,Kukes,1,-9,14,ENE,0.1,77,19,1030
2011-11-13,Albania,Kukes,2,-11,13,ENE,0.0,63,6,1032
2011-11-14,Albania,Kukes,0,-12,13,ENE,0.0,71,5,1028
2011-11-15,Albania,Kukes,4,-11,10,ENE,0.0,67,42,1022
2011-11-16,Albania,Kukes,4,-10,9,ENE,0.0,63,8,1023
2011-11-17,Albania,Kukes,7,-8,9,ENE,0.0,63,5,1026
2011-11-18,Albania,Kukes,6,-9,7,E,0.0,54,16,1025
2011-11-19,Albania,Kukes,8,-7,4,E,0.0,46,1,1024
2011-11-20,Albania,Kukes,14,0,5,E,0.0,51,3,1024
2011-11-21,Albania,Kukes,7,-3,5,SE,0.0,59,28,1024
2011-11-22,Albania,Kukes,7,-7,7,SSE,1.3,67,41,1023
2011-11-23,Albania,Kukes,9,-5,10,E,10.3,89,64,1024
2011-11-24,Albania,Kukes,8,-5,12,ENE,5.0,91,77,1029
2011-11-25,Albania,Kukes,6,-6,10,ENE,0.2,88,46,1030
2011-11-26,Albania,Kukes,8,-4,9,ENE,0.0,72,7,1028
2011-11-27,Albania,Kukes,11,2,6,ESE,0.0,63,4,1028
2011-11-28,Albania,Kukes,9,1,7,E,0.0,49,12,1026
2011-11-29,Albania,Kukes,9,-4,8,E,0.8,71,37,1027
2011-11-30,Albania,Kukes,7,-3,5,ENE,0.0,68,1,1027
2011-12-01,Albania,Kukes,7,-5,4,S,0.0,61,3,1027
2011-12-02,Albania,Kukes,8,2,8,SSW,0.0,74,7,1024
2011-12-03,Albania,Kukes,10,-2,8,SW,0.0,76,4,1024
2011-12-04,Albania,Kukes,12,0,12,SW,0.6,88,59,1021
2011-12-05,Albania,Kukes,10,8,16,SW,17.1,97,92,1014
2011-12-06,Albania,Kukes,10,8,9,SW,50.5,96,92,1012
2011-12-07,Albania,Kukes,9,3,6,SSW,0.3,88,46,1017
2011-12-08,Albania,Kukes,3,-1,12,SE,5.0,76,28,1023
2011-12-09,Albania,Kukes,9,0,7,SSE,0.0,48,21,1028
2011-12-10,Albania,Kukes,8,3,12,SW,1.7,83,72,1024
2011-12-11,Albania,Kukes,10,4,9,SW,12.7,95,90,1023
2011-12-12,Albania,Kukes,9,2,10,SW,21.3,96,97,1021
2011-12-13,Albania,Kukes,7,-4,8,SW,1.9,93,67,1019
2011-12-14,Albania,Kukes,6,-3,9,SW,0.0,90,36,1022
2011-12-15,Albania,Kukes,11,-2,12,SSW,13.8,88,50,1019
2011-12-16,Albania,Kukes,8,5,15,SW,28.2,93,69,1013
2011-12-17,Albania,Kukes,9,5,14,WSW,43.6,94,76,999
2011-12-18,Albania,Kukes,2,-5,7,SE,8.6,88,54,1013
2011-12-19,Albania,Kukes,4,-7,8,SSE,16.2,92,92,1012
2011-12-20,Albania,Kukes,0,-4,6,S,29.9,97,92,1011
2011-12-21,Albania,Kukes,0,-12,8,E,1.7,92,60,1015
2011-12-22,Albania,Kukes,-1,-11,20,NE,3.3,88,80,1014
2011-12-23,Albania,Kukes,0,-5,17,ENE,1.1,92,61,1021
2011-12-24,Albania,Kukes,-3,-16,9,E,0.0,79,12,1021
2011-12-25,Albania,Kukes,1,-14,15,ENE,1.0,88,57,1027
2011-12-26,Albania,Kukes,-1,-11,14,ENE,1.4,94,77,1035
2011-12-27,Albania,Kukes,0,-9,11,ENE,0.0,89,25,1037
2011-12-28,Albania,Kukes,2,-4,8,ESE,0.0,73,9,1033
2011-12-29,Albania,Kukes,1,-9,6,SSW,0.0,71,12,1023
2011-12-30,Albania,Kukes,5,-12,4,SSE,0.0,83,25,1014
2011-12-31,Albania,Kukes,0,-7,12,NE,0.6,89,47,1014
2012-01-01,Albania,Kukes,3,-12,7,E,0.0,79,15,1024
2012-01-02,Albania,Kukes,8,-1,8,S,0.0,73,4,1026
2012-01-03,Albania,Kukes,10,2,5,SSE,0.0,79,5,1025
2012-01-04,Albania,Kukes,4,-3,8,SW,0.0,85,18,1022
2012-01-05,Albania,Kukes,5,-9,10,S,2.7,95,68,1012
2012-01-06,Albania,Kukes,-2,-10,19,E,39.1,96,92,992
2012-01-07,Albania,Kukes,1,-9,9,SSE,2.4,90,65,1019
2012-01-08,Albania,Kukes,0,-13,7,SE,0.2,81,39,1014
2012-01-09,Albania,Kukes,3,-10,9,SSE,1.5,85,66,1022
2012-01-10,Albania,Kukes,-4,-13,10,NE,0.3,88,32,1025
2012-01-11,Albania,Kukes,-1,-12,13,NE,1.2,91,56,1029
2012-01-12,Albania,Kukes,4,-3,8,ENE,0.0,89,23,1030
2012-01-13,Albania,Kukes,5,-1,10,SSW,0.8,87,34,1021
2012-01-14,Albania,Kukes,-6,-12,9,NNE,12.9,83,34,1019
2012-01-15,Albania,Kukes,-10,-19,8,E,0.0,78,13,1020
2012-01-16,Albania,Kukes,-11,-20,8,NE,0.0,87,10,1024
2012-01-17,Albania,Kukes,-1,-19,4,S,0.0,89,9,1028
2012-01-18,Albania,Kukes,1,-13,8,ESE,0.0,86,15,1031
2012-01-19,Albania,Kukes,4,-16,8,S,0.0,85,22,1032
2012-01-20,Albania,Kukes,4,-2,16,SW,4.2,92,90,1020
2012-01-21,Albania,Kukes,-2,-9,8,ESE,24.7,87,43,1016
2012-01-22,Albania,Kukes,3,-12,11,SW,0.0,74,29,1017
2012-01-23,Albania,Kukes,5,-5,6,SSE,0.1,94,68,1017
2012-01-24,Albania,Kukes,4,0,7,SSW,10.0,97,80,1011
2012-01-25,Albania,Kukes,-3,-12,14,NNE,31.2,95,90,1007
2012-01-26,Albania,Kukes,-3,-13,15,NNE,5.9,94,74,1013
2012-01-27,Albania,Kukes,-5,-15,12,ENE,0.0,92,41,1026
2012-01-28,Albania,Kukes,1,-11,8,E,0.1,93,43,1028
2012-01-29,Albania,Kukes,2,-14,12,ENE,0.8,94,77,1025
2012-01-30,Albania,Kukes,-3,-15,14,ENE,0.7,92,60,1025
2012-01-31,Albania,Kukes,-13,-22,14,E,0.0,88,57,1025
2012-02-01,Albania,Kukes,-4,-16,12,E,6.6,90,65,1021
2012-02-02,Albania,Kukes,-3,-16,13,E,36.3,96,100,1018
2012-02-03,Albania,Kukes,2,-14,13,ESE,18.2,97,95,1018
2012-02-04,Albania,Kukes,4,-3,14,SE,14.9,96,84,1017
2012-02-05,Albania,Kukes,-3,-11,10,ENE,24.6,97,94,1021
2012-02-06,Albania,Kukes,-5,-16,20,ENE,12.8,96,96,1014
2012-02-07,Albania,Kukes,-5,-22,24,ENE,4.1,96,97,1010
2012-02-08,Albania,Kukes,-5,-16,19,ENE,2.6,97,93,1024
2012-02-09,Albania,Kukes,-4,-20,12,ENE,2.1,95,80,1024
2012-02-10,Albania,Kukes,-3,-16,13,E,8.7,94,91,1024
2012-02-11,Albania,Kukes,2,-5,13,ESE,24.1,97,94,1021
2012-02-12,Albania,Kukes,3,-5,9,E,42.7,98,99,1017
2012-02-13,Albania,Kukes,-3,-15,5,E,23.4,98,91,1016
2012-02-14,Albania,Kukes,-1,-11,6,ENE,0.1,97,53,1015
2012-02-15,Albania,Kukes,-3,-23,12,SSW,0.1,92,40,1012
2012-02-16,Albania,Kukes,-1,-13,9,ESE,3.9,89,55,1011
2012-02-17,Albania,Kukes,-2,-24,7,SSE,0.0,91,22,1021
2012-02-18,Albania,Kukes,3,-17,5,WSW,0.0,95,18,1023
2012-02-19,Albania,Kukes,3,-22,8,SW,0.2,93,45,1025
2012-02-20,Albania,Kukes,4,-11,6,SSE,3.0,97,87,1028
2012-02-21,Albania,Kukes,4,-2,9,E,7.1,99,95,1029
2012-02-22,Albania,Kukes,3,-5,13,ENE,0.8,98,95,1026
2012-02-23,Albania,Kukes,4,-10,10,ESE,0.4,97,72,1023
2012-02-24,Albania,Kukes,5,-8,5,NE,0.1,95,63,1023
2012-02-25,Albania,Kukes,5,-8,4,S,0.2,95,53,1020
2012-02-26,Albania,Kukes,4,-3,10,ENE,10.2,94,83,1012
2012-02-27,Albania,Kukes,-2,-9,18,NE,4.5,92,59,1015
2012-02-28,Albania,Kukes,-2,-22,9,NE,0.1,87,27,1021
2012-03-01,Albania,Kukes,3,-4,11,NE,0.0,94,32,1023
2012-03-02,Albania,Kukes,5,-18,5,S,0.0,93,35,1024
2012-03-03,Albania,Kukes,6,-5,7,S,0.4,96,57,1023
2012-03-04,Albania,Kukes,6,-5,8,E,0.0,94,60,1022
2012-03-05,Albania,Kukes,5,-8,8,ENE,0.5,95,67,1017
2012-03-06,Albania,Kukes,1,-11,9,ENE,0.6,94,58,1020
2012-03-07,Albania,Kukes,1,-12,10,ENE,3.2,94,63,1025
2012-03-08,Albania,Kukes,5,-3,10,ESE,5.1,96,75,1021
2012-03-09,Albania,Kukes,5,-4,13,ENE,4.9,97,86,1028
2012-03-10,Albania,Kukes,4,-9,14,ENE,3.8,96,76,1029
2012-03-11,Albania,Kukes,4,-10,14,ENE,6.3,96,79,1018
2012-03-12,Albania,Kukes,1,-10,17,NE,1.3,92,55,1014
2012-03-13,Albania,Kukes,4,-13,14,NE,0.6,95,53,1022
2012-03-14,Albania,Kukes,8,-14,10,NE,0.0,91,26,1024
2012-03-15,Albania,Kukes,7,-11,9,E,0.0,90,17,1027
2012-03-16,Albania,Kukes,11,-14,7,SE,0.0,90,8,1030
2012-03-17,Albania,Kukes,11,-8,9,WSW,0.0,86,2,1030
2012-03-18,Albania,Kukes,11,-7,9,SW,0.0,81,2,1028
2012-03-19,Albania,Kukes,15,-5,9,WSW,1.3,76,15,1028
2012-03-20,Albania,Kukes,16,-2,6,ENE,5.3,70,15,1031
2012-03-21,Albania,Kukes,17,-4,9,NE,4.7,76,10,1031
2012-03-22,Albania,Kukes,16,-4,9,E,0.0,66,6,1030
2012-03-23,Albania,Kukes,17,1,6,S,0.0,54,13,1026
2012-03-24,Albania,Kukes,17,2,5,ESE,15.9,70,60,1022
2012-03-25,Albania,Kukes,14,2,8,NNE,10.2,77,60,1021
2012-03-26,Albania,Kukes,14,-3,11,ENE,0.5,69,6,1022
2012-03-27,Albania,Kukes,13,2,11,ENE,0.0,59,6,1024
2012-03-28,Albania,Kukes,12,-7,10,NNE,0.0,61,9,1021
2012-03-29,Albania,Kukes,15,-6,8,SSW,0.2,67,7,1017
2012-03-30,Albania,Kukes,12,6,11,W,6.1,91,68,1010
2012-03-31,Albania,Kukes,14,4,11,WSW,0.7,84,38,1009
2012-04-01,Albania,Kukes,2,-7,14,ESE,25.8,95,78,1010
2012-04-02,Albania,Kukes,14,-3,6,S,0.0,68,18,1016
2012-04-03,Albania,Kukes,17,-1,8,SW,0.1,65,35,1015
2012-04-04,Albania,Kukes,17,2,8,SSW,11.9,81,30,1014
2012-04-05,Albania,Kukes,19,3,5,SSE,10.4,85,50,1012
2012-04-06,Albania,Kukes,13,1,9,SW,18.5,93,84,1008
2012-04-07,Albania,Kukes,13,-2,11,SW,12.5,89,77,1006
2012-04-08,Albania,Kukes,8,-1,14,S,20.6,89,77,1000
2012-04-09,Albania,Kukes,6,-8,16,ENE,4.5,75,53,1006
2012-04-10,Albania,Kukes,13,-7,8,E,3.5,69,19,1012
2012-04-11,Albania,Kukes,11,-7,10,SW,0.8,79,38,1010
2012-04-12,Albania,Kukes,12,-3,11,SW,7.9,90,55,1008
2012-04-13,Albania,Kukes,11,-4,7,SE,19.2,86,56,1004
2012-04-14,Albania,Kukes,12,7,6,SE,21.3,87,70,994
2012-04-15,Albania,Kukes,11,-1,12,SW,23.0,89,66,1000
2012-04-16,Albania,Kukes,13,4,8,SSE,18.8,87,60,1005
2012-04-17,Albania,Kukes,13,0,8,SSW,13.9,86,54,1004
2012-04-18,Albania,Kukes,11,-4,10,SSE,16.9,89,71,999
2012-04-19,Albania,Kukes,10,-4,13,SW,11.9,92,75,1003
2012-04-20,Albania,Kukes,11,6,11,SW,8.5,93,82,1003
2012-04-21,Albania,Kukes,11,-3,12,SW,14.4,88,65,1011
2012-04-22,Albania,Kukes,13,0,14,SW,0.4,81,38,1016
2012-04-23,Albania,Kukes,16,-3,11,SW,1.4,73,36,1014
2012-04-24,Albania,Kukes,17,0,13,SW,4.1,80,54,1012
2012-04-25,Albania,Kukes,14,-1,13,SW,3.4,83,26,1013
2012-04-26,Albania,Kukes,21,-6,5,WSW,0.0,61,7,1019
2012-04-27,Albania,Kukes,22,-1,10,NE,0.0,60,1,1018
2012-04-28,Albania,Kukes,22,8,13,NE,0.3,66,12,1020
2012-04-29,Albania,Kukes,24,4,7,NE,0.3,62,6,1019
2012-04-30,Albania,Kukes,26,11,5,SE,1.7,57,7,1017
2012-05-01,Albania,Kukes,26,2,6,SSE,0.6,55,6,1016
2012-05-02,Albania,Kukes,25,6,5,SSE,4.5,62,14,1013
2012-05-03,Albania,Kukes,22,2,5,S,8.3,70,13,1009
2012-05-04,Albania,Kukes,19,1,8,WSW,1.1,71,6,1008
2012-05-05,Albania,Kukes,19,6,11,WSW,0.0,61,2,1011
2012-05-06,Albania,Kukes,20,5,9,WSW,0.0,64,7,1015
2012-05-07,Albania,Kukes,19,6,11,SW,3.6,71,33,1016
2012-05-08,Albania,Kukes,19,-2,6,SSW,8.0,77,28,1016
2012-05-09,Albania,Kukes,21,-1,9,NE,0.1,64,14,1018
2012-05-10,Albania,Kukes,21,-1,10,NE,0.4,62,7,1022
2012-05-11,Albania,Kukes,23,0,12,NE,0.5,68,12,1023
2012-05-12,Albania,Kukes,24,9,8,NE,0.0,61,7,1018
2012-05-13,Albania,Kukes,17,2,12,NE,2.0,76,39,1014
2012-05-14,Albania,Kukes,11,0,8,ENE,56.9,96,94,1009
2012-05-15,Albania,Kukes,12,-4,7,S,24.1,94,94,1008
2012-05-16,Albania,Kukes,15,-2,12,SW,2.1,86,56,1008
2012-05-17,Albania,Kukes,10,-3,13,NE,35.4,91,75,1008
2012-05-18,Albania,Kukes,15,-5,14,NE,0.3,78,48,1014
2012-05-19,Albania,Kukes,21,-5,7,ESE,0.3,79,19,1015
2012-05-20,Albania,Kukes,22,-3,4,S,0.0,70,7,1014
2012-05-21,Albania,Kukes,25,10,8,SE,11.0,74,26,1010
2012-05-22,Albania,Kukes,15,2,12,SSW,41.9,90,67,1008
2012-05-23,Albania,Kukes,14,-1,9,W,4.8,89,68,1011
2012-05-24,Albania,Kukes,18,1,9,ENE,5.4,84,48,1011
2012-05-25,Albania,Kukes,18,2,9,NNE,10.1,85,55,1012
2012-05-26,Albania,Kukes,17,2,6,ENE,23.6,91,69,1015
2012-05-27,Albania,Kukes,14,4,7,ENE,14.8,92,76,1014
2012-05-28,Albania,Kukes,19,-3,6,SSE,1.2,73,27,1013
2012-05-29,Albania,Kukes,14,-2,7,W,12.2,85,40,1012
2012-05-30,Albania,Kukes,21,-2,5,NNW,3.5,76,29,1016
2012-05-31,Albania,Kukes,23,1,5,SSW,7.1,75,14,1018
2012-06-01,Albania,Kukes,21,0,9,WSW,4.5,75,11,1016
2012-06-02,Albania,Kukes,23,1,8,WSW,0.5,69,9,1018
2012-06-03,Albania,Kukes,25,1,8,WSW,0.0,62,3,1018
2012-06-04,Albania,Kukes,24,2,10,WSW,0.0,57,5,1013
2012-06-05,Albania,Kukes,18,3,10,SSW,1.9,76,45,1010
2012-06-06,Albania,Kukes,23,1,6,S,0.2,72,28,1014
2012-06-07,Albania,Kukes,25,-1,4,W,0.0,66,11,1014
2012-06-08,Albania,Kukes,29,3,6,WSW,0.0,65,4,1015
2012-06-09,Albania,Kukes,30,6,6,WSW,1.5,61,7,1016
2012-06-10,Albania,Kukes,29,5,6,SW,1.6,59,6,1012
2012-06-11,Albania,Kukes,28,8,12,SW,0.0,59,9,1009
2012-06-12,Albania,Kukes,27,8,13,SW,0.0,59,12,1009
2012-06-13,Albania,Kukes,25,5,12,WSW,0.0,57,6,1011
2012-06-14,Albania,Kukes,26,-1,8,ESE,0.0,60,4,1016
2012-06-15,Albania,Kukes,27,1,9,ENE,0.0,59,5,1020
2012-06-16,Albania,Kukes,28,3,11,ENE,0.0,56,1,1020
2012-06-17,Albania,Kukes,30,9,9,ENE,0.0,63,4,1019
2012-06-18,Albania,Kukes,30,7,9,ENE,0.0,61,3,1017
2012-06-19,Albania,Kukes,31,5,10,ENE,0.0,54,0,1016
2012-06-20,Albania,Kukes,31,10,9,NE,0.0,55,0,1014
2012-06-21,Albania,Kukes,32,8,5,ENE,0.0,52,3,1012
2012-06-22,Albania,Kukes,31,7,5,SSE,2.0,59,7,1013
2012-06-23,Albania,Kukes,28,7,9,NE,6.4,74,11,1017
2012-06-24,Albania,Kukes,28,8,8,NE,4.7,76,23,1016
2012-06-25,Albania,Kukes,30,7,5,SSW,0.3,66,8,1013
2012-06-26,Albania,Kukes,25,5,11,ENE,0.2,71,20,1015
2012-06-27,Albania,Kukes,24,2,13,NE,0.0,61,9,1018
2012-06-28,Albania,Kukes,28,3,8,NE,0.0,57,3,1016
2012-06-29,Albania,Kukes,29,3,7,NE,0.0,54,6,1015
2012-06-30,Albania,Kukes,31,5,8,NE,0.1,54,7,1016
2012-07-01,Albania,Kukes,31,7,9,NE,0.0,58,5,1016
2012-07-02,Albania,Kukes,31,7,9,ENE,0.0,56,3,1017
2012-07-03,Albania,Kukes,31,7,5,ENE,0.4,65,8,1016
2012-07-04,Albania,Kukes,29,5,3,WSW,10.9,67,9,1013
2012-07-05,Albania,Kukes,28,7,3,ENE,8.2,60,11,1013
2012-07-06,Albania,Kukes,28,6,4,SSE,10.6,62,12,1012
2012-07-07,Albania,Kukes,29,6,5,W,0.0,54,3,1013
2012-07-08,Albania,Kukes,32,11,5,SSW,0.3,58,7,1012
2012-07-09,Albania,Kukes,33,6,5,SE,0.3,61,6,1012
2012-07-10,Albania,Kukes,33,9,6,W,0.0,55,1,1012
2012-07-11,Albania,Kukes,32,7,6,SSW,0.2,50,2,1014
2012-07-12,Albania,Kukes,32,7,8,WSW,1.3,42,10,1014
2012-07-13,Albania,Kukes,31,6,5,SSE,1.2,61,5,1012
2012-07-14,Albania,Kukes,33,5,5,WSW,0.0,50,0,1013
2012-07-15,Albania,Kukes,34,7,10,SW,0.0,40,0,1012
2012-07-16,Albania,Kukes,26,6,11,ENE,0.7,57,19,1015
2012-07-17,Albania,Kukes,25,3,14,NE,0.0,65,17,1019
2012-07-18,Albania,Kukes,26,2,13,NE,0.0,59,5,1018
2012-07-19,Albania,Kukes,30,3,7,NE,0.0,59,3,1016
2012-07-20,Albania,Kukes,34,13,4,SSE,0.0,55,1,1014
2012-07-21,Albania,Kukes,32,6,6,WSW,0.0,49,1,1012
2012-07-22,Albania,Kukes,26,5,11,ENE,1.3,57,10,1012
2012-07-23,Albania,Kukes,27,5,15,ENE,6.6,78,45,1014
2012-07-24,Albania,Kukes,22,7,9,SE,7.1,85,71,1014
2012-07-25,Albania,Kukes,26,11,5,WNW,8.0,79,25,1013
2012-07-26,Albania,Kukes,28,3,5,WSW,1.8,73,17,1013
2012-07-27,Albania,Kukes,27,7,10,NE,1.8,77,27,1012
2012-07-28,Albania,Kukes,30,7,9,NE,0.0,70,16,1012
2012-07-29,Albania,Kukes,21,8,5,E,0.0,69,1,1013
2012-07-30,Albania,Kukes,31,10,11,ENE,0.3,58,6,1012
2012-07-31,Albania,Kukes,29,7,12,NE,1.0,69,14,1013
2012-08-01,Albania,Kukes,27,7,12,NE,1.1,71,28,1014
2012-08-02,Albania,Kukes,24,5,7,NE,3.0,69,13,1015
2012-08-03,Albania,Kukes,30,5,5,S,0.3,64,9,1015
2012-08-04,Albania,Kukes,31,6,5,ESE,0.3,61,11,1015
2012-08-05,Albania,Kukes,34,14,4,S,0.4,53,8,1015
2012-08-06,Albania,Kukes,34,7,5,WNW,0.0,42,1,1016
2012-08-07,Albania,Kukes,30,9,9,ENE,0.0,47,6,1017
2012-08-08,Albania,Kukes,31,13,8,E,3.0,65,33,1016
2012-08-09,Albania,Kukes,29,10,11,NE,0.6,58,9,1016
2012-08-10,Albania,Kukes,26,8,10,NE,2.3,63,11,1015
2012-08-11,Albania,Kukes,21,4,10,NE,3.6,66,34,1013
2012-08-12,Albania,Kukes,24,2,7,ESE,0.3,68,18,1014
2012-08-13,Albania,Kukes,26,3,5,S,0.1,64,13,1014
2012-08-14,Albania,Kukes,26,1,4,WSW,0.7,64,12,1014
2012-08-15,Albania,Kukes,28,3,4,SSW,0.0,67,12,1015
2012-08-16,Albania,Kukes,29,5,5,W,0.5,64,17,1015
2012-08-17,Albania,Kukes,28,8,10,NE,1.8,59,13,1016
2012-08-18,Albania,Kukes,27,5,12,NE,0.0,57,7,1019
2012-08-19,Albania,Kukes,27,5,11,NE,0.0,58,3,1021
2012-08-20,Albania,Kukes,29,5,9,NE,0.0,57,5,1021
2012-08-21,Albania,Kukes,31,6,6,ENE,0.0,51,2,1018
2012-08-22,Albania,Kukes,33,7,4,SSW,0.1,46,2,1017
2012-08-23,Albania,Kukes,33,7,4,WNW,0.1,46,4,1016
2012-08-24,Albania,Kukes,34,7,4,W,0.0,42,4,1015
2012-08-25,Albania,Kukes,33,11,5,W,0.0,37,5,1014
2012-08-26,Albania,Kukes,33,9,7,WSW,0.0,40,3,1011
2012-08-27,Albania,Kukes,22,6,13,ENE,0.3,61,8,1014
2012-08-28,Albania,Kukes,25,1,10,NE,0.0,59,3,1019
2012-08-29,Albania,Kukes,31,2,5,E,0.0,49,0,1019
2012-08-30,Albania,Kukes,28,5,7,NE,0.0,46,5,1018
2012-08-31,Albania,Kukes,30,4,4,S,0.0,49,4,1015
2012-09-01,Albania,Kukes,29,11,4,SSE,0.0,58,17,1016
2012-09-02,Albania,Kukes,29,13,7,ENE,0.0,60,4,1019
2012-09-03,Albania,Kukes,29,9,5,SSW,0.0,60,11,1017
2012-09-04,Albania,Kukes,26,4,4,S,0.0,53,19,1015
2012-09-05,Albania,Kukes,23,5,5,SSE,5.6,66,34,1014
2012-09-06,Albania,Kukes,23,5,5,SW,15.5,80,36,1015
2012-09-07,Albania,Kukes,23,4,13,NE,0.2,74,30,1019
2012-09-08,Albania,Kukes,24,2,10,ENE,0.0,54,4,1019
2012-09-09,Albania,Kukes,26,3,10,NE,0.0,52,3,1018
2012-09-10,Albania,Kukes,25,4,7,ENE,0.0,58,9,1019
2012-09-11,Albania,Kukes,23,4,4,SE,8.5,68,19,1017
2012-09-12,Albania,Kukes,24,2,5,SW,1.6,67,8,1013
2012-09-13,Albania,Kukes,24,10,8,S,0.3,64,24,1007
2012-09-14,Albania,Kukes,21,5,11,ESE,25.1,88,58,1007
2012-09-15,Albania,Kukes,21,3,7,SE,21.6,76,32,1011
2012-09-16,Albania,Kukes,15,3,13,NE,5.6,87,66,1014
2012-09-17,Albania,Kukes,21,0,8,ENE,0.3,81,42,1015
2012-09-18,Albania,Kukes,22,2,4,SE,6.9,81,39,1015
2012-09-19,Albania,Kukes,21,4,6,SW,2.8,81,41,1013
2012-09-20,Albania,Kukes,16,2,9,S,11.3,90,62,1015
2012-09-21,Albania,Kukes,18,-4,8,NE,0.0,66,10,1021
2012-09-22,Albania,Kukes,21,-3,7,SSW,0.0,52,1,1019
2012-09-23,Albania,Kukes,25,1,5,SSW,0.0,58,3,1019
2012-09-24,Albania,Kukes,24,4,11,SW,0.0,62,4,1015
2012-09-25,Albania,Kukes,22,6,12,SW,0.5,69,22,1013
2012-09-26,Albania,Kukes,23,4,9,WSW,0.0,73,10,1017
2012-09-27,Albania,Kukes,26,4,6,SW,0.0,60,7,1019
2012-09-28,Albania,Kukes,27,5,4,SSW,0.0,53,5,1019
2012-09-29,Albania,Kukes,28,6,5,ENE,0.1,52,6,1020
2012-09-30,Albania,Kukes,28,6,3,SE,0.0,52,8,1019
2012-10-01,Albania,Kukes,27,6,4,S,3.0,53,13,1019
2012-10-02,Albania,Kukes,22,6,7,SW,10.6,69,19,1017
2012-10-03,Albania,Kukes,20,5,5,SW,8.4,84,41,1017
2012-10-04,Albania,Kukes,21,1,5,S,0.1,80,24,1017
2012-10-05,Albania,Kukes,20,2,8,ESE,0.0,77,28,1019
2012-10-06,Albania,Kukes,23,4,5,SSW,0.0,68,10,1020
2012-10-07,Albania,Kukes,20,2,10,SW,0.0,71,10,1016
2012-10-08,Albania,Kukes,16,2,12,ENE,0.4,64,18,1016
2012-10-09,Albania,Kukes,19,-1,6,S,0.0,51,22,1014
2012-10-10,Albania,Kukes,17,1,6,ESE,2.2,63,29,1012
2012-10-11,Albania,Kukes,19,-2,3,SSE,0.0,70,12,1012
2012-10-12,Albania,Kukes,17,4,8,SSW,8.8,88,69,1014
2012-10-13,Albania,Kukes,19,4,9,SW,6.8,87,74,1014
2012-10-14,Albania,Kukes,17,10,11,SSW,2.9,90,72,1011
2012-10-15,Albania,Kukes,19,7,10,SSW,2.5,81,33,1012
2012-10-16,Albania,Kukes,18,4,13,SSW,6.7,82,60,1015
2012-10-17,Albania,Kukes,20,1,6,SSW,0.0,74,23,1022
2012-10-18,Albania,Kukes,21,6,6,E,0.0,61,2,1023
2012-10-19,Albania,Kukes,25,7,5,E,0.0,56,4,1022
2012-10-20,Albania,Kukes,22,0,5,SSE,0.0,56,8,1020
2012-10-21,Albania,Kukes,17,1,9,ENE,0.0,58,2,1018
2012-10-22,Albania,Kukes,17,-1,9,ENE,0.0,64,2,1019
2012-10-23,Albania,Kukes,14,4,10,ENE,0.0,74,17,1019
2012-10-24,Albania,Kukes,17,7,8,ENE,0.0,72,8,1017
2012-10-25,Albania,Kukes,20,5,5,SSW,0.0,74,10,1014
2012-10-26,Albania,Kukes,16,10,9,SW,0.0,77,12,1012
2012-10-27,Albania,Kukes,15,0,13,S,64.1,91,72,1003
2012-10-28,Albania,Kukes,16,3,13,SSW,39.8,88,60,1000
2012-10-29,Albania,Kukes,10,1,10,SW,11.5,92,67,1005
2012-10-30,Albania,Kukes,9,-4,10,WSW,7.6,90,65,1012
2012-10-31,Albania,Kukes,12,-1,6,SSE,0.8,74,39,1013
2012-11-01,Albania,Kukes,13,-2,13,SSE,68.3,95,86,1006
2012-11-02,Albania,Kukes,13,3,10,SW,0.6,90,67,1011
2012-11-03,Albania,Kukes,17,-1,6,SSW,0.0,82,25,1017
2012-11-04,Albania,Kukes,14,1,10,SW,0.0,79,40,1017
2012-11-05,Albania,Kukes,16,1,14,SSW,12.8,89,77,1011
2012-11-06,Albania,Kukes,13,4,12,WSW,4.8,88,60,1013
2012-11-07,Albania,Kukes,9,3,9,E,12.8,92,64,1021
2012-11-08,Albania,Kukes,8,-3,9,ENE,0.0,73,7,1025
2012-11-09,Albania,Kukes,9,-5,6,SSW,0.0,67,20,1019
2012-11-10,Albania,Kukes,10,0,8,E,0.0,73,13,1022
2012-11-11,Albania,Kukes,15,-1,8,S,0.0,57,6,1024
2012-11-12,Albania,Kukes,19,10,6,SW,0.0,59,15,1024
2012-11-13,Albania,Kukes,16,9,7,ENE,0.0,74,17,1024
2012-11-14,Albania,Kukes,9,-1,13,NE,0.7,90,66,1025
2012-11-15,Albania,Kukes,8,-4,11,ENE,15.6,93,80,1022
2012-11-16,Albania,Kukes,10,-3,10,E,2.1,90,56,1021
2012-11-17,Albania,Kukes,10,-5,8,ESE,0.0,87,23,1020
2012-11-18,Albania,Kukes,11,-4,7,ESE,0.0,87,31,1018
2012-11-19,Albania,Kukes,8,-2,10,E,2.8,88,58,1017
2012-11-20,Albania,Kukes,11,4,12,ENE,8.4,93,85,1016
2012-11-21,Albania,Kukes,12,-1,9,ENE,6.0,93,83,1019
2012-11-22,Albania,Kukes,11,-2,8,ENE,0.1,90,39,1022
2012-11-23,Albania,Kukes,15,6,4,SSE,0.6,87,39,1022
2012-11-24,Albania,Kukes,13,6,6,ENE,0.4,90,26,1023
2012-11-25,Albania,Kukes,10,3,4,SSW,0.0,87,11,1022
2012-11-26,Albania,Kukes,11,-2,6,SSW,0.0,71,15,1021
2012-11-27,Albania,Kukes,10,4,11,SSW,0.0,64,12,1017
2012-11-28,Albania,Kukes,12,0,11,S,2.2,86,48,1011
2012-11-29,Albania,Kukes,8,0,13,SSW,75.6,94,75,1001
2012-11-30,Albania,Kukes,10,-5,11,SSW,5.5,88,48,1005
2012-12-01,Albania,Kukes,8,2,7,SW,5.5,91,42,1011
2012-12-02,Albania,Kukes,7,0,8,S,26.4,94,82,1009
2012-12-03,Albania,Kukes,1,-6,13,ESE,17.6,94,76,1006
2012-12-04,Albania,Kukes,2,-7,9,SSE,0.6,74,22,1013
2012-12-05,Albania,Kukes,6,2,9,S,29.6,97,94,1002
2012-12-06,Albania,Kukes,-1,-4,11,NE,19.1,95,89,1008
2012-12-07,Albania,Kukes,0,-7,7,ESE,1.4,81,22,1015
2012-12-08,Albania,Kukes,3,0,12,SSE,25.0,93,74,1007
2012-12-09,Albania,Kukes,0,-5,11,ENE,16.3,93,85,1008
2012-12-10,Albania,Kukes,3,-12,7,E,0.0,82,21,1013
2012-12-11,Albania,Kukes,-1,-5,9,ENE,32.3,95,82,1008
2012-12-12,Albania,Kukes,-9,-20,5,E,0.4,93,11,1020
2012-12-13,Albania,Kukes,-7,-29,4,SSE,0.0,91,15,1027
2012-12-14,Albania,Kukes,0,-17,8,S,0.0,84,47,1028
2012-12-15,Albania,Kukes,2,-9,12,S,4.3,97,80,1024
2012-12-16,Albania,Kukes,8,-4,13,SSW,8.9,100,100,1017
2012-12-17,Albania,Kukes,7,3,5,S,1.6,99,97,1012
2012-12-18,Albania,Kukes,5,1,9,E,57.1,97,100,1006
2012-12-19,Albania,Kukes,0,-5,14,NE,14.0,94,80,1012
2012-12-20,Albania,Kukes,2,-8,12,ENE,0.2,91,38,1018
2012-12-21,Albania,Kukes,3,-9,5,SE,0.1,91,44,1015
2012-12-22,Albania,Kukes,-4,-12,13,ENE,0.3,92,54,1018
2012-12-23,Albania,Kukes,3,-18,7,ESE,0.0,79,19,1022
2012-12-24,Albania,Kukes,9,-9,6,SSW,0.0,79,11,1023
2012-12-25,Albania,Kukes,8,2,12,SSW,0.0,75,9,1024
2012-12-26,Albania,Kukes,7,4,13,SW,0.0,89,26,1022
2012-12-27,Albania,Kukes,8,-3,10,SW,3.3,97,89,1019
2012-12-28,Albania,Kukes,8,3,10,SSE,9.1,96,86,1016
2012-12-29,Albania,Kukes,4,-8,20,NE,14.7,92,60,1022
2012-12-30,Albania,Kukes,3,-9,9,E,0.0,90,24,1024
2012-12-31,Albania,Kukes,6,-3,10,ENE,0.0,88,12,1025
2013-01-01,Albania,Kukes,4,-3,8,SSE,0.0,75,5,1021
2013-01-02,Albania,Kukes,4,-7,6,S,0.0,85,15,1023
2013-01-03,Albania,Kukes,8,1,5,ENE,0.0,73,17,1032
2013-01-04,Albania,Kukes,4,-3,8,SE,0.0,69,26,1027
2013-01-05,Albania,Kukes,5,-8,8,W,1.2,81,38,1017
2013-01-06,Albania,Kukes,4,-1,13,NNE,0.3,69,23,1018
2013-01-07,Albania,Kukes,-2,-6,12,SSE,0.5,58,24,1019
2013-01-08,Albania,Kukes,-3,-15,10,NE,0.0,62,25,1027
2013-01-09,Albania,Kukes,0,-9,5,S,0.0,69,25,1024
2013-01-10,Albania,Kukes,3,-11,9,S,4.5,81,45,1018
2013-01-11,Albania,Kukes,1,-7,7,SSW,6.5,96,91,1010
2013-01-12,Albania,Kukes,2,-11,9,ENE,34.8,93,54,1016
2013-01-13,Albania,Kukes,4,-2,9,S,1.5,80,43,1021
2013-01-14,Albania,Kukes,5,-1,13,SSE,2.4,92,56,1021
2013-01-15,Albania,Kukes,6,-6,12,SSE,18.1,93,86,1015
2013-01-16,Albania,Kukes,5,-6,11,S,26.9,90,74,1004
2013-01-17,Albania,Kukes,4,-3,9,SSE,26.9,93,78,1001
2013-01-18,Albania,Kukes,4,-6,7,SW,50.7,95,80,995
2013-01-19,Albania,Kukes,2,-9,13,WSW,3.2,89,59,1004
2013-01-20,Albania,Kukes,8,1,11,SSW,14.6,97,83,1008
2013-01-21,Albania,Kukes,9,5,11,SSE,5.0,94,52,1004
2013-01-22,Albania,Kukes,7,5,11,SW,20.8,97,97,1004
2013-01-23,Albania,Kukes,6,-7,10,SW,2.4,90,46,1011
2013-01-24,Albania,Kukes,4,-1,10,SE,19.3,91,63,1004
2013-01-25,Albania,Kukes,7,-1,12,E,6.6,87,64,1001
2013-01-26,Albania,Kukes,1,-2,16,NE,7.7,85,74,1007
2013-01-27,Albania,Kukes,2,-5,10,E,0.4,87,48,1015
2013-01-28,Albania,Kukes,4,-8,7,SSW,0.0,85,47,1016
2013-01-29,Albania,Kukes,-5,-10,6,ENE,0.1,90,31,1022
2013-01-30,Albania,Kukes,8,-1,6,WSW,0.0,86,29,1020
2013-01-31,Albania,Kukes,7,-1,8,SSE,0.7,87,18,1020
2013-02-01,Albania,Kukes,9,1,12,SW,0.0,57,21,1017
2013-02-02,Albania,Kukes,11,1,15,SW,0.0,87,28,1005
2013-02-03,Albania,Kukes,7,-3,9,S,36.2,96,74,1004
2013-02-04,Albania,Kukes,7,-7,6,S,0.9,92,77,1017
2013-02-05,Albania,Kukes,10,-7,8,SE,0.0,76,30,1016
2013-02-06,Albania,Kukes,6,-8,11,SSW,3.8,78,45,1005
2013-02-07,Albania,Kukes,5,1,9,SSE,32.3,87,91,999
2013-02-08,Albania,Kukes,0,-6,12,NE,9.4,86,72,1004
2013-02-09,Albania,Kukes,4,-11,7,SE,14.3,88,75,1008
2013-02-10,Albania,Kukes,0,-9,9,WSW,9.4,85,61,1011
2013-02-11,Albania,Kukes,3,-9,8,SW,1.2,81,39,1015
2013-02-12,Albania,Kukes,5,0,11,SE,11.5,94,77,1013
2013-02-13,Albania,Kukes,5,-7,9,ESE,9.5,93,83,1010
2013-02-14,Albania,Kukes,5,-7,11,NE,2.2,92,72,1013
2013-02-15,Albania,Kukes,6,-1,9,NE,1.1,91,68,1015
2013-02-16,Albania,Kukes,5,-2,9,NE,1.0,90,64,1018
2013-02-17,Albania,Kukes,3,-10,10,NE,2.4,90,64,1018
2013-02-18,Albania,Kukes,0,-8,4,SE,26.2,96,98,1017
2013-02-19,Albania,Kukes,3,-8,7,NE,26.8,96,79,1013
2013-02-20,Albania,Kukes,6,-6,7,SW,0.0,87,37,1015
2013-02-21,Albania,Kukes,4,-10,8,SE,9.1,90,68,1012
2013-02-22,Albania,Kukes,7,3,6,ESE,9.5,95,57,1005
2013-02-23,Albania,Kukes,9,-5,10,SSE,3.5,93,54,1009
2013-02-24,Albania,Kukes,9,-3,14,SE,22.7,95,81,1012
2013-02-25,Albania,Kukes,8,-4,6,ESE,67.2,96,88,1015
2013-02-26,Albania,Kukes,9,-3,3,WSW,25.7,91,81,1015
2013-02-27,Albania,Kukes,7,2,11,NNE,11.4,94,81,1018
2013-02-28,Albania,Kukes,6,1,9,ENE,0.1,82,39,1023
2013-03-01,Albania,Kukes,9,-3,4,SSW,0.0,83,5,1019
2013-03-02,Albania,Kukes,5,-6,10,ENE,0.0,87,48,1017
2013-03-03,Albania,Kukes,8,-12,10,ENE,0.0,81,12,1017
2013-03-04,Albania,Kukes,8,-13,8,ENE,0.0,73,0,1021
2013-03-05,Albania,Kukes,11,-2,8,ESE,0.0,71,4,1026
2013-03-06,Albania,Kukes,10,4,9,SSE,1.3,83,60,1022
2013-03-07,Albania,Kukes,7,-3,8,SSE,17.3,92,81,1014
2013-03-08,Albania,Kukes,10,-3,9,SW,9.2,96,89,1010
2013-03-09,Albania,Kukes,10,-1,11,SW,25.8,95,86,1007
2013-03-10,Albania,Kukes,4,-3,12,SW,1.8,94,87,1006
2013-03-11,Albania,Kukes,11,2,13,SW,13.7,92,77,1002
2013-03-12,Albania,Kukes,9,2,11,SW,4.6,93,82,1002
2013-03-13,Albania,Kukes,10,0,11,SSW,6.8,87,64,1001
2013-03-14,Albania,Kukes,8,-3,12,SSE,75.9,95,89,989
2013-03-15,Albania,Kukes,3,-6,10,S,20.0,93,90,998
2013-03-16,Albania,Kukes,3,-5,12,NE,0.4,62,44,1015
2013-03-17,Albania,Kukes,6,-5,7,SSE,0.0,57,18,1021
2013-03-18,Albania,Kukes,5,-7,13,S,6.8,85,66,1014
2013-03-19,Albania,Kukes,9,4,16,SW,10.4,91,60,1007
2013-03-20,Albania,Kukes,15,-1,6,SSW,0.0,68,11,1010
2013-03-21,Albania,Kukes,8,-3,10,SW,29.8,93,81,1004
2013-03-22,Albania,Kukes,6,-9,8,SW,2.2,66,5,1010
2013-03-23,Albania,Kukes,11,-10,7,S,0.0,50,5,1015
2013-03-24,Albania,Kukes,16,-3,6,S,0.0,51,12,1012
2013-03-25,Albania,Kukes,12,4,12,ESE,13.8,87,60,1003
2013-03-26,Albania,Kukes,8,-2,10,SSW,20.1,95,83,1000
2013-03-27,Albania,Kukes,10,-2,9,SSW,22.7,91,74,1005
2013-03-28,Albania,Kukes,12,-6,3,S,7.7,86,65,1014
2013-03-29,Albania,Kukes,12,-2,10,SSW,27.8,95,69,1013
2013-03-30,Albania,Kukes,16,-2,10,SSW,0.4,74,25,1008
2013-03-31,Albania,Kukes,11,2,15,SSW,17.1,89,65,1004
2013-04-01,Albania,Kukes,13,2,11,SW,1.7,84,49,1008
2013-04-02,Albania,Kukes,11,1,8,SSE,30.7,93,69,1005
2013-04-03,Albania,Kukes,12,-3,6,WSW,9.5,85,53,1002
2013-04-04,Albania,Kukes,12,-3,12,SW,3.7,84,48,1010
2013-04-05,Albania,Kukes,9,-2,9,SSE,15.2,90,72,1007
2013-04-06,Albania,Kukes,16,2,9,SW,1.2,81,44,1008
2013-04-07,Albania,Kukes,7,4,19,NE,19.8,92,87,1004
2013-04-08,Albania,Kukes,10,-6,9,ENE,7.1,89,78,1008
2013-04-09,Albania,Kukes,10,-4,10,SW,5.0,92,85,1013
2013-04-10,Albania,Kukes,14,5,13,SW,1.0,88,64,1014
2013-04-11,Albania,Kukes,16,3,7,WSW,0.1,83,22,1016
2013-04-12,Albania,Kukes,19,6,10,SW,0.0,71,15,1016
2013-04-13,Albania,Kukes,19,3,11,SW,0.4,77,27,1019
2013-04-14,Albania,Kukes,17,-1,12,NE,1.2,71,37,1024
2013-04-15,Albania,Kukes,13,-5,13,NNE,0.0,64,10,1023
2013-04-16,Albania,Kukes,14,-1,13,NE,0.2,70,13,1022
2013-04-17,Albania,Kukes,17,1,13,NE,0.0,62,9,1022
2013-04-18,Albania,Kukes,14,1,11,NNE,0.0,63,13,1019
2013-04-19,Albania,Kukes,16,6,13,NE,0.2,59,19,1017
2013-04-20,Albania,Kukes,18,0,10,NNE,0.3,62,18,1017
2013-04-21,Albania,Kukes,20,-3,6,SE,0.0,57,14,1016
2013-04-22,Albania,Kukes,15,1,5,WSW,9.1,77,56,1015
2013-04-23,Albania,Kukes,18,1,4,WSW,5.1,81,50,1022
2013-04-24,Albania,Kukes,22,9,6,E,0.1,67,10,1026
2013-04-25,Albania,Kukes,24,1,5,S,0.0,59,4,1024
2013-04-26,Albania,Kukes,25,2,5,SSW,0.0,55,8,1018
2013-04-27,Albania,Kukes,22,3,9,SW,0.0,50,14,1013
2013-04-28,Albania,Kukes,23,1,9,WSW,0.0,52,5,1016
2013-04-29,Albania,Kukes,26,1,3,SSE,0.0,56,8,1020
2013-04-30,Albania,Kukes,28,7,4,SSW,0.7,59,14,1021
2013-05-01,Albania,Kukes,28,5,6,ENE,3.6,62,13,1019
2013-05-02,Albania,Kukes,28,14,4,SSE,17.7,68,16,1015
2013-05-03,Albania,Kukes,24,14,6,WSW,2.7,69,18,1013
2013-05-04,Albania,Kukes,24,10,6,NE,1.2,66,8,1015
2013-05-05,Albania,Kukes,25,2,6,ESE,7.4,63,16,1017
2013-05-06,Albania,Kukes,21,5,6,ESE,45.2,77,36,1017
2013-05-07,Albania,Kukes,19,4,8,SE,59.2,88,51,1015
2013-05-08,Albania,Kukes,17,2,7,NE,28.6,86,53,1014
2013-05-09,Albania,Kukes,16,2,10,ENE,2.6,86,57,1014
2013-05-10,Albania,Kukes,25,9,5,SSE,1.9,76,24,1013
2013-05-11,Albania,Kukes,22,0,6,WSW,15.6,78,31,1010
2013-05-12,Albania,Kukes,15,2,6,SSW,44.6,91,83,1007
2013-05-13,Albania,Kukes,12,-1,11,NNE,26.3,93,84,1010
2013-05-14,Albania,Kukes,19,-3,10,NE,0.1,74,35,1013
2013-05-15,Albania,Kukes,20,-3,7,SSW,0.0,67,7,1011
2013-05-16,Albania,Kukes,17,-1,9,S,2.3,71,27,1010
2013-05-17,Albania,Kukes,22,1,11,SSW,0.5,75,27,1009
2013-05-18,Albania,Kukes,23,4,13,SW,0.2,68,33,1016
2013-05-19,Albania,Kukes,26,1,8,SW,0.0,58,12,1014
2013-05-20,Albania,Kukes,22,5,12,WSW,0.1,73,31,1016
2013-05-21,Albania,Kukes,25,1,7,WSW,0.1,53,4,1015
2013-05-22,Albania,Kukes,23,2,8,SSW,6.3,70,38,1008
2013-05-23,Albania,Kukes,16,9,11,SSW,10.0,94,82,999
2013-05-24,Albania,Kukes,16,-1,13,SW,4.0,89,72,1008
2013-05-25,Albania,Kukes,12,1,14,SW,12.3,94,83,1011
2013-05-26,Albania,Kukes,10,0,14,SW,5.7,88,73,1012
2013-05-27,Albania,Kukes,16,3,12,SW,0.0,70,30,1015
2013-05-28,Albania,Kukes,19,5,6,S,0.1,57,34,1012
2013-05-29,Albania,Kukes,24,0,10,S,5.3,71,16,1005
2013-05-30,Albania,Kukes,15,1,13,SW,1.7,84,55,1006
2013-05-31,Albania,Kukes,15,1,14,SW,2.0,78,44,1007
2013-06-01,Albania,Kukes,15,0,11,SW,4.7,91,74,1008
2013-06-02,Albania,Kukes,18,-4,7,WSW,2.9,83,56,1008
2013-06-03,Albania,Kukes,17,-1,7,WSW,5.1,83,48,1013
2013-06-04,Albania,Kukes,17,0,5,S,9.3,91,70,1013
2013-06-05,Albania,Kukes,18,2,5,WSW,6.6,86,59,1015
2013-06-06,Albania,Kukes,19,5,4,WSW,3.2,84,51,1017
2013-06-07,Albania,Kukes,22,6,5,E,7.1,80,30,1015
2013-06-08,Albania,Kukes,21,0,7,ESE,3.5,80,27,1013
2013-06-09,Albania,Kukes,24,0,5,S,1.1,76,13,1014
2013-06-10,Albania,Kukes,23,5,7,WSW,1.4,70,19,1012
2013-06-11,Albania,Kukes,21,0,4,SSW,18.7,76,15,1009
2013-06-12,Albania,Kukes,16,2,12,NNE,10.5,91,68,1011
2013-06-13,Albania,Kukes,20,8,13,NE,3.7,85,67,1014
2013-06-14,Albania,Kukes,24,1,9,NE,1.2,75,26,1015
2013-06-15,Albania,Kukes,25,2,6,SSE,0.0,69,6,1016
2013-06-16,Albania,Kukes,28,7,6,ENE,0.0,60,4,1017
2013-06-17,Albania,Kukes,29,4,8,NE,0.0,57,5,1017
2013-06-18,Albania,Kukes,31,5,6,NE,0.5,59,5,1017
2013-06-19,Albania,Kukes,31,6,7,NE,0.2,58,3,1016
2013-06-20,Albania,Kukes,32,7,6,NE,0.5,57,4,1016
2013-06-21,Albania,Kukes,32,8,4,ESE,0.0,57,3,1015
2013-06-22,Albania,Kukes,32,10,3,WSW,0.5,59,2,1014
2013-06-23,Albania,Kukes,28,8,7,WSW,1.4,61,30,1013
2013-06-24,Albania,Kukes,29,5,8,WSW,0.1,63,3,1011
2013-06-25,Albania,Kukes,24,7,10,SW,0.0,69,11,1013
2013-06-26,Albania,Kukes,19,2,13,NE,0.3,80,53,1017
2013-06-27,Albania,Kukes,21,0,10,NE,0.1,75,33,1018
2013-06-28,Albania,Kukes,24,-2,5,SW,0.1,66,9,1016
2013-06-29,Albania,Kukes,20,-1,6,ESE,16.2,82,44,1014
2013-06-30,Albania,Kukes,21,-1,12,ESE,2.1,70,34,1014
2013-07-01,Albania,Kukes,23,-1,9,NNE,0.0,59,5,1018
2013-07-02,Albania,Kukes,26,-1,6,NE,0.0,56,9,1018
2013-07-03,Albania,Kukes,26,1,6,ESE,0.0,59,10,1016
2013-07-04,Albania,Kukes,25,3,6,ENE,11.7,64,31,1015
2013-07-05,Albania,Kukes,25,3,12,NNE,1.3,67,16,1016
2013-07-06,Albania,Kukes,23,3,13,NE,4.9,78,28,1017
2013-07-07,Albania,Kukes,23,3,11,ENE,5.3,76,25,1019
2013-07-08,Albania,Kukes,24,3,11,NE,2.0,77,19,1020
2013-07-09,Albania,Kukes,23,3,8,ENE,11.6,82,38,1018
2013-07-10,Albania,Kukes,24,4,7,E,14.2,81,44,1013
2013-07-11,Albania,Kukes,24,3,5,SSE,23.5,82,23,1012
2013-07-12,Albania,Kukes,23,4,9,NE,12.0,82,30,1015
2013-07-13,Albania,Kukes,26,3,9,NE,0.0,67,13,1017
2013-07-14,Albania,Kukes,25,3,9,NE,0.8,63,15,1016
2013-07-15,Albania,Kukes,26,2,10,NE,0.1,67,17,1016
2013-07-16,Albania,Kukes,21,3,12,NE,1.1,76,26,1018
2013-07-17,Albania,Kukes,24,0,12,NE,0.0,69,15,1019
2013-07-18,Albania,Kukes,26,3,9,NE,0.0,64,10,1019
2013-07-19,Albania,Kukes,26,4,6,ESE,4.4,70,27,1017
2013-07-20,Albania,Kukes,27,5,8,NNE,1.8,66,15,1014
2013-07-21,Albania,Kukes,27,5,10,NE,3.5,71,18,1015
2013-07-22,Albania,Kukes,25,6,11,NE,0.0,64,12,1015
2013-07-23,Albania,Kukes,28,2,7,E,0.0,54,2,1014
2013-07-24,Albania,Kukes,29,3,5,SSE,0.0,57,5,1015
2013-07-25,Albania,Kukes,28,4,5,SE,1.3,58,9,1016
2013-07-26,Albania,Kukes,29,6,9,NE,0.1,61,14,1015
2013-07-27,Albania,Kukes,31,7,10,NE,0.0,60,7,1015
2013-07-28,Albania,Kukes,32,10,6,NE,0.0,55,4,1017
2013-07-29,Albania,Kukes,34,8,4,SW,0.0,56,2,1017
2013-07-30,Albania,Kukes,30,9,7,SSW,1.3,64,13,1013
2013-07-31,Albania,Kukes,26,12,14,NE,0.0,70,28,1014
2013-08-01,Albania,Kukes,27,4,12,NE,0.0,61,6,1016
2013-08-02,Albania,Kukes,29,5,10,NE,0.0,57,5,1017
2013-08-03,Albania,Kukes,30,6,9,NE,0.0,51,1,1017
2013-08-04,Albania,Kukes,30,7,10,NE,0.0,45,2,1017
2013-08-05,Albania,Kukes,30,7,11,NE,0.0,47,5,1017
2013-08-06,Albania,Kukes,31,10,10,NE,0.0,49,3,1016
2013-08-07,Albania,Kukes,32,7,8,NE,0.0,52,5,1015
2013-08-08,Albania,Kukes,32,8,8,ENE,0.0,52,2,1016
2013-08-09,Albania,Kukes,32,7,4,S,0.0,52,5,1013
2013-08-10,Albania,Kukes,27,9,9,ENE,6.9,61,18,1010
2013-08-11,Albania,Kukes,27,6,11,NE,0.3,71,27,1013
2013-08-12,Albania,Kukes,28,5,8,NE,0.1,61,22,1016
2013-08-13,Albania,Kukes,30,8,5,SSW,0.2,56,19,1015
2013-08-14,Albania,Kukes,29,5,7,ENE,8.7,63,23,1014
2013-08-15,Albania,Kukes,25,6,12,NE,12.1,80,33,1017
2013-08-16,Albania,Kukes,26,5,10,ENE,21.7,79,26,1018
2013-08-17,Albania,Kukes,28,5,7,NE,8.6,71,22,1016
2013-08-18,Albania,Kukes,28,6,7,E,2.4,63,13,1017
2013-08-19,Albania,Kukes,30,6,6,NE,0.4,55,6,1016
2013-08-20,Albania,Kukes,28,7,5,NE,9.8,57,18,1014
2013-08-21,Albania,Kukes,26,5,14,NE,3.2,73,26,1016
2013-08-22,Albania,Kukes,24,6,10,NE,2.2,75,35,1015
2013-08-23,Albania,Kukes,27,4,6,SE,1.8,65,15,1015
2013-08-24,Albania,Kukes,25,5,8,WSW,1.5,67,11,1014
2013-08-25,Albania,Kukes,26,3,7,SW,1.6,69,9,1012
2013-08-26,Albania,Kukes,26,5,9,SW,0.2,72,8,1013
2013-08-27,Albania,Kukes,23,6,6,SSW,14.0,88,62,1013
2013-08-28,Albania,Kukes,25,7,13,SW,3.5,82,34,1012
2013-08-29,Albania,Kukes,24,3,6,W,0.0,70,11,1016
2013-08-30,Albania,Kukes,22,4,9,NE,0.5,73,36,1017
2013-08-31,Albania,Kukes,23,5,11,NE,0.0,65,18,1018
2013-09-01,Albania,Kukes,24,2,6,NE,0.1,61,24,1018
2013-09-02,Albania,Kukes,23,5,7,NE,2.0,61,32,1020
2013-09-03,Albania,Kukes,23,1,7,SSE,0.2,65,19,1021
2013-09-04,Albania,Kukes,23,2,11,NE,0.0,59,3,1022
2013-09-05,Albania,Kukes,27,2,5,SSW,0.0,58,3,1018
2013-09-06,Albania,Kukes,24,1,7,NE,0.0,56,6,1015
2013-09-07,Albania,Kukes,25,2,8,NE,0.0,53,6,1018
2013-09-08,Albania,Kukes,26,2,8,NE,0.0,42,3,1021
2013-09-09,Albania,Kukes,28,13,8,SSW,0.3,44,34,1020
2013-09-10,Albania,Kukes,24,5,8,SW,1.1,71,32,1018
2013-09-11,Albania,Kukes,23,7,12,SW,3.4,83,31,1016
2013-09-12,Albania,Kukes,20,5,11,SW,2.8,81,38,1014
2013-09-13,Albania,Kukes,17,5,7,WSW,9.3,86,62,1016
2013-09-14,Albania,Kukes,19,0,8,WNW,0.1,69,9,1019
2013-09-15,Albania,Kukes,21,0,8,WSW,0.0,61,5,1016
2013-09-16,Albania,Kukes,19,7,7,SW,13.2,88,72,1008
2013-09-17,Albania,Kukes,17,1,13,SW,2.8,88,77,1005
2013-09-18,Albania,Kukes,18,1,9,SSE,0.5,71,32,1007
2013-09-19,Albania,Kukes,19,0,11,S,0.6,66,28,1009
2013-09-20,Albania,Kukes,19,-1,10,NE,0.0,70,25,1015
2013-09-21,Albania,Kukes,19,-1,11,NE,0.0,62,7,1020
2013-09-22,Albania,Kukes,16,-2,14,NE,0.4,73,24,1022
2013-09-23,Albania,Kukes,19,-3,8,ESE,0.0,66,10,1019
2013-09-24,Albania,Kukes,23,-2,5,SSW,0.0,64,2,1016
2013-09-25,Albania,Kukes,22,1,9,SW,0.0,60,0,1016
2013-09-26,Albania,Kukes,21,1,10,WSW,0.0,57,3,1016
2013-09-27,Albania,Kukes,21,0,4,SW,3.0,77,13,1015
2013-09-28,Albania,Kukes,22,1,6,WSW,0.3,76,13,1015
2013-09-29,Albania,Kukes,23,7,9,SW,1.8,75,36,1013
2013-09-30,Albania,Kukes,16,6,10,SSW,64.1,97,92,1005
2013-10-01,Albania,Kukes,13,3,9,ESE,5.2,92,71,1005
2013-10-02,Albania,Kukes,13,-2,11,NE,0.6,82,42,1014
2013-10-03,Albania,Kukes,11,-6,12,ENE,0.0,69,18,1025
2013-10-04,Albania,Kukes,11,-9,11,ENE,0.0,60,1,1029
2013-10-05,Albania,Kukes,18,-5,7,S,0.0,41,11,1025
2013-10-06,Albania,Kukes,18,5,5,SE,0.0,58,24,1024
2013-10-07,Albania,Kukes,14,4,8,ESE,6.8,88,52,1025
2013-10-08,Albania,Kukes,17,0,7,ESE,1.2,88,59,1024
2013-10-09,Albania,Kukes,18,2,7,S,6.2,90,49,1020
2013-10-10,Albania,Kukes,17,2,11,SW,1.1,86,49,1017
2013-10-11,Albania,Kukes,19,1,9,SSW,2.8,81,32,1019
2013-10-12,Albania,Kukes,21,4,7,WSW,0.3,81,34,1022
2013-10-13,Albania,Kukes,22,3,5,SW,0.4,76,9,1022
2013-10-14,Albania,Kukes,20,3,7,WSW,2.6,78,18,1020
2013-10-15,Albania,Kukes,18,5,10,WSW,4.9,86,57,1018
2013-10-16,Albania,Kukes,16,7,13,SSW,7.8,91,86,1008
2013-10-17,Albania,Kukes,12,-1,10,SSE,2.4,80,41,1010
2013-10-18,Albania,Kukes,15,-4,8,NNE,0.0,70,11,1018
2013-10-19,Albania,Kukes,16,-4,5,ENE,0.0,57,11,1025
2013-10-20,Albania,Kukes,16,-1,8,SW,0.0,50,8,1028
2013-10-21,Albania,Kukes,20,2,6,SW,0.0,56,4,1025
2013-10-22,Albania,Kukes,19,-1,3,ESE,0.0,70,5,1023
2013-10-23,Albania,Kukes,20,1,4,E,0.0,67,4,1023
2013-10-24,Albania,Kukes,23,4,3,S,0.0,68,6,1023
2013-10-25,Albania,Kukes,19,1,4,E,0.0,67,21,1022
2013-10-26,Albania,Kukes,19,2,3,SSE,0.0,65,1,1022
2013-10-27,Albania,Kukes,17,-1,7,SW,0.0,70,3,1021
2013-10-28,Albania,Kukes,21,1,5,S,0.0,70,4,1020
2013-10-29,Albania,Kukes,20,8,6,S,0.0,61,0,1018
2013-10-30,Albania,Kukes,18,4,5,ENE,0.0,56,56,1018
2013-10-31,Albania,Kukes,16,6,9,ENE,0.0,77,18,1022
2013-11-01,Albania,Kukes,19,11,4,ESE,0.0,79,19,1022
2013-11-02,Albania,Kukes,15,0,9,SW,0.0,79,10,1020
2013-11-03,Albania,Kukes,16,0,12,SW,0.0,86,50,1018
2013-11-04,Albania,Kukes,18,4,10,SW,0.1,82,52,1013
2013-11-05,Albania,Kukes,15,2,11,S,3.6,84,44,1004
2013-11-06,Albania,Kukes,14,9,7,SE,4.3,91,61,1004
2013-11-07,Albania,Kukes,15,0,5,SE,0.0,66,5,1017
2013-11-08,Albania,Kukes,15,2,9,SW,0.0,59,2,1020
2013-11-09,Albania,Kukes,15,7,9,SW,0.0,65,25,1018
2013-11-10,Albania,Kukes,14,5,11,SW,5.0,91,84,1012
2013-11-11,Albania,Kukes,16,2,12,ESE,13.0,90,71,1008
2013-11-12,Albania,Kukes,14,4,14,ENE,6.1,93,91,1018
2013-11-13,Albania,Kukes,13,3,12,ENE,3.1,90,75,1018
2013-11-14,Albania,Kukes,10,-1,13,ENE,1.6,88,74,1016
2013-11-15,Albania,Kukes,10,-2,11,ENE,1.6,89,62,1019
2013-11-16,Albania,Kukes,10,-2,11,ENE,0.5,88,53,1023
2013-11-17,Albania,Kukes,9,5,8,ENE,0.0,86,33,1023
2013-11-18,Albania,Kukes,15,5,7,ESE,0.0,78,14,1020
2013-11-19,Albania,Kukes,12,2,11,SE,6.8,85,52,1015
2013-11-20,Albania,Kukes,13,1,11,S,5.4,89,53,1009
2013-11-21,Albania,Kukes,10,6,10,SSW,3.2,88,50,1006
2013-11-22,Albania,Kukes,13,3,6,SSW,0.0,81,17,1007
2013-11-23,Albania,Kukes,9,-1,10,SSE,27.9,92,79,1006
2013-11-24,Albania,Kukes,7,4,6,SSE,13.8,89,71,1006
2013-11-25,Albania,Kukes,7,1,9,E,20.1,93,80,1008
2013-11-26,Albania,Kukes,1,-9,13,NE,21.8,93,90,1011
2013-11-27,Albania,Kukes,2,-6,9,NE,18.0,89,65,1020
2013-11-28,Albania,Kukes,5,-4,5,SSE,0.2,87,20,1029
2013-11-29,Albania,Kukes,2,-12,5,SE,0.0,81,5,1025
2013-11-30,Albania,Kukes,5,-8,10,ESE,10.1,88,43,1020
2013-12-01,Albania,Kukes,4,-4,15,E,27.1,98,98,1019
2013-12-02,Albania,Kukes,4,-6,15,ENE,1.9,97,89,1024
2013-12-03,Albania,Kukes,1,-4,16,ENE,0.0,94,52,1029
2013-12-04,Albania,Kukes,0,-12,10,E,0.0,77,17,1025
2013-12-05,Albania,Kukes,7,-2,7,E,0.0,68,19,1022
2013-12-06,Albania,Kukes,8,2,12,S,0.9,74,40,1016
2013-12-07,Albania,Kukes,3,-2,11,NE,3.6,74,18,1023
2013-12-08,Albania,Kukes,8,-1,3,SSW,0.0,59,7,1031
2013-12-09,Albania,Kukes,5,-1,10,SW,0.0,80,23,1030
2013-12-10,Albania,Kukes,7,-2,12,E,0.0,91,46,1030
2013-12-11,Albania,Kukes,3,-4,11,ENE,0.0,74,12,1037
2013-12-12,Albania,Kukes,7,-4,8,NE,0.0,70,3,1030
2013-12-13,Albania,Kukes,4,-10,7,ENE,0.0,76,2,1025
2013-12-14,Albania,Kukes,11,1,5,SSE,0.0,69,0,1026
2013-12-15,Albania,Kukes,7,1,7,E,0.0,87,21,1031
2013-12-16,Albania,Kukes,3,-4,12,ENE,0.0,86,25,1034
2013-12-17,Albania,Kukes,1,-11,12,ENE,0.0,80,6,1034
2013-12-18,Albania,Kukes,2,-5,9,E,0.0,72,0,1029
2013-12-19,Albania,Kukes,2,-9,7,S,0.0,46,16,1026
2013-12-20,Albania,Kukes,9,2,6,SW,0.0,62,45,1029
2013-12-21,Albania,Kukes,7,0,6,E,0.0,77,1,1035
2013-12-22,Albania,Kukes,10,2,6,SSE,0.0,74,14,1033
2013-12-23,Albania,Kukes,10,0,3,SSW,0.0,46,30,1028
2013-12-24,Albania,Kukes,4,-4,8,SSE,0.1,48,28,1025
2013-12-25,Albania,Kukes,7,2,9,S,0.1,75,44,1021
2013-12-26,Albania,Kukes,6,-1,12,SSE,2.8,91,60,1012
2013-12-27,Albania,Kukes,6,0,6,E,48.3,97,95,1009
2013-12-28,Albania,Kukes,3,-5,8,E,3.5,95,61,1016
2013-12-29,Albania,Kukes,13,-3,4,S,0.0,88,7,1018
2013-12-30,Albania,Kukes,7,5,9,E,0.0,90,37,1022
2013-12-31,Albania,Kukes,6,0,9,E,0.9,92,84,1022
2014-01-01,Albania,Kukes,9,0,7,E,0.0,89,49,1021
2014-01-02,Albania,Kukes,8,0,5,SSW,0.0,88,32,1020
2014-01-03,Albania,Kukes,6,-3,5,WSW,0.0,90,51,1022
2014-01-04,Albania,Kukes,7,0,7,SSW,0.0,86,14,1024
2014-01-05,Albania,Kukes,11,5,10,S,4.2,91,69,1018
2014-01-06,Albania,Kukes,11,6,8,E,2.5,90,51,1019
2014-01-07,Albania,Kukes,10,1,5,E,0.0,84,5,1024
2014-01-08,Albania,Kukes,6,-6,4,SSE,0.0,70,13,1025
2014-01-09,Albania,Kukes,7,-5,6,SSE,0.0,67,6,1022
2014-01-10,Albania,Kukes,9,-4,10,SSW,0.0,85,15,1021
2014-01-11,Albania,Kukes,12,-2,5,SSW,0.0,84,5,1023
2014-01-12,Albania,Kukes,7,-6,6,SW,0.0,83,30,1022
2014-01-13,Albania,Kukes,8,-6,5,SE,0.0,80,5,1021
2014-01-14,Albania,Kukes,12,-6,7,S,0.0,78,17,1016
2014-01-15,Albania,Kukes,7,2,8,SSE,34.5,92,78,1013
2014-01-16,Albania,Kukes,6,1,6,SSE,1.1,91,59,1016
2014-01-17,Albania,Kukes,10,0,12,SW,0.0,78,12,1020
2014-01-18,Albania,Kukes,10,-5,11,SW,0.0,89,49,1019
2014-01-19,Albania,Kukes,9,-4,10,S,4.8,86,46,1015
2014-01-20,Albania,Kukes,11,3,11,S,0.3,78,41,1008
2014-01-21,Albania,Kukes,5,3,10,S,15.6,89,90,1006
2014-01-22,Albania,Kukes,8,2,6,W,30.1,94,94,1011
2014-01-23,Albania,Kukes,7,2,8,WSW,8.8,91,74,1017
2014-01-24,Albania,Kukes,6,-5,8,SSE,11.2,92,87,1010
2014-01-25,Albania,Kukes,2,-4,11,ENE,8.9,94,89,1002
2014-01-26,Albania,Kukes,-2,-13,14,NE,0.0,84,61,1006
2014-01-27,Albania,Kukes,-1,-9,8,ESE,0.0,82,29,1005
2014-01-28,Albania,Kukes,1,-10,9,ESE,8.9,88,74,1000
2014-01-29,Albania,Kukes,1,-8,10,SW,6.6,91,51,1007
2014-01-30,Albania,Kukes,5,-8,10,SE,0.0,85,44,1021
2014-01-31,Albania,Kukes,6,-1,12,ESE,0.2,95,62,1024
2014-02-01,Albania,Kukes,5,-9,13,ESE,2.9,93,66,1023
2014-02-02,Albania,Kukes,3,-9,15,E,0.7,86,54,1018
2014-02-03,Albania,Kukes,0,-12,14,E,0.0,79,1,1020
2014-02-04,Albania,Kukes,3,-12,10,ESE,6.1,86,32,1023
2014-02-05,Albania,Kukes,9,1,7,S,5.8,89,52,1020
2014-02-06,Albania,Kukes,5,-2,9,SE,15.8,94,60,1016
2014-02-07,Albania,Kukes,4,-8,10,SSW,0.0,86,11,1019
2014-02-08,Albania,Kukes,6,-6,12,SW,5.5,90,46,1015
2014-02-09,Albania,Kukes,7,-5,14,SW,23.4,98,99,1011
2014-02-10,Albania,Kukes,6,-8,10,SW,3.8,82,48,1014
2014-02-11,Albania,Kukes,10,-5,11,S,0.0,71,7,1013
2014-02-12,Albania,Kukes,10,-3,10,S,12.5,90,62,1009
2014-02-13,Albania,Kukes,9,-4,9,WSW,0.8,88,57,1012
2014-02-14,Albania,Kukes,8,-5,9,S,0.3,86,60,1011
2014-02-15,Albania,Kukes,10,-7,7,SE,0.0,82,34,1019
2014-02-16,Albania,Kukes,9,4,11,SW,0.0,67,6,1020
2014-02-17,Albania,Kukes,16,-3,11,SW,0.0,76,6,1021
2014-02-18,Albania,Kukes,10,-2,10,SW,0.0,66,66,1023
2014-02-19,Albania,Kukes,13,4,10,SW,0.0,60,17,1021
2014-02-20,Albania,Kukes,13,-2,7,SSW,0.0,62,20,1017
2014-02-21,Albania,Kukes,13,0,3,E,0.4,68,48,1013
2014-02-22,Albania,Kukes,12,-3,6,SW,2.7,87,62,1013
2014-02-23,Albania,Kukes,8,-4,8,SSE,2.2,80,52,1016
2014-02-24,Albania,Kukes,5,-5,12,NE,8.5,87,67,1018
2014-02-25,Albania,Kukes,10,-5,5,ESE,0.0,74,24,1020
2014-02-26,Albania,Kukes,10,-5,5,WSW,0.0,71,10,1022
2014-02-27,Albania,Kukes,11,0,6,WSW,0.0,74,27,1022
2014-02-28,Albania,Kukes,8,-7,5,SW,4.8,89,64,1016
2014-03-01,Albania,Kukes,11,1,7,SE,0.4,81,54,1008
2014-03-02,Albania,Kukes,6,3,8,S,27.1,92,76,1000
2014-03-03,Albania,Kukes,6,-7,7,ENE,1.7,80,37,999
2014-03-04,Albania,Kukes,10,-7,4,ESE,9.0,83,51,999
2014-03-05,Albania,Kukes,11,-4,6,NNE,18.3,86,64,1005
2014-03-06,Albania,Kukes,7,-6,12,NE,4.5,87,69,1014
2014-03-07,Albania,Kukes,6,-6,14,NE,6.3,88,74,1019
2014-03-08,Albania,Kukes,8,3,17,NE,5.4,87,73,1021
2014-03-09,Albania,Kukes,8,-5,19,NE,4.6,78,50,1023
2014-03-10,Albania,Kukes,-3,-9,17,NE,3.8,80,74,1021
2014-03-11,Albania,Kukes,1,-10,13,NE,2.9,67,39,1022
2014-03-12,Albania,Kukes,12,-1,10,NE,0.0,60,8,1026
2014-03-13,Albania,Kukes,13,-8,8,ENE,0.0,63,2,1027
2014-03-14,Albania,Kukes,16,-6,4,SSE,0.0,59,0,1024
2014-03-15,Albania,Kukes,13,-2,11,WSW,0.0,69,13,1017
2014-03-16,Albania,Kukes,15,1,7,SSW,0.0,68,18,1014
2014-03-17,Albania,Kukes,17,-3,6,SSE,0.0,62,11,1018
2014-03-18,Albania,Kukes,18,-5,6,WSW,0.0,64,4,1019
2014-03-19,Albania,Kukes,16,-2,13,S,0.0,65,6,1020
2014-03-20,Albania,Kukes,14,-5,11,ENE,0.0,67,2,1025
2014-03-21,Albania,Kukes,17,-4,7,S,0.0,65,3,1023
2014-03-22,Albania,Kukes,17,6,10,WSW,0.0,74,12,1018
2014-03-23,Albania,Kukes,17,7,11,SW,0.4,73,31,1013
2014-03-24,Albania,Kukes,8,1,9,ESE,4.0,81,59,1012
2014-03-25,Albania,Kukes,7,2,9,ESE,2.2,84,67,1013
2014-03-26,Albania,Kukes,8,0,8,SSE,2.1,83,62,1013
2014-03-27,Albania,Kukes,9,1,7,ESE,22.3,92,61,1011
2014-03-28,Albania,Kukes,13,-1,7,ENE,2.7,80,42,1010
2014-03-29,Albania,Kukes,15,2,12,NE,0.2,76,35,1018
2014-03-30,Albania,Kukes,18,-5,6,SSW,0.0,70,4,1018
2014-03-31,Albania,Kukes,17,-4,5,WNW,0.3,71,12,1013
2014-04-01,Albania,Kukes,19,5,6,W,1.8,79,43,1013
2014-04-02,Albania,Kukes,16,1,5,W,8.3,81,50,1013
2014-04-03,Albania,Kukes,19,6,7,SW,0.5,66,39,1014
2014-04-04,Albania,Kukes,21,8,6,S,0.0,49,20,1011
2014-04-05,Albania,Kukes,16,7,6,SE,15.3,73,47,1009
2014-04-06,Albania,Kukes,14,0,11,NE,10.1,87,64,1013
2014-04-07,Albania,Kukes,17,-2,11,NE,2.6,78,43,1016
2014-04-08,Albania,Kukes,19,-1,7,SSE,0.0,69,10,1018
2014-04-09,Albania,Kukes,15,0,10,S,20.1,74,48,1015
2014-04-10,Albania,Kukes,10,-5,12,NNE,18.3,63,25,1015
2014-04-11,Albania,Kukes,10,-5,5,SE,2.8,60,41,1017
2014-04-12,Albania,Kukes,12,-7,5,SSW,0.0,64,14,1017
2014-04-13,Albania,Kukes,15,-6,4,SSW,0.1,67,36,1016
2014-04-14,Albania,Kukes,17,6,7,SSE,0.2,70,22,1015
2014-04-15,Albania,Kukes,9,-1,12,SE,23.4,89,66,1012
2014-04-16,Albania,Kukes,3,-9,13,NE,58.8,97,93,1010
2014-04-17,Albania,Kukes,10,-5,8,ENE,2.7,79,46,1010
2014-04-18,Albania,Kukes,8,-3,7,W,13.5,93,85,1005
2014-04-19,Albania,Kukes,12,-5,14,WSW,11.4,92,88,1007
2014-04-20,Albania,Kukes,15,-2,7,SW,10.0,87,57,1011
2014-04-21,Albania,Kukes,17,-2,7,SE,0.7,82,38,1011
2014-04-22,Albania,Kukes,21,3,8,SSW,0.7,76,29,1013
2014-04-23,Albania,Kukes,18,3,9,E,9.6,85,75,1012
2014-04-24,Albania,Kukes,18,9,7,SSE,20.3,87,69,1009
2014-04-25,Albania,Kukes,16,7,6,SE,11.2,89,74,1009
2014-04-26,Albania,Kukes,14,1,6,ESE,43.6,94,91,1010
2014-04-27,Albania,Kukes,17,10,4,SSE,23.1,87,64,1008
2014-04-28,Albania,Kukes,14,6,6,SW,10.8,91,76,1005
2014-04-29,Albania,Kukes,13,7,9,SW,13.9,92,80,1007
2014-04-30,Albania,Kukes,16,5,9,WSW,1.7,86,72,1008
2014-05-01,Albania,Kukes,13,2,7,WSW,18.0,93,83,1009
2014-05-02,Albania,Kukes,17,5,5,WSW,5.3,84,54,1009
2014-05-03,Albania,Kukes,12,-2,5,SSW,32.7,92,73,1006
2014-05-04,Albania,Kukes,13,-2,6,SSW,24.8,89,59,1004
2014-05-05,Albania,Kukes,14,-5,12,NE,4.9,76,39,1014
2014-05-06,Albania,Kukes,18,-6,8,ENE,0.2,73,18,1020
2014-05-07,Albania,Kukes,19,5,4,SSW,0.3,72,14,1019
2014-05-08,Albania,Kukes,17,0,6,SSE,10.8,79,45,1016
2014-05-09,Albania,Kukes,19,-1,12,NE,0.2,78,41,1015
2014-05-10,Albania,Kukes,21,-2,9,NNE,0.2,68,12,1015
2014-05-11,Albania,Kukes,21,-1,8,SW,0.5,68,10,1014
2014-05-12,Albania,Kukes,16,5,12,SW,0.6,84,52,1013
2014-05-13,Albania,Kukes,20,2,11,SW,7.6,84,55,1013
2014-05-14,Albania,Kukes,11,2,10,SW,27.6,94,74,1005
2014-05-15,Albania,Kukes,10,-3,13,WSW,16.5,95,97,1007
2014-05-16,Albania,Kukes,11,-1,11,WSW,5.8,92,89,1009
2014-05-17,Albania,Kukes,13,-3,8,WSW,8.0,91,76,1015
2014-05-18,Albania,Kukes,16,-3,8,SW,1.8,84,62,1019
2014-05-19,Albania,Kukes,20,-4,3,SSW,0.6,71,19,1017
2014-05-20,Albania,Kukes,20,7,4,E,13.3,86,58,1018
2014-05-21,Albania,Kukes,24,0,7,E,0.0,70,8,1018
2014-05-22,Albania,Kukes,25,3,6,ESE,0.0,67,7,1017
2014-05-23,Albania,Kukes,24,1,6,SSE,1.5,69,10,1014
2014-05-24,Albania,Kukes,22,5,8,WSW,3.3,73,23,1015
2014-05-25,Albania,Kukes,25,0,4,SSE,4.2,73,9,1016
2014-05-26,Albania,Kukes,23,3,6,SSW,14.0,78,20,1014
2014-05-27,Albania,Kukes,23,1,10,WSW,0.1,70,7,1012
2014-05-28,Albania,Kukes,23,0,10,WSW,0.0,64,18,1011
2014-05-29,Albania,Kukes,20,1,5,SSW,2.4,59,58,1008
2014-05-30,Albania,Kukes,17,2,6,WSW,20.9,88,65,1010
2014-05-31,Albania,Kukes,16,-2,7,NNE,1.9,78,40,1012
2014-06-01,Albania,Kukes,17,-2,5,SSW,7.8,82,48,1013
2014-06-02,Albania,Kukes,20,-1,9,ENE,2.4,75,37,1014
2014-06-03,Albania,Kukes,20,-3,11,ENE,0.3,73,21,1012
2014-06-04,Albania,Kukes,21,0,8,NE,2.4,81,43,1010
2014-06-05,Albania,Kukes,22,-2,6,SSW,1.5,73,14,1014
2014-06-06,Albania,Kukes,24,1,10,NNE,0.0,65,11,1016
2014-06-07,Albania,Kukes,25,2,11,NNE,0.2,69,13,1017
2014-06-08,Albania,Kukes,26,6,12,NE,0.9,72,14,1018
2014-06-09,Albania,Kukes,25,4,12,NE,1.5,70,12,1019
2014-06-10,Albania,Kukes,27,3,10,NE,0.7,64,7,1018
2014-06-11,Albania,Kukes,26,8,10,NNE,3.6,69,12,1017
2014-06-12,Albania,Kukes,27,5,10,NE,0.0,59,3,1017
2014-06-13,Albania,Kukes,25,4,6,NNE,9.7,72,11,1014
2014-06-14,Albania,Kukes,25,2,6,ESE,10.8,78,16,1011
2014-06-15,Albania,Kukes,19,3,7,ENE,9.9,87,64,1012
2014-06-16,Albania,Kukes,21,3,6,SSW,6.5,86,52,1014
2014-06-17,Albania,Kukes,19,7,9,SW,24.1,91,74,1014
2014-06-18,Albania,Kukes,21,5,6,SSW,23.6,89,45,1013
2014-06-19,Albania,Kukes,19,8,6,S,6.0,91,76,1011
2014-06-20,Albania,Kukes,20,8,8,E,5.6,79,38,1011
2014-06-21,Albania,Kukes,21,-2,5,SW,0.9,77,27,1015
2014-06-22,Albania,Kukes,25,-1,5,SE,0.0,69,8,1020
2014-06-23,Albania,Kukes,26,1,6,WSW,0.2,69,5,1021
2014-06-24,Albania,Kukes,27,5,12,SW,0.3,65,9,1017
2014-06-25,Albania,Kukes,26,6,15,SW,0.0,68,15,1013
2014-06-26,Albania,Kukes,26,6,12,SW,0.4,73,32,1012
2014-06-27,Albania,Kukes,23,5,8,ESE,2.5,81,34,1015
2014-06-28,Albania,Kukes,28,1,7,ENE,0.0,61,2,1018
2014-06-29,Albania,Kukes,28,2,5,SSW,0.0,61,4,1015
2014-06-30,Albania,Kukes,22,6,13,SW,3.5,67,27,1012
2014-07-01,Albania,Kukes,25,5,7,ENE,0.0,73,11,1018
2014-07-02,Albania,Kukes,30,9,6,S,0.0,65,6,1020
2014-07-03,Albania,Kukes,26,3,8,SSW,0.0,58,8,1021
2014-07-04,Albania,Kukes,25,0,12,NE,0.0,60,2,1020
2014-07-05,Albania,Kukes,29,3,8,SSW,0.0,51,3,1015
2014-07-06,Albania,Kukes,28,10,4,SW,0.0,59,13,1014
2014-07-07,Albania,Kukes,29,5,4,SSW,2.8,70,9,1016
2014-07-08,Albania,Kukes,30,6,10,SW,0.0,58,8,1013
2014-07-09,Albania,Kukes,24,6,15,SW,0.6,67,16,1009
2014-07-10,Albania,Kukes,22,3,13,SW,0.7,66,25,1007
2014-07-11,Albania,Kukes,20,2,13,SW,3.2,80,59,1006
2014-07-12,Albania,Kukes,22,4,11,WSW,1.7,81,48,1012
2014-07-13,Albania,Kukes,22,2,8,SW,7.3,77,18,1014
2014-07-14,Albania,Kukes,23,1,5,W,4.1,78,35,1013
2014-07-15,Albania,Kukes,23,11,10,NE,15.4,84,63,1013
2014-07-16,Albania,Kukes,24,3,14,NE,0.5,78,44,1014
2014-07-17,Albania,Kukes,25,3,9,NE,4.2,74,22,1015
2014-07-18,Albania,Kukes,23,4,11,NNE,10.9,79,24,1014
2014-07-19,Albania,Kukes,26,4,12,NE,0.8,73,29,1015
2014-07-20,Albania,Kukes,29,5,7,E,0.0,67,8,1015
2014-07-21,Albania,Kukes,28,5,7,SSW,6.2,67,16,1012
2014-07-22,Albania,Kukes,25,5,4,W,24.9,73,30,1008
2014-07-23,Albania,Kukes,23,4,4,SSW,6.9,79,23,1008
2014-07-24,Albania,Kukes,26,9,3,SSW,0.8,77,20,1011
2014-07-25,Albania,Kukes,26,4,5,ENE,13.1,77,17,1013
2014-07-26,Albania,Kukes,28,12,3,SE,2.9,72,17,1013
2014-07-27,Albania,Kukes,25,7,6,SSW,16.7,76,19,1012
2014-07-28,Albania,Kukes,24,10,8,SW,4.9,82,28,1012
2014-07-29,Albania,Kukes,27,4,7,WSW,0.3,73,20,1012
2014-07-30,Albania,Kukes,23,6,6,SSW,13.5,72,13,1010
2014-07-31,Albania,Kukes,22,7,7,WSW,14.6,82,30,1008
2014-08-01,Albania,Kukes,22,2,7,ESE,4.5,84,25,1009
2014-08-02,Albania,Kukes,26,4,8,ENE,1.0,79,33,1011
2014-08-03,Albania,Kukes,27,4,4,SSW,2.5,76,17,1013
2014-08-04,Albania,Kukes,27,4,6,WSW,0.3,69,11,1013
2014-08-05,Albania,Kukes,27,5,6,SSE,7.4,74,13,1011
2014-08-06,Albania,Kukes,24,3,4,SSE,13.2,79,24,1009
2014-08-07,Albania,Kukes,24,4,8,NE,9.1,83,46,1011
2014-08-08,Albania,Kukes,24,6,6,ESE,18.7,83,26,1014
2014-08-09,Albania,Kukes,28,4,4,SSE,0.1,73,11,1016
2014-08-10,Albania,Kukes,29,5,3,SW,1.8,69,9,1016
2014-08-11,Albania,Kukes,31,6,3,SSW,0.3,61,6,1015
2014-08-12,Albania,Kukes,32,9,3,SW,0.0,57,3,1014
2014-08-13,Albania,Kukes,32,8,5,SSW,0.0,54,4,1013
2014-08-14,Albania,Kukes,31,8,9,SW,0.0,48,2,1011
2014-08-15,Albania,Kukes,27,8,10,SW,0.0,67,18,1012
2014-08-16,Albania,Kukes,27,4,6,W,0.0,69,19,1013
2014-08-17,Albania,Kukes,22,4,11,NE,0.3,74,36,1014
2014-08-18,Albania,Kukes,26,0,5,S,0.0,67,5,1015
2014-08-19,Albania,Kukes,27,2,6,SSW,0.0,59,5,1016
2014-08-20,Albania,Kukes,26,5,10,SW,0.0,54,12,1016
2014-08-21,Albania,Kukes,25,6,9,SW,0.6,76,19,1016
2014-08-22,Albania,Kukes,28,6,6,SSW,0.4,73,10,1016
2014-08-23,Albania,Kukes,28,6,8,SW,0.9,71,8,1015
2014-08-24,Albania,Kukes,27,10,12,SW,0.7,71,13,1014
2014-08-25,Albania,Kukes,23,4,8,NE,0.0,72,36,1017
2014-08-26,Albania,Kukes,26,3,9,SSW,0.0,57,3,1015
2014-08-27,Albania,Kukes,27,5,10,SW,0.0,57,7,1012
2014-08-28,Albania,Kukes,25,5,12,NE,0.0,69,23,1015
2014-08-29,Albania,Kukes,26,6,10,ENE,0.0,57,10,1017
2014-08-30,Albania,Kukes,28,6,4,E,7.6,78,25,1016
2014-08-31,Albania,Kukes,26,4,5,SSW,3.8,71,12,1014
2014-09-01,Albania,Kukes,24,5,8,S,2.6,74,18,1008
2014-09-02,Albania,Kukes,20,6,11,ENE,25.7,91,76,1005
2014-09-03,Albania,Kukes,18,6,7,ENE,44.7,95,85,1007
2014-09-04,Albania,Kukes,20,4,4,ESE,8.6,91,73,1011
2014-09-05,Albania,Kukes,20,6,7,NE,6.8,91,65,1011
2014-09-06,Albania,Kukes,21,7,8,NE,4.2,88,72,1009
2014-09-07,Albania,Kukes,21,5,6,NE,9.0,89,72,1012
2014-09-08,Albania,Kukes,21,3,6,NE,8.7,85,44,1015
2014-09-09,Albania,Kukes,22,2,6,NE,2.8,81,26,1016
2014-09-10,Albania,Kukes,25,3,4,S,3.4,77,17,1014
2014-09-11,Albania,Kukes,23,14,7,SSW,8.2,81,32,1013
2014-09-12,Albania,Kukes,23,6,7,SW,5.6,82,36,1014
2014-09-13,Albania,Kukes,21,11,8,SE,0.7,70,53,1015
2014-09-14,Albania,Kukes,21,3,5,SW,7.3,81,18,1014
2014-09-15,Albania,Kukes,20,1,6,SW,0.2,75,11,1015
2014-09-16,Albania,Kukes,19,0,7,NE,0.8,78,32,1015
2014-09-17,Albania,Kukes,19,1,9,NE,1.6,85,61,1016
2014-09-18,Albania,Kukes,20,2,7,ENE,1.3,81,43,1019
2014-09-19,Albania,Kukes,23,2,6,SSW,0.0,69,14,1022
2014-09-20,Albania,Kukes,20,8,10,SW,3.0,79,37,1020
2014-09-21,Albania,Kukes,22,6,11,SW,0.9,85,64,1016
2014-09-22,Albania,Kukes,21,5,11,SW,3.1,85,42,1011
2014-09-23,Albania,Kukes,15,3,10,ENE,11.2,76,40,1013
2014-09-24,Albania,Kukes,19,-4,7,SSE,0.0,63,8,1019
2014-09-25,Albania,Kukes,19,0,9,SW,3.2,73,42,1016
2014-09-26,Albania,Kukes,13,1,12,ENE,24.6,85,65,1016
2014-09-27,Albania,Kukes,14,-4,15,NE,0.3,78,32,1021
2014-09-28,Albania,Kukes,16,-3,13,NE,0.0,80,25,1027
2014-09-29,Albania,Kukes,20,-2,7,ENE,0.0,73,9,1028
2014-09-30,Albania,Kukes,23,9,3,S,0.0,60,0,1025
2014-10-01,Albania,Kukes,21,1,4,ENE,0.0,51,5,1023
2014-10-02,Albania,Kukes,20,1,7,ENE,0.4,55,23,1022
2014-10-03,Albania,Kukes,18,8,9,ENE,10.2,87,63,1021
2014-10-04,Albania,Kukes,18,8,9,ENE,0.2,81,47,1019
2014-10-05,Albania,Kukes,16,3,9,E,0.4,80,43,1018
2014-10-06,Albania,Kukes,12,0,9,ESE,33.2,94,79,1018
2014-10-07,Albania,Kukes,17,2,4,SSW,13.5,90,51,1019
2014-10-08,Albania,Kukes,19,3,7,ENE,0.0,84,34,1021
2014-10-09,Albania,Kukes,21,2,5,ESE,0.0,77,8,1021
2014-10-10,Albania,Kukes,22,2,5,E,0.0,72,2,1020
2014-10-11,Albania,Kukes,22,2,3,S,0.0,63,1,1018
2014-10-12,Albania,Kukes,22,1,4,WNW,0.0,69,2,1017
2014-10-13,Albania,Kukes,21,7,5,WSW,0.0,75,4,1017
2014-10-14,Albania,Kukes,23,10,7,SW,1.3,71,16,1015
2014-10-15,Albania,Kukes,22,14,10,SW,2.9,74,22,1015
2014-10-16,Albania,Kukes,18,5,14,SW,3.2,84,38,1016
2014-10-17,Albania,Kukes,18,4,13,SW,0.2,88,79,1018
2014-10-18,Albania,Kukes,20,8,9,E,0.0,76,35,1023
2014-10-19,Albania,Kukes,18,0,7,E,0.0,75,21,1026
2014-10-20,Albania,Kukes,18,1,3,WSW,0.0,72,2,1022
2014-10-21,Albania,Kukes,17,0,10,SW,0.0,72,12,1015
2014-10-22,Albania,Kukes,15,0,12,S,17.7,90,60,1004
2014-10-23,Albania,Kukes,6,-8,7,ENE,37.9,95,70,1005
2014-10-24,Albania,Kukes,7,-6,13,ENE,5.5,88,70,1011
2014-10-25,Albania,Kukes,6,-6,18,NE,11.7,91,78,1018
2014-10-26,Albania,Kukes,7,-8,14,ENE,0.5,86,55,1023
2014-10-27,Albania,Kukes,8,-8,12,ENE,0.1,82,48,1025
2014-10-28,Albania,Kukes,9,0,10,ENE,0.0,82,38,1023
2014-10-29,Albania,Kukes,11,0,6,ENE,0.1,83,42,1019
2014-10-30,Albania,Kukes,9,-3,9,NE,7.5,90,68,1021
2014-10-31,Albania,Kukes,10,-5,12,ENE,0.4,88,56,1024
2014-11-01,Albania,Kukes,9,-4,10,ENE,0.0,79,26,1025
2014-11-02,Albania,Kukes,11,-6,7,E,0.0,59,4,1023
2014-11-03,Albania,Kukes,12,-3,7,S,0.0,61,2,1022
2014-11-04,Albania,Kukes,15,-3,9,SW,0.0,78,7,1020
2014-11-05,Albania,Kukes,14,-2,8,SSW,0.2,80,22,1019
2014-11-06,Albania,Kukes,19,5,10,SE,2.5,83,35,1020
2014-11-07,Albania,Kukes,16,2,12,SE,7.1,91,64,1017
2014-11-08,Albania,Kukes,16,7,8,E,2.6,88,58,1014
2014-11-09,Albania,Kukes,14,2,4,ENE,7.5,92,71,1015
2014-11-10,Albania,Kukes,17,3,4,SSW,0.0,85,41,1020
2014-11-11,Albania,Kukes,19,-1,5,SSE,0.0,77,25,1020
2014-11-12,Albania,Kukes,16,10,10,SE,3.1,85,54,1013
2014-11-13,Albania,Kukes,14,11,7,E,12.7,91,70,1010
2014-11-14,Albania,Kukes,13,7,10,NE,3.0,92,75,1013
2014-11-15,Albania,Kukes,13,-2,5,SSE,0.1,87,38,1015
2014-11-16,Albania,Kukes,12,9,8,S,7.0,95,65,1013
2014-11-17,Albania,Kukes,11,2,11,SSW,10.0,91,53,1014
2014-11-18,Albania,Kukes,13,5,11,SSW,27.0,87,52,1015
2014-11-19,Albania,Kukes,13,1,10,SW,17.1,92,67,1015
2014-11-20,Albania,Kukes,7,-1,8,E,0.5,80,31,1022
2014-11-21,Albania,Kukes,7,-6,9,NE,0.0,79,5,1023
2014-11-22,Albania,Kukes,7,-2,7,E,0.0,82,18,1026
2014-11-23,Albania,Kukes,7,-1,8,ENE,0.0,74,15,1027
2014-11-24,Albania,Kukes,7,0,8,ENE,0.0,78,10,1025
2014-11-25,Albania,Kukes,5,-2,9,E,0.0,74,31,1024
2014-11-26,Albania,Kukes,4,-1,8,E,0.3,78,45,1021
2014-11-27,Albania,Kukes,7,1,7,ESE,1.5,89,58,1019
2014-11-28,Albania,Kukes,10,4,7,S,0.2,93,66,1020
2014-11-29,Albania,Kukes,13,6,8,SSW,0.5,88,55,1020
2014-11-30,Albania,Kukes,11,8,8,SSW,5.7,96,82,1017
2014-12-01,Albania,Kukes,12,8,8,SSE,0.8,87,42,1013
2014-12-02,Albania,Kukes,11,6,8,SE,7.7,92,71,1009
2014-12-03,Albania,Kukes,9,6,9,E,0.3,94,78,1014
2014-12-04,Albania,Kukes,9,5,7,E,0.6,93,75,1017
2014-12-05,Albania,Kukes,10,6,6,ESE,8.6,92,74,1017
2014-12-06,Albania,Kukes,9,5,7,S,6.1,95,85,1014
2014-12-07,Albania,Kukes,7,3,3,S,2.5,93,78,1013
2014-12-08,Albania,Kukes,4,1,12,NE,0.8,92,83,1011
2014-12-09,Albania,Kukes,2,0,14,NE,3.5,90,77,1010
2014-12-10,Albania,Kukes,2,-1,13,ENE,1.6,88,63,1018
2014-12-11,Albania,Kukes,4,-1,7,E,1.3,90,58,1018
2014-12-12,Albania,Kukes,5,-1,10,ENE,0.0,78,29,1020
2014-12-13,Albania,Kukes,8,0,8,SSW,0.0,57,7,1025
2014-12-14,Albania,Kukes,8,0,7,SW,0.0,61,26,1026
2014-12-15,Albania,Kukes,8,1,8,SSW,0.0,59,46,1025
2014-12-16,Albania,Kukes,9,3,8,S,3.7,85,51,1019
2014-12-17,Albania,Kukes,8,2,8,SW,0.3,90,33,1014
2014-12-18,Albania,Kukes,7,0,5,S,0.0,90,43,1018
2014-12-19,Albania,Kukes,7,-1,4,SSE,0.0,85,12,1024
2014-12-20,Albania,Kukes,7,0,7,SSW,0.0,79,12,1023
2014-12-21,Albania,Kukes,3,-2,13,ESE,1.5,79,31,1026
2014-12-22,Albania,Kukes,5,-3,8,SSE,0.0,61,12,1031
2014-12-23,Albania,Kukes,8,-1,9,SW,0.0,70,4,1028
2014-12-24,Albania,Kukes,8,1,10,SW,0.0,72,0,1026
2014-12-25,Albania,Kukes,7,0,7,SSW,0.0,75,29,1023
2014-12-26,Albania,Kukes,3,-4,10,ESE,5.8,89,63,1017
2014-12-27,Albania,Kukes,-1,-5,9,ESE,0.0,61,18,1016
2014-12-28,Albania,Kukes,-1,-6,13,SE,12.3,84,75,1005
2014-12-29,Albania,Kukes,-4,-12,14,NE,5.1,90,61,1014
2014-12-30,Albania,Kukes,-10,-15,17,NE,0.7,93,60,1023
2014-12-31,Albania,Kukes,-9,-16,21,NE,0.9,95,80,1025
2015-01-01,Albania,Kukes,-6,-18,17,ENE,0.0,89,16,1033
2015-01-02,Albania,Kukes,1,-15,10,ENE,0.0,86,24,1032
2015-01-03,Albania,Kukes,4,-6,9,E,0.0,92,57,1028
2015-01-04,Albania,Kukes,5,-4,15,SE,10.8,92,54,1019
2015-01-05,Albania,Kukes,-1,-12,10,NNE,1.1,86,32,1024
2015-01-06,Albania,Kukes,-4,-9,11,NE,0.4,84,28,1022
2015-01-07,Albania,Kukes,-2,-13,9,ENE,0.0,90,27,1033
2015-01-08,Albania,Kukes,3,-16,5,SSE,0.0,77,16,1036
2015-01-09,Albania,Kukes,4,-6,10,SW,0.0,81,34,1034
2015-01-10,Albania,Kukes,4,-4,12,SW,0.3,96,69,1023
2015-01-11,Albania,Kukes,6,-5,13,SW,3.8,93,42,1017
2015-01-12,Albania,Kukes,0,-9,13,NNE,27.6,90,35,1027
2015-01-13,Albania,Kukes,-2,-15,4,ENE,0.0,72,3,1029
2015-01-14,Albania,Kukes,5,-9,7,SW,0.0,67,10,1021
2015-01-15,Albania,Kukes,4,-11,4,ESE,0.0,88,10,1023
2015-01-16,Albania,Kukes,2,-11,6,S,0.0,75,13,1023
2015-01-17,Albania,Kukes,5,-3,9,SSW,0.1,86,30,1024
2015-01-18,Albania,Kukes,8,0,9,S,6.3,95,56,1022
2015-01-19,Albania,Kukes,6,-5,9,S,11.5,96,67,1015
2015-01-20,Albania,Kukes,8,-3,7,SSE,4.8,94,63,1014
2015-01-21,Albania,Kukes,10,6,6,SE,1.9,94,53,1014
2015-01-22,Albania,Kukes,8,2,7,SE,0.9,92,54,1015
2015-01-23,Albania,Kukes,6,-5,6,ESE,27.4,94,82,1006
2015-01-24,Albania,Kukes,4,-8,8,NE,6.0,94,60,1005
2015-01-25,Albania,Kukes,4,-4,9,NE,17.3,96,69,1011
2015-01-26,Albania,Kukes,4,-7,9,NE,3.7,87,59,1019
2015-01-27,Albania,Kukes,5,-4,6,ENE,5.6,86,70,1014
2015-01-28,Albania,Kukes,2,-10,10,NE,5.6,87,69,1012
2015-01-29,Albania,Kukes,8,-5,8,SSE,0.4,83,24,1007
2015-01-30,Albania,Kukes,5,2,14,S,45.6,93,70,992
2015-01-31,Albania,Kukes,4,-10,13,S,36.9,94,67,991
2015-02-01,Albania,Kukes,5,0,10,S,37.0,98,87,990
2015-02-02,Albania,Kukes,2,-3,11,SW,9.2,97,75,1000
2015-02-03,Albania,Kukes,2,-8,6,SSW,0.7,93,38,1009
2015-02-04,Albania,Kukes,4,-9,10,S,32.2,97,78,1010
2015-02-05,Albania,Kukes,4,-8,8,ESE,1.3,97,67,1010
2015-02-06,Albania,Kukes,3,-5,8,SSE,26.2,98,71,1006
2015-02-07,Albania,Kukes,-1,-11,7,NE,3.3,96,42,1017
2015-02-08,Albania,Kukes,0,-9,8,SE,11.3,95,74,1010
2015-02-09,Albania,Kukes,-4,-8,16,NE,4.5,87,54,1012
2015-02-10,Albania,Kukes,-2,-23,12,NE,4.0,89,44,1018
2015-02-11,Albania,Kukes,2,-11,12,NE,0.7,91,40,1023
2015-02-12,Albania,Kukes,2,-9,9,ENE,0.1,90,7,1027
2015-02-13,Albania,Kukes,5,-14,7,E,0.0,89,4,1025
2015-02-14,Albania,Kukes,7,-19,4,S,0.0,86,1,1020
2015-02-15,Albania,Kukes,6,-10,4,SE,0.0,91,6,1019
2015-02-16,Albania,Kukes,5,-13,7,ENE,0.0,90,7,1022
2015-02-17,Albania,Kukes,2,-8,11,NE,0.2,88,24,1028
2015-02-18,Albania,Kukes,2,-10,13,NE,0.0,66,0,1035
2015-02-19,Albania,Kukes,3,-11,8,ENE,0.0,78,12,1032
2015-02-20,Albania,Kukes,8,-16,4,SSE,0.0,76,8,1024
2015-02-21,Albania,Kukes,7,-2,8,SSW,0.0,80,7,1016
2015-02-22,Albania,Kukes,6,2,9,SE,25.3,93,90,1009
2015-02-23,Albania,Kukes,9,-1,5,ESE,16.4,94,67,1007
2015-02-24,Albania,Kukes,9,-1,4,S,4.0,93,48,1005
2015-02-25,Albania,Kukes,7,-7,6,SE,29.2,96,77,1005
2015-02-26,Albania,Kukes,8,0,6,ESE,0.4,88,37,1015
2015-02-27,Albania,Kukes,6,-7,7,ENE,10.1,96,59,1011
2015-02-28,Albania,Kukes,6,-7,8,NE,6.9,95,79,1013
2015-03-01,Albania,Kukes,9,-6,5,SSE,14.5,96,80,1017
2015-03-02,Albania,Kukes,7,-7,12,SW,1.0,96,67,1017
2015-03-03,Albania,Kukes,9,-2,8,E,7.2,90,37,1021
2015-03-04,Albania,Kukes,10,0,6,SSE,0.1,83,24,1024
2015-03-05,Albania,Kukes,3,-7,8,ENE,75.2,97,86,1014
2015-03-06,Albania,Kukes,2,-11,15,NNE,46.6,97,82,1018
2015-03-07,Albania,Kukes,0,-11,19,NE,9.9,92,83,1022
2015-03-08,Albania,Kukes,1,-12,14,NE,6.8,87,82,1026
2015-03-09,Albania,Kukes,2,-10,10,ENE,0.2,86,38,1025
2015-03-10,Albania,Kukes,4,-10,10,SSE,2.6,87,53,1019
2015-03-11,Albania,Kukes,5,0,11,SSE,2.7,87,60,1014
2015-03-12,Albania,Kukes,5,0,11,SE,1.9,87,61,1015
2015-03-13,Albania,Kukes,6,-1,10,SE,1.6,86,55,1016
2015-03-14,Albania,Kukes,7,-1,10,SE,3.0,82,58,1017
2015-03-15,Albania,Kukes,7,-1,8,S,0.9,83,57,1018
2015-03-16,Albania,Kukes,7,-1,9,SE,0.4,81,59,1019
2015-03-17,Albania,Kukes,8,1,9,SSE,0.9,79,58,1019
2015-03-18,Albania,Kukes,8,0,10,SW,2.2,82,55,1016
2015-03-19,Albania,Kukes,5,-1,7,S,4.0,84,37,1019
2015-03-20,Albania,Kukes,3,-8,9,NE,0.1,75,13,1024
2015-03-21,Albania,Kukes,11,-10,7,S,0.0,57,2,1023
2015-03-22,Albania,Kukes,13,-5,5,SE,3.9,61,33,1018
2015-03-23,Albania,Kukes,12,4,8,ENE,0.8,83,34,1016
2015-03-24,Albania,Kukes,13,-6,6,SSE,3.1,83,41,1017
2015-03-25,Albania,Kukes,9,4,8,ESE,8.8,91,63,1014
2015-03-26,Albania,Kukes,14,-2,7,ESE,0.7,85,32,1012
2015-03-27,Albania,Kukes,10,-3,7,NE,17.1,89,83,1003
2015-03-28,Albania,Kukes,6,-4,13,NNE,26.3,92,68,1007
2015-03-29,Albania,Kukes,10,-8,7,ENE,0.4,83,25,1011
2015-03-30,Albania,Kukes,8,-8,10,SW,5.9,86,46,1010
2015-03-31,Albania,Kukes,14,-7,8,SE,0.2,77,15,1012
2015-04-01,Albania,Kukes,7,-5,9,E,10.9,90,55,1011
2015-04-02,Albania,Kukes,9,-13,8,SSE,0.5,60,4,1018
2015-04-03,Albania,Kukes,6,-9,10,ENE,9.2,75,28,1017
2015-04-04,Albania,Kukes,9,-11,5,SSE,0.4,61,47,1016
2015-04-05,Albania,Kukes,7,-7,7,ESE,47.5,95,93,1009
2015-04-06,Albania,Kukes,3,-9,11,NNE,38.3,98,74,1010
2015-04-07,Albania,Kukes,5,-1,12,NNE,11.9,95,66,1016
2015-04-08,Albania,Kukes,4,-1,12,NNE,5.6,91,44,1021
2015-04-09,Albania,Kukes,3,-1,13,NNE,2.4,93,39,1025
2015-04-10,Albania,Kukes,12,-2,6,ENE,0.0,89,10,1028
2015-04-11,Albania,Kukes,13,-9,7,SSW,0.0,87,24,1026
2015-04-12,Albania,Kukes,14,-10,6,E,4.3,86,46,1026
2015-04-13,Albania,Kukes,11,3,8,S,5.1,81,57,1014
2015-04-14,Albania,Kukes,11,4,8,SE,2.1,80,60,1012
2015-04-15,Albania,Kukes,10,4,10,SSE,3.8,81,60,1013
2015-04-16,Albania,Kukes,14,-3,9,SW,0.0,64,5,1021
2015-04-17,Albania,Kukes,17,-4,11,SW,0.0,74,10,1018
2015-04-18,Albania,Kukes,9,-3,10,SW,1.3,84,50,1014
2015-04-19,Albania,Kukes,8,0,11,NE,4.5,80,40,1018
2015-04-20,Albania,Kukes,14,-2,7,SSE,0.0,63,4,1017
2015-04-21,Albania,Kukes,14,0,9,NNE,0.0,63,12,1018
2015-04-22,Albania,Kukes,16,-2,6,S,0.0,60,10,1020
2015-04-23,Albania,Kukes,17,-7,7,SSW,0.0,61,19,1020
2015-04-24,Albania,Kukes,14,-3,8,SW,1.4,67,49,1019
2015-04-25,Albania,Kukes,18,5,4,SSW,0.3,72,24,1018
2015-04-26,Albania,Kukes,12,-4,7,SW,0.0,67,11,1015
2015-04-27,Albania,Kukes,15,-3,7,SSW,3.9,66,39,1013
2015-04-28,Albania,Kukes,15,6,9,SSE,1.8,73,59,1014
2015-04-29,Albania,Kukes,15,-1,7,E,15.4,82,47,1015
2015-04-30,Albania,Kukes,15,-5,5,SW,5.6,77,32,1017
2015-05-01,Albania,Kukes,17,-3,10,SW,0.0,75,30,1016
2015-05-02,Albania,Kukes,13,-1,12,SW,3.2,86,42,1014
2015-05-03,Albania,Kukes,20,-4,7,SW,0.0,73,18,1015
2015-05-04,Albania,Kukes,24,0,6,SW,0.0,69,27,1016
2015-05-05,Albania,Kukes,27,2,6,SW,0.0,61,17,1016
2015-05-06,Albania,Kukes,27,13,8,SW,0.0,51,17,1014
2015-05-07,Albania,Kukes,22,6,8,ENE,8.0,72,24,1014
2015-05-08,Albania,Kukes,22,7,9,NE,0.0,70,30,1016
2015-05-09,Albania,Kukes,21,5,8,NE,0.3,66,32,1014
2015-05-10,Albania,Kukes,19,1,11,NE,1.0,74,30,1017
2015-05-11,Albania,Kukes,14,6,14,NE,1.7,77,39,1020
2015-05-12,Albania,Kukes,19,8,11,NE,0.3,72,23,1023
2015-05-13,Albania,Kukes,22,-5,6,SSW,0.0,62,18,1020
2015-05-14,Albania,Kukes,23,0,12,SW,0.0,59,8,1013
2015-05-15,Albania,Kukes,26,8,10,SSW,0.3,59,16,1013
2015-05-16,Albania,Kukes,25,4,7,SSW,6.0,59,24,1018
2015-05-17,Albania,Kukes,26,12,10,NE,0.1,66,19,1018
2015-05-18,Albania,Kukes,25,8,8,ENE,13.0,76,37,1014
2015-05-19,Albania,Kukes,25,12,4,SSE,18.5,72,37,1010
2015-05-20,Albania,Kukes,26,0,6,SE,4.6,70,10,1011
2015-05-21,Albania,Kukes,18,2,7,SSW,1.0,73,26,1015
2015-05-22,Albania,Kukes,22,3,8,ESE,15.9,80,41,1011
2015-05-23,Albania,Kukes,20,2,8,SW,16.2,77,35,1011
2015-05-24,Albania,Kukes,15,0,5,SSE,10.5,85,46,1011
2015-05-25,Albania,Kukes,18,3,10,SW,1.2,83,50,1011
2015-05-26,Albania,Kukes,19,-2,9,SW,0.4,79,42,1009
2015-05-27,Albania,Kukes,17,-1,12,NE,2.5,79,35,1009
2015-05-28,Albania,Kukes,14,-3,11,NE,0.3,74,28,1014
2015-05-29,Albania,Kukes,18,-5,9,NE,0.0,69,11,1015
2015-05-30,Albania,Kukes,24,-5,5,SW,0.0,58,9,1016
2015-05-31,Albania,Kukes,25,3,4,SW,0.4,62,10,1017
2015-06-01,Albania,Kukes,23,-1,5,ESE,8.2,68,16,1018
2015-06-02,Albania,Kukes,23,0,7,NE,5.0,67,15,1018
2015-06-03,Albania,Kukes,24,1,9,NE,3.3,65,10,1020
2015-06-04,Albania,Kukes,25,4,9,NE,10.6,73,12,1020
2015-06-05,Albania,Kukes,23,4,10,NE,9.5,79,24,1019
2015-06-06,Albania,Kukes,25,3,11,NE,2.1,74,17,1021
2015-06-07,Albania,Kukes,24,4,10,NE,0.5,63,19,1021
2015-06-08,Albania,Kukes,21,3,7,NE,5.9,69,39,1017
2015-06-09,Albania,Kukes,24,-1,7,ESE,0.0,60,9,1015
2015-06-10,Albania,Kukes,23,1,9,NE,2.6,69,16,1017
2015-06-11,Albania,Kukes,24,2,9,NE,0.1,72,16,1017
2015-06-12,Albania,Kukes,30,13,5,SSE,7.4,70,12,1018
2015-06-13,Albania,Kukes,28,12,5,WSW,0.4,64,8,1017
2015-06-14,Albania,Kukes,27,6,7,SW,0.0,61,9,1015
2015-06-15,Albania,Kukes,18,3,8,SW,0.1,68,9,1014
2015-06-16,Albania,Kukes,25,8,7,WSW,0.7,69,21,1014
2015-06-17,Albania,Kukes,18,1,6,S,6.1,75,40,1012
2015-06-18,Albania,Kukes,17,1,12,NE,13.1,88,60,1010
2015-06-19,Albania,Kukes,22,0,6,ESE,1.5,76,30,1011
2015-06-20,Albania,Kukes,16,0,7,NE,1.6,82,42,1012
2015-06-21,Albania,Kukes,18,0,10,E,27.3,79,43,1014
2015-06-22,Albania,Kukes,20,-2,9,NE,0.0,69,14,1017
2015-06-23,Albania,Kukes,24,1,7,SSW,0.0,64,4,1015
2015-06-24,Albania,Kukes,20,1,7,SSW,1.5,69,17,1016
2015-06-25,Albania,Kukes,22,6,10,NE,0.0,66,20,1019
2015-06-26,Albania,Kukes,18,-3,11,NNE,0.4,70,30,1015
2015-06-27,Albania,Kukes,20,1,10,NE,2.1,82,38,1014
2015-06-28,Albania,Kukes,18,1,7,NE,7.0,79,47,1015
2015-06-29,Albania,Kukes,22,2,10,NE,2.5,79,39,1018
2015-06-30,Albania,Kukes,17,4,9,NE,10.1,82,38,1019
2015-07-01,Albania,Kukes,22,2,9,NE,1.1,78,29,1021
2015-07-02,Albania,Kukes,26,2,8,NE,0.0,68,12,1022
2015-07-03,Albania,Kukes,25,3,10,NE,0.4,66,13,1023
2015-07-04,Albania,Kukes,25,3,9,NE,0.0,67,12,1022
2015-07-05,Albania,Kukes,27,2,7,E,0.0,65,9,1020
2015-07-06,Albania,Kukes,30,3,6,NE,0.0,61,4,1019
2015-07-07,Albania,Kukes,31,12,7,ENE,0.0,58,4,1017
2015-07-08,Albania,Kukes,31,5,4,SW,0.0,54,7,1012
2015-07-09,Albania,Kukes,27,6,7,E,14.5,69,17,1012
2015-07-10,Albania,Kukes,24,5,10,NE,3.9,70,25,1017
2015-07-11,Albania,Kukes,25,1,8,NE,0.0,54,1,1018
2015-07-12,Albania,Kukes,28,4,7,NE,0.0,55,3,1016
2015-07-13,Albania,Kukes,29,6,5,SSW,0.0,59,7,1015
2015-07-14,Albania,Kukes,27,3,8,NE,0.0,66,11,1016
2015-07-15,Albania,Kukes,23,4,9,NE,0.0,70,5,1018
2015-07-16,Albania,Kukes,29,5,8,NE,0.0,60,3,1019
2015-07-17,Albania,Kukes,32,7,7,NE,0.0,56,6,1018
2015-07-18,Albania,Kukes,32,7,8,NE,0.0,57,4,1017
2015-07-19,Albania,Kukes,32,7,4,S,0.0,56,6,1015
2015-07-20,Albania,Kukes,32,6,6,ENE,0.5,58,9,1012
2015-07-21,Albania,Kukes,23,9,10,NE,0.1,62,5,1015
2015-07-22,Albania,Kukes,31,7,7,ENE,9.4,58,7,1014
2015-07-23,Albania,Kukes,30,7,5,ENE,11.8,64,13,1011
2015-07-24,Albania,Kukes,30,6,6,SSE,0.3,58,9,1010
2015-07-25,Albania,Kukes,27,7,5,SSW,16.1,72,13,1010
2015-07-26,Albania,Kukes,28,7,6,ESE,2.2,70,17,1011
2015-07-27,Albania,Kukes,29,5,7,SSW,0.2,68,7,1009
2015-07-28,Albania,Kukes,30,4,5,S,0.0,68,9,1010
2015-07-29,Albania,Kukes,32,5,5,SW,0.0,59,3,1010
2015-07-30,Albania,Kukes,32,8,6,SSW,0.0,53,2,1010
2015-07-31,Albania,Kukes,31,11,6,E,3.3,66,13,1012
2015-08-01,Albania,Kukes,30,6,7,NE,5.0,73,15,1015
2015-08-02,Albania,Kukes,32,7,5,SSW,4.1,63,7,1017
2015-08-03,Albania,Kukes,29,7,5,ENE,44.7,68,19,1016
2015-08-04,Albania,Kukes,27,7,6,ENE,32.8,77,20,1014
2015-08-05,Albania,Kukes,28,6,8,NE,4.1,68,16,1014
2015-08-06,Albania,Kukes,28,7,9,NE,8.7,66,16,1015
2015-08-07,Albania,Kukes,29,7,9,NE,2.1,60,12,1016
2015-08-08,Albania,Kukes,28,5,9,NE,0.0,57,11,1017
2015-08-09,Albania,Kukes,27,4,7,NE,0.9,56,11,1016
2015-08-10,Albania,Kukes,28,4,4,SSE,1.4,59,21,1014
2015-08-11,Albania,Kukes,25,7,3,ESE,0.6,62,17,1014
2015-08-12,Albania,Kukes,28,5,9,NE,0.6,52,14,1015
2015-08-13,Albania,Kukes,29,7,8,NE,0.4,51,10,1014
2015-08-14,Albania,Kukes,30,13,6,ENE,0.6,56,8,1012
2015-08-15,Albania,Kukes,27,5,4,SW,21.7,63,27,1011
2015-08-16,Albania,Kukes,25,6,5,SSW,11.5,74,36,1010
2015-08-17,Albania,Kukes,22,5,12,SW,14.7,79,26,1011
2015-08-18,Albania,Kukes,26,3,5,WSW,0.0,72,13,1013
2015-08-19,Albania,Kukes,28,12,5,SSW,0.0,66,12,1014
2015-08-20,Albania,Kukes,24,15,7,SSW,1.3,66,16,1016
2015-08-21,Albania,Kukes,22,3,9,NE,0.4,78,26,1018
2015-08-22,Albania,Kukes,21,2,8,NE,0.6,77,22,1016
2015-08-23,Albania,Kukes,24,2,4,SE,0.0,74,21,1015
2015-08-24,Albania,Kukes,27,1,3,E,0.0,68,14,1017
2015-08-25,Albania,Kukes,28,3,4,SSW,0.1,65,17,1017
2015-08-26,Albania,Kukes,27,5,7,ENE,2.1,70,21,1018
2015-08-27,Albania,Kukes,28,5,6,NE,0.2,64,17,1018
2015-08-28,Albania,Kukes,30,5,5,E,0.0,56,5,1020
2015-08-29,Albania,Kukes,31,11,9,ENE,0.0,50,1,1021
2015-08-30,Albania,Kukes,31,6,6,ENE,0.0,49,1,1022
2015-08-31,Albania,Kukes,31,7,4,E,0.0,55,16,1019
2015-09-01,Albania,Kukes,23,11,5,S,1.2,66,50,1016
2015-09-02,Albania,Kukes,29,14,5,S,0.8,56,20,1013
2015-09-03,Albania,Kukes,29,6,5,WSW,0.6,58,6,1013
2015-09-04,Albania,Kukes,18,7,7,SSW,0.0,66,3,1015
2015-09-05,Albania,Kukes,22,11,7,S,1.8,69,67,1016
2015-09-06,Albania,Kukes,20,10,8,ESE,2.9,74,47,1016
2015-09-07,Albania,Kukes,19,3,7,SSE,0.0,61,11,1018
2015-09-08,Albania,Kukes,20,-2,10,ENE,0.0,61,7,1018
2015-09-09,Albania,Kukes,19,-1,7,ENE,10.7,71,44,1016
2015-09-10,Albania,Kukes,16,3,4,ESE,62.5,95,82,1013
2015-09-11,Albania,Kukes,20,1,4,SE,7.3,89,67,1018
2015-09-12,Albania,Kukes,22,1,6,NE,0.4,78,21,1021
2015-09-13,Albania,Kukes,24,1,5,SE,0.0,69,5,1020
2015-09-14,Albania,Kukes,25,3,7,SSW,0.0,64,3,1018
2015-09-15,Albania,Kukes,27,5,6,SSW,3.3,64,10,1017
2015-09-16,Albania,Kukes,18,8,6,SE,0.5,79,12,1015
2015-09-17,Albania,Kukes,19,10,9,SE,1.3,75,56,1015
2015-09-18,Albania,Kukes,20,10,7,SSE,1.2,71,54,1015
2015-09-19,Albania,Kukes,20,9,9,SSE,1.0,70,50,1014
2015-09-20,Albania,Kukes,16,9,10,ESE,3.7,78,59,1015
2015-09-21,Albania,Kukes,15,5,13,NE,7.6,89,50,1011
2015-09-22,Albania,Kukes,16,1,8,ENE,0.4,79,33,1010
2015-09-23,Albania,Kukes,22,2,4,SW,6.7,79,32,1010
2015-09-24,Albania,Kukes,18,3,6,SSW,21.2,87,32,1011
2015-09-25,Albania,Kukes,18,2,6,S,13.4,85,33,1013
2015-09-26,Albania,Kukes,17,-1,8,ENE,2.2,82,35,1014
2015-09-27,Albania,Kukes,15,1,10,NE,5.2,88,60,1017
2015-09-28,Albania,Kukes,15,2,11,NE,2.1,85,56,1020
2015-09-29,Albania,Kukes,15,-2,10,NE,0.0,84,44,1021
2015-09-30,Albania,Kukes,15,-2,10,NE,0.4,86,57,1022
2015-10-01,Albania,Kukes,16,-1,9,ENE,0.0,79,28,1025
2015-10-02,Albania,Kukes,18,0,8,E,0.0,72,9,1025
2015-10-03,Albania,Kukes,20,4,6,SSW,0.0,67,36,1024
2015-10-04,Albania,Kukes,20,3,8,SW,0.4,79,34,1022
2015-10-05,Albania,Kukes,19,2,6,SW,0.2,79,61,1017
2015-10-06,Albania,Kukes,19,2,6,SSW,0.0,76,36,1013
2015-10-07,Albania,Kukes,18,2,5,SE,7.0,87,52,1010
2015-10-08,Albania,Kukes,17,1,4,S,3.2,88,51,1013
2015-10-09,Albania,Kukes,21,5,4,SSW,0.5,81,42,1017
2015-10-10,Albania,Kukes,15,2,7,ESE,40.0,94,74,1012
2015-10-11,Albania,Kukes,15,3,9,S,57.0,93,72,1004
2015-10-12,Albania,Kukes,15,3,7,SW,4.0,91,70,1013
2015-10-13,Albania,Kukes,19,8,4,SSE,0.0,81,21,1018
2015-10-14,Albania,Kukes,19,1,7,SSW,0.0,70,23,1018
2015-10-15,Albania,Kukes,19,2,8,S,0.2,73,18,1018
2015-10-16,Albania,Kukes,16,2,6,SSE,17.7,86,53,1018
2015-10-17,Albania,Kukes,16,2,7,SSW,2.0,92,42,1019
2015-10-18,Albania,Kukes,17,1,7,SSW,0.0,86,32,1018
2015-10-19,Albania,Kukes,17,1,9,SSW,0.1,87,63,1014
2015-10-20,Albania,Kukes,14,3,7,SSE,48.1,93,82,1012
2015-10-21,Albania,Kukes,11,-3,11,NE,7.5,86,53,1014
2015-10-22,Albania,Kukes,7,-5,13,NE,33.0,93,94,1008
2015-10-23,Albania,Kukes,9,-5,16,NE,15.9,89,62,1013
2015-10-24,Albania,Kukes,13,5,10,ESE,0.7,77,51,1017
2015-10-25,Albania,Kukes,13,4,7,ENE,0.5,54,23,1021
2015-10-26,Albania,Kukes,13,-4,7,ENE,0.0,55,16,1022
2015-10-27,Albania,Kukes,14,-2,7,ENE,0.0,70,5,1021
2015-10-28,Albania,Kukes,19,8,5,SE,0.0,74,2,1021
2015-10-29,Albania,Kukes,18,5,5,SSE,0.0,79,17,1019
2015-10-30,Albania,Kukes,11,-3,9,ENE,0.0,78,14,1023
2015-10-31,Albania,Kukes,12,-3,13,ENE,0.0,80,15,1029
2015-11-01,Albania,Kukes,9,-3,11,ENE,0.0,72,27,1033
2015-11-02,Albania,Kukes,13,-6,8,E,0.0,51,3,1032
2015-11-03,Albania,Kukes,12,-4,6,ENE,0.0,31,28,1027
2015-11-04,Albania,Kukes,13,-4,4,ESE,0.0,36,0,1021
2015-11-05,Albania,Kukes,14,-2,4,E,0.0,41,0,1020
2015-11-06,Albania,Kukes,15,6,7,ENE,0.0,49,0,1023
2015-11-07,Albania,Kukes,11,-5,8,ENE,0.0,56,0,1026
2015-11-08,Albania,Kukes,12,-4,7,ENE,0.0,72,8,1028
2015-11-09,Albania,Kukes,13,-3,5,SSE,0.0,64,3,1026
2015-11-10,Albania,Kukes,13,-2,5,NE,0.0,76,14,1024
2015-11-11,Albania,Kukes,16,-1,4,NE,0.0,71,7,1023
2015-11-12,Albania,Kukes,20,7,3,ENE,0.0,74,5,1026
2015-11-13,Albania,Kukes,18,8,5,E,0.0,76,4,1027
2015-11-14,Albania,Kukes,13,-1,8,SSE,0.0,81,30,1025
2015-11-15,Albania,Kukes,9,-4,5,SSE,0.0,69,11,1021
2015-11-16,Albania,Kukes,15,-3,6,E,0.0,65,11,1018
2015-11-17,Albania,Kukes,20,8,6,SE,0.0,72,6,1020
2015-11-18,Albania,Kukes,17,7,7,SSW,0.0,78,10,1021
2015-11-19,Albania,Kukes,20,8,6,SSE,0.0,63,1,1022
2015-11-20,Albania,Kukes,11,3,13,SW,0.4,89,29,1018
2015-11-21,Albania,Kukes,12,11,19,SSW,4.1,90,57,1001
2015-11-22,Albania,Kukes,8,-2,14,SW,110.1,95,85,1001
2015-11-23,Albania,Kukes,9,-1,7,S,11.3,91,65,1017
2015-11-24,Albania,Kukes,9,-3,4,SE,52.0,97,87,1019
2015-11-25,Albania,Kukes,6,-3,4,E,73.1,96,89,1008
2015-11-26,Albania,Kukes,6,2,8,SSE,4.5,95,71,1002
2015-11-27,Albania,Kukes,4,2,11,NE,18.4,95,86,1005
2015-11-28,Albania,Kukes,6,1,7,SE,15.6,97,70,1011
2015-11-29,Albania,Kukes,1,-5,5,ESE,0.5,92,24,1023
2015-11-30,Albania,Kukes,6,-14,7,SSW,0.0,81,8,1027
2015-12-01,Albania,Kukes,7,1,8,SSW,0.0,93,33,1025
2015-12-02,Albania,Kukes,9,-5,4,E,0.0,92,19,1028
2015-12-03,Albania,Kukes,10,-4,5,ENE,0.0,91,1,1031
2015-12-04,Albania,Kukes,7,-2,4,SSE,0.0,83,0,1033
2015-12-05,Albania,Kukes,7,-7,5,E,0.0,84,6,1034
2015-12-06,Albania,Kukes,7,-3,4,S,0.0,78,0,1034
2015-12-07,Albania,Kukes,7,-5,5,E,0.0,71,0,1034
2015-12-08,Albania,Kukes,8,0,7,E,0.0,68,53,1033
2015-12-09,Albania,Kukes,6,0,4,ENE,0.0,72,5,1030
2015-12-10,Albania,Kukes,2,-8,10,NE,1.0,85,77,1031
2015-12-11,Albania,Kukes,1,-6,9,NE,2.1,83,48,1030
2015-12-12,Albania,Kukes,7,-9,6,ENE,0.0,56,5,1027
2015-12-13,Albania,Kukes,4,-3,7,S,0.0,33,14,1024
2015-12-14,Albania,Kukes,11,0,5,E,0.0,61,14,1025
2015-12-15,Albania,Kukes,11,3,4,E,0.0,76,15,1026
2015-12-16,Albania,Kukes,7,2,9,NE,0.2,84,30,1028
2015-12-17,Albania,Kukes,5,0,10,ENE,0.0,82,9,1031
2015-12-18,Albania,Kukes,1,-2,9,ESE,6.0,84,53,1018
2015-12-19,Albania,Kukes,2,-4,8,SE,2.5,82,63,1019
2015-12-20,Albania,Kukes,2,-4,9,SE,1.5,83,64,1021
2015-12-21,Albania,Kukes,5,-2,7,SSW,0.0,83,0,1033
2015-12-22,Albania,Kukes,12,5,5,E,0.0,82,0,1034
2015-12-23,Albania,Kukes,12,3,6,SSE,0.0,69,2,1032
2015-12-24,Albania,Kukes,15,2,4,SSW,0.0,73,0,1031
2015-12-25,Albania,Kukes,7,4,6,E,0.0,83,0,1033
2015-12-26,Albania,Kukes,11,-4,8,ENE,0.0,78,0,1034
2015-12-27,Albania,Kukes,15,6,6,E,0.0,58,0,1032
2015-12-28,Albania,Kukes,6,-2,12,SE,3.7,83,39,1022
2015-12-29,Albania,Kukes,8,-1,10,ENE,4.1,84,25,1023
2015-12-30,Albania,Kukes,3,-10,12,NE,0.0,80,26,1028
2015-12-31,Albania,Kukes,-4,-13,11,ENE,0.0,53,1,1030
2016-01-01,Albania,Kukes,3,-9,6,S,0.0,42,18,1028
2016-01-02,Albania,Kukes,7,-5,6,S,0.1,70,42,1023
2016-01-03,Albania,Kukes,4,-2,5,ESE,51.1,95,69,1011
2016-01-04,Albania,Kukes,1,-4,9,SSE,0.9,90,65,1017
2016-01-05,Albania,Kukes,6,-4,8,S,11.7,97,80,1007
2016-01-06,Albania,Kukes,6,-2,7,S,140.4,100,98,1001
2016-01-07,Albania,Kukes,4,0,9,WSW,15.2,99,91,1001
2016-01-08,Albania,Kukes,-1,-7,7,SSW,0.0,94,23,1014
2016-01-09,Albania,Kukes,10,-3,10,SSW,0.9,98,84,1015
2016-01-10,Albania,Kukes,9,6,12,SSW,12.5,98,81,1012
2016-01-11,Albania,Kukes,9,5,16,SW,3.1,99,76,1012
2016-01-12,Albania,Kukes,9,4,19,SW,11.1,96,45,1007
2016-01-13,Albania,Kukes,4,0,8,SW,4.4,95,76,1013
2016-01-14,Albania,Kukes,2,-14,6,SSW,0.5,92,29,1021
2016-01-15,Albania,Kukes,7,-7,12,SSW,35.7,98,65,1011
2016-01-16,Albania,Kukes,1,-3,12,ENE,50.3,98,100,1006
2016-01-17,Albania,Kukes,-1,-6,16,NNE,17.1,91,58,1005
2016-01-18,Albania,Kukes,-4,-9,12,NE,1.4,86,36,1014
2016-01-19,Albania,Kukes,-8,-16,5,E,0.0,94,11,1021
2016-01-20,Albania,Kukes,-5,-13,5,ESE,0.0,92,3,1020
2016-01-21,Albania,Kukes,-3,-24,5,S,0.5,91,29,1023
2016-01-22,Albania,Kukes,-7,-14,9,ENE,0.0,95,18,1032
2016-01-23,Albania,Kukes,-11,-24,7,E,0.0,91,5,1035
2016-01-24,Albania,Kukes,2,-16,6,ENE,0.3,85,32,1034
2016-01-25,Albania,Kukes,2,-14,4,ESE,0.0,92,19,1033
2016-01-26,Albania,Kukes,7,-4,5,ESE,0.6,96,56,1029
2016-01-27,Albania,Kukes,4,-13,6,S,0.0,97,29,1030
2016-01-28,Albania,Kukes,6,-1,9,SSW,0.1,99,95,1030
2016-01-29,Albania,Kukes,4,-10,4,S,0.0,98,50,1031
2016-01-30,Albania,Kukes,5,-9,7,SSE,0.0,94,9,1030
2016-01-31,Albania,Kukes,5,-8,12,SW,0.6,97,62,1023
2016-02-01,Albania,Kukes,6,-4,8,SSW,0.4,95,43,1024
2016-02-02,Albania,Kukes,13,-5,9,SSW,0.0,84,14,1027
2016-02-03,Albania,Kukes,12,1,12,SW,0.3,87,25,1021
2016-02-04,Albania,Kukes,8,1,11,SE,31.1,96,80,1015
2016-02-05,Albania,Kukes,0,-9,13,NNE,3.8,93,34,1022
2016-02-06,Albania,Kukes,5,-12,4,ENE,0.2,79,9,1031
2016-02-07,Albania,Kukes,7,-2,8,SSW,0.0,78,9,1027
2016-02-08,Albania,Kukes,10,-4,9,SSW,0.1,90,34,1024
2016-02-09,Albania,Kukes,10,4,12,SW,1.8,95,69,1020
2016-02-10,Albania,Kukes,9,5,18,SSW,29.5,93,63,1004
2016-02-11,Albania,Kukes,4,-8,7,S,27.8,94,77,1010
2016-02-12,Albania,Kukes,7,-8,7,SSW,11.5,89,63,1011
2016-02-13,Albania,Kukes,8,-1,13,SSW,34.5,96,60,1002
2016-02-14,Albania,Kukes,12,-4,12,SSW,3.5,96,60,1004
2016-02-15,Albania,Kukes,15,8,11,S,8.6,87,43,1009
2016-02-16,Albania,Kukes,18,1,8,SSE,1.4,68,31,1022
2016-02-17,Albania,Kukes,15,7,7,ESE,0.0,61,26,1024
2016-02-18,Albania,Kukes,11,0,8,E,5.7,85,51,1015
2016-02-19,Albania,Kukes,10,3,10,SW,5.9,92,61,1016
2016-02-20,Albania,Kukes,3,-6,6,SSW,13.0,94,77,1021
2016-02-21,Albania,Kukes,8,-7,7,SSW,0.0,75,19,1023
2016-02-22,Albania,Kukes,15,3,10,SSW,0.0,79,28,1021
2016-02-23,Albania,Kukes,14,-1,10,SSW,0.8,74,34,1015
2016-02-24,Albania,Kukes,9,-2,8,SSE,7.9,90,54,1013
2016-02-25,Albania,Kukes,12,3,6,SSW,0.0,85,16,1015
2016-02-26,Albania,Kukes,10,6,7,SSW,12.0,91,70,1010
2016-02-27,Albania,Kukes,5,-3,5,SSW,4.5,88,43,1014
2016-02-28,Albania,Kukes,13,-5,8,SE,0.0,81,15,1017
2016-03-01,Albania,Kukes,12,6,8,SW,11.1,84,35,1011
2016-03-02,Albania,Kukes,10,-6,5,ESE,0.4,85,41,1010
2016-03-03,Albania,Kukes,11,0,9,SW,18.4,87,70,1000
2016-03-04,Albania,Kukes,4,-5,8,SW,14.5,90,72,1001
2016-03-05,Albania,Kukes,9,-1,10,SSW,0.0,83,16,1012
2016-03-06,Albania,Kukes,11,-7,11,S,2.1,80,41,1008
2016-03-07,Albania,Kukes,6,-5,9,SSE,69.1,93,70,1003
2016-03-08,Albania,Kukes,9,-4,6,S,0.1,87,34,1010
2016-03-09,Albania,Kukes,10,-4,7,ENE,0.7,85,51,1008
2016-03-10,Albania,Kukes,6,-3,6,SSW,37.4,98,84,1005
2016-03-11,Albania,Kukes,8,-5,6,SW,14.3,95,76,1014
2016-03-12,Albania,Kukes,7,-7,9,ENE,8.1,92,59,1015
2016-03-13,Albania,Kukes,4,-4,11,NE,29.3,96,88,1013
2016-03-14,Albania,Kukes,6,-5,15,NE,6.4,91,86,1016
2016-03-15,Albania,Kukes,6,-10,5,E,1.4,82,71,1018
2016-03-16,Albania,Kukes,8,1,7,ENE,0.7,88,48,1023
2016-03-17,Albania,Kukes,9,-8,7,ENE,0.2,88,26,1025
2016-03-18,Albania,Kukes,11,-6,4,SSW,0.3,86,19,1017
2016-03-19,Albania,Kukes,11,-1,5,SSE,0.0,82,9,1015
2016-03-20,Albania,Kukes,10,-1,7,S,0.0,81,4,1018
2016-03-21,Albania,Kukes,12,-5,8,SSW,1.7,85,55,1017
2016-03-22,Albania,Kukes,15,-5,8,S,0.6,77,23,1008
2016-03-23,Albania,Kukes,13,-2,8,E,19.8,90,60,995
2016-03-24,Albania,Kukes,6,0,12,NNE,15.5,93,80,1002
2016-03-25,Albania,Kukes,5,-10,8,NE,0.0,77,17,1015
2016-03-26,Albania,Kukes,7,-12,4,SE,0.9,64,60,1017
2016-03-27,Albania,Kukes,7,-8,6,NE,2.4,81,31,1017
2016-03-28,Albania,Kukes,11,1,9,SW,0.1,80,40,1018
2016-03-29,Albania,Kukes,11,-5,9,SSW,4.9,95,77,1018
2016-03-30,Albania,Kukes,15,-4,8,SSW,0.0,85,26,1022
2016-03-31,Albania,Kukes,16,3,9,SW,0.0,75,6,1022
2016-04-01,Albania,Kukes,15,5,7,SW,0.0,73,52,1019
2016-04-02,Albania,Kukes,21,3,7,E,0.0,74,15,1019
2016-04-03,Albania,Kukes,22,4,5,SSE,0.0,72,4,1019
2016-04-04,Albania,Kukes,22,1,6,SW,0.6,71,5,1016
2016-04-05,Albania,Kukes,22,1,4,S,0.9,63,11,1013
2016-04-06,Albania,Kukes,22,10,4,SW,2.8,64,17,1011
2016-04-07,Albania,Kukes,24,10,5,SE,0.0,60,14,1009
2016-04-08,Albania,Kukes,20,3,6,SE,17.6,72,52,1002
2016-04-09,Albania,Kukes,14,8,9,SW,11.5,90,47,1002
2016-04-10,Albania,Kukes,17,3,7,ENE,8.4,80,23,1005
2016-04-11,Albania,Kukes,15,-4,6,S,0.0,82,37,1011
2016-04-12,Albania,Kukes,18,-3,7,SSW,0.0,73,15,1016
2016-04-13,Albania,Kukes,11,5,8,S,5.0,81,54,1012
2016-04-14,Albania,Kukes,11,4,8,SE,2.1,80,59,1012
2016-04-15,Albania,Kukes,10,4,10,SSE,3.8,81,51,1013
2016-04-16,Albania,Kukes,10,3,10,SE,4.6,80,59,1014
2016-04-17,Albania,Kukes,11,3,10,ESE,1.3,78,67,1015
2016-04-18,Albania,Kukes,10,3,10,SE,3.1,82,64,1013
2016-04-19,Albania,Kukes,11,4,11,SE,4.1,83,63,1013
2016-04-20,Albania,Kukes,12,4,9,SSE,2.1,78,61,1014
2016-04-21,Albania,Kukes,18,-1,8,ENE,0.0,47,1,1025
2016-04-22,Albania,Kukes,20,-3,10,SW,0.0,52,39,1018
2016-04-23,Albania,Kukes,16,-2,9,SW,10.1,68,76,1009
2016-04-24,Albania,Kukes,12,-1,12,SW,17.2,90,66,1001
2016-04-25,Albania,Kukes,11,-3,7,SE,30.4,92,77,1002
2016-04-26,Albania,Kukes,10,-11,9,SE,16.7,90,25,1011
2016-04-27,Albania,Kukes,14,2,11,SW,0.8,77,36,1015
2016-04-28,Albania,Kukes,17,5,6,SSW,1.5,83,45,1016
2016-04-29,Albania,Kukes,16,8,6,SSW,1.5,80,54,1016
2016-04-30,Albania,Kukes,18,-3,7,ENE,0.3,82,38,1017
2016-05-01,Albania,Kukes,18,9,5,SSE,37.2,90,56,1014
2016-05-02,Albania,Kukes,13,1,6,E,27.2,91,72,1008
2016-05-03,Albania,Kukes,10,-3,6,S,43.4,94,74,1007
2016-05-04,Albania,Kukes,12,-4,10,ENE,8.5,88,57,1010
2016-05-05,Albania,Kukes,13,-5,12,NE,1.8,83,34,1015
2016-05-06,Albania,Kukes,17,-5,7,NE,1.2,77,17,1016
2016-05-07,Albania,Kukes,18,-5,4,SSE,2.2,76,19,1015
2016-05-08,Albania,Kukes,18,-5,4,S,0.8,73,14,1015
2016-05-09,Albania,Kukes,20,-5,5,S,0.0,70,20,1018
2016-05-10,Albania,Kukes,20,7,5,SSW,1.1,67,29,1017
2016-05-11,Albania,Kukes,21,9,7,SSW,3.8,70,24,1012
2016-05-12,Albania,Kukes,20,0,9,SSW,3.5,85,47,1005
2016-05-13,Albania,Kukes,16,4,14,SW,0.6,79,49,1005
2016-05-14,Albania,Kukes,14,7,15,SW,3.9,86,51,1008
2016-05-15,Albania,Kukes,16,-2,10,SW,4.7,85,54,1011
2016-05-16,Albania,Kukes,10,-2,4,E,21.2,97,81,1016
2016-05-17,Albania,Kukes,14,-6,5,NE,2.8,77,39,1017
2016-05-18,Albania,Kukes,14,-8,6,SE,0.2,58,21,1016
2016-05-19,Albania,Kukes,19,7,7,SE,1.4,71,59,1015
2016-05-20,Albania,Kukes,18,8,8,SE,2.2,77,56,1015
2016-05-21,Albania,Kukes,18,8,9,ESE,1.8,76,64,1015
2016-05-22,Albania,Kukes,21,0,9,NE,0.2,76,23,1017
2016-05-23,Albania,Kukes,21,0,9,SW,0.0,73,7,1015
2016-05-24,Albania,Kukes,13,1,14,SW,2.0,79,33,1010
2016-05-25,Albania,Kukes,16,-3,9,WSW,0.3,84,59,1011
2016-05-26,Albania,Kukes,11,-2,3,SW,0.0,82,18,1014
2016-05-27,Albania,Kukes,9,-2,3,SE,0.0,86,4,1017
2016-05-28,Albania,Kukes,12,7,5,SSE,0.0,87,4,1016
2016-05-29,Albania,Kukes,26,5,9,SW,0.0,64,13,1013
2016-05-30,Albania,Kukes,22,3,11,SSW,0.0,63,6,1013
2016-05-31,Albania,Kukes,19,2,7,S,1.4,66,38,1014
2016-06-01,Albania,Kukes,18,10,7,SW,9.0,80,59,1015
2016-06-02,Albania,Kukes,20,-1,9,SW,0.7,79,20,1013
2016-06-03,Albania,Kukes,19,-1,7,WSW,0.4,76,17,1011
2016-06-04,Albania,Kukes,23,-1,5,WSW,0.9,77,39,1012
2016-06-05,Albania,Kukes,23,0,6,SW,2.7,78,19,1014
2016-06-06,Albania,Kukes,21,0,6,SW,3.6,79,35,1016
2016-06-07,Albania,Kukes,23,2,10,NE,0.6,76,38,1018
2016-06-08,Albania,Kukes,21,1,7,NE,0.0,70,15,1017
2016-06-09,Albania,Kukes,19,-3,4,WSW,2.0,73,13,1013
2016-06-10,Albania,Kukes,14,1,3,S,0.0,85,23,1013
2016-06-11,Albania,Kukes,22,1,10,SW,0.0,74,14,1014
2016-06-12,Albania,Kukes,20,2,11,SW,4.4,85,67,1012
2016-06-13,Albania,Kukes,18,4,6,SW,40.4,94,61,1004
2016-06-14,Albania,Kukes,19,1,8,WSW,4.2,87,69,1004
2016-06-15,Albania,Kukes,15,1,10,SSW,0.0,82,28,1009
2016-06-16,Albania,Kukes,23,10,8,SSE,0.7,68,62,1016
2016-06-17,Albania,Kukes,30,11,12,SSW,0.0,49,14,1017
2016-06-18,Albania,Kukes,29,8,9,SW,0.1,57,6,1016
2016-06-19,Albania,Kukes,23,5,9,SSE,2.3,63,25,1014
2016-06-20,Albania,Kukes,27,5,5,S,17.8,72,18,1016
2016-06-21,Albania,Kukes,31,7,5,ENE,1.2,62,17,1019
2016-06-22,Albania,Kukes,29,8,9,NE,1.7,71,7,1020
2016-06-23,Albania,Kukes,30,17,9,NE,2.8,72,17,1019
2016-06-24,Albania,Kukes,29,7,8,ENE,4.2,67,19,1017
2016-06-25,Albania,Kukes,29,7,7,ENE,0.9,60,9,1013
2016-06-26,Albania,Kukes,28,7,6,E,6.5,67,11,1013
2016-06-27,Albania,Kukes,27,4,5,SW,5.8,69,18,1013
2016-06-28,Albania,Kukes,22,9,8,NNE,6.0,77,19,1013
2016-06-29,Albania,Kukes,25,3,9,NE,0.0,72,15,1015
2016-06-30,Albania,Kukes,27,3,5,SSW,0.0,71,10,1016
2016-07-01,Albania,Kukes,28,7,4,S,1.5,68,9,1017
2016-07-02,Albania,Kukes,28,5,5,ESE,3.9,68,9,1016
2016-07-03,Albania,Kukes,29,3,5,SE,0.0,62,11,1015
2016-07-04,Albania,Kukes,25,7,10,NE,0.4,80,43,1017
2016-07-05,Albania,Kukes,27,8,8,NE,0.0,67,9,1016
2016-07-06,Albania,Kukes,28,6,5,SSE,2.8,67,20,1014
2016-07-07,Albania,Kukes,25,4,11,NE,0.5,71,19,1018
2016-07-08,Albania,Kukes,25,1,8,NE,0.0,60,2,1020
2016-07-09,Albania,Kukes,29,2,5,E,0.0,54,7,1017
2016-07-10,Albania,Kukes,28,5,8,NE,0.0,64,13,1017
2016-07-11,Albania,Kukes,31,9,5,NE,0.2,64,14,1016
2016-07-12,Albania,Kukes,30,13,4,S,3.5,63,11,1014
2016-07-13,Albania,Kukes,31,7,6,SW,3.9,64,7,1012
2016-07-14,Albania,Kukes,28,10,11,SW,0.0,61,6,1010
2016-07-15,Albania,Kukes,23,5,10,NE,27.2,84,40,1009
2016-07-16,Albania,Kukes,20,2,5,SSE,28.5,87,48,1011
2016-07-17,Albania,Kukes,21,3,4,W,3.0,83,49,1015
2016-07-18,Albania,Kukes,25,11,8,SE,1.0,68,48,1015
2016-07-19,Albania,Kukes,25,12,7,SE,0.6,66,52,1015
2016-07-20,Albania,Kukes,26,12,8,ESE,0.4,63,39,1014
2016-07-21,Albania,Kukes,26,12,8,SSE,1.0,61,44,1014
2016-07-22,Albania,Kukes,25,12,8,SE,5.0,64,63,1013
2016-07-23,Albania,Kukes,25,12,7,SSE,2.7,66,59,1012
2016-07-24,Albania,Kukes,25,12,8,S,0.3,67,47,1011
2016-07-25,Albania,Kukes,23,12,8,S,2.5,71,55,1010
2016-07-26,Albania,Kukes,22,11,8,SE,1.2,73,55,1012
2016-07-27,Albania,Kukes,23,11,8,SSE,2.2,72,49,1013
2016-07-28,Albania,Kukes,28,4,3,S,3.4,71,15,1015
2016-07-29,Albania,Kukes,29,14,6,NE,0.2,70,10,1014
2016-07-30,Albania,Kukes,28,9,8,NE,0.0,70,9,1015
2016-07-31,Albania,Kukes,30,6,5,E,0.0,68,8,1015
2016-08-01,Albania,Kukes,30,6,3,SW,1.4,62,5,1013
2016-08-02,Albania,Kukes,25,5,8,NE,0.6,77,16,1014
2016-08-03,Albania,Kukes,25,12,11,NE,0.2,73,20,1015
2016-08-04,Albania,Kukes,28,3,7,ENE,0.0,64,5,1015
2016-08-05,Albania,Kukes,30,6,4,SSW,0.0,64,11,1013
2016-08-06,Albania,Kukes,26,7,7,ENE,38.1,74,23,1014
2016-08-07,Albania,Kukes,23,6,12,NE,39.0,88,50,1018
2016-08-08,Albania,Kukes,24,5,10,NE,13.4,84,52,1018
2016-08-09,Albania,Kukes,25,4,7,ENE,1.3,77,29,1015
2016-08-10,Albania,Kukes,28,3,4,SSW,0.0,72,11,1013
2016-08-11,Albania,Kukes,24,3,5,ESE,1.5,78,13,1015
2016-08-12,Albania,Kukes,19,1,12,NE,0.0,74,22,1020
2016-08-13,Albania,Kukes,22,-2,11,NE,0.0,61,3,1023
2016-08-14,Albania,Kukes,24,0,8,ENE,0.0,58,2,1022
2016-08-15,Albania,Kukes,27,2,8,ENE,0.0,56,0,1019
2016-08-16,Albania,Kukes,28,3,4,S,0.0,60,2,1015
2016-08-17,Albania,Kukes,27,1,6,SSW,0.0,55,29,1012
2016-08-18,Albania,Kukes,25,3,4,S,9.7,70,24,1012
2016-08-19,Albania,Kukes,26,2,3,S,4.9,70,14,1012
2016-08-20,Albania,Kukes,26,3,6,ENE,0.2,71,14,1015
2016-08-21,Albania,Kukes,29,6,4,SE,0.4,70,17,1016
2016-08-22,Albania,Kukes,23,5,8,NE,16.3,76,24,1016
2016-08-23,Albania,Kukes,21,3,14,NE,7.5,80,40,1018
2016-08-24,Albania,Kukes,24,14,12,NE,0.2,80,41,1018
2016-08-25,Albania,Kukes,24,6,13,NE,0.6,75,31,1017
2016-08-26,Albania,Kukes,25,5,10,NE,0.0,71,18,1019
2016-08-27,Albania,Kukes,27,3,9,NE,0.0,58,2,1020
2016-08-28,Albania,Kukes,26,1,6,NE,0.0,60,3,1019
2016-08-29,Albania,Kukes,27,2,5,ESE,0.0,63,5,1016
2016-08-30,Albania,Kukes,27,4,8,NE,0.0,60,6,1017
2016-08-31,Albania,Kukes,23,13,9,NE,0.3,57,12,1019
2016-09-01,Albania,Kukes,24,5,5,ENE,28.7,80,30,1019
2016-09-02,Albania,Kukes,23,4,9,NE,1.4,77,27,1017
2016-09-03,Albania,Kukes,23,3,9,NE,0.0,69,11,1018
2016-09-04,Albania,Kukes,25,2,4,SE,0.0,68,21,1018
2016-09-05,Albania,Kukes,21,4,9,SW,9.8,75,39,1014
2016-09-06,Albania,Kukes,14,1,12,NE,60.0,97,99,1013
2016-09-07,Albania,Kukes,19,4,10,ENE,8.3,94,73,1016
2016-09-08,Albania,Kukes,21,6,8,E,11.1,84,63,1014
2016-09-09,Albania,Kukes,21,4,7,ENE,59.4,88,60,1013
2016-09-10,Albania,Kukes,24,5,8,E,2.1,79,39,1014
2016-09-11,Albania,Kukes,22,4,6,ENE,2.9,76,46,1016
2016-09-12,Albania,Kukes,23,4,8,ENE,4.2,77,43,1018
2016-09-13,Albania,Kukes,22,6,7,NE,0.1,74,13,1017
2016-09-14,Albania,Kukes,23,5,4,S,0.6,72,12,1015
2016-09-15,Albania,Kukes,24,1,3,S,0.0,69,9,1018
2016-09-16,Albania,Kukes,24,4,6,SSW,0.0,64,6,1019
2016-09-17,Albania,Kukes,21,5,10,SW,1.5,75,39,1016
2016-09-18,Albania,Kukes,22,6,9,SW,1.7,81,38,1013
2016-09-19,Albania,Kukes,18,3,11,SW,3.1,83,35,1008
2016-09-20,Albania,Kukes,14,0,7,S,3.3,84,55,1010
2016-09-21,Albania,Kukes,13,0,7,NE,0.6,82,46,1014
2016-09-22,Albania,Kukes,14,0,9,NE,0.0,73,17,1019
2016-09-23,Albania,Kukes,21,-3,6,ENE,0.0,63,2,1024
2016-09-24,Albania,Kukes,20,6,7,ENE,0.0,65,8,1025
2016-09-25,Albania,Kukes,18,4,8,NE,0.0,69,10,1020
2016-09-26,Albania,Kukes,16,5,8,NE,0.0,75,17,1019
2016-09-27,Albania,Kukes,17,-4,7,ENE,0.0,72,16,1023
2016-09-28,Albania,Kukes,21,4,6,ENE,0.0,71,10,1028
2016-09-29,Albania,Kukes,23,0,4,SSW,0.0,69,2,1026
2016-09-30,Albania,Kukes,24,2,7,SSW,0.0,60,10,1022
2016-10-01,Albania,Kukes,23,11,7,SSW,0.0,50,5,1019
2016-10-02,Albania,Kukes,22,10,8,SSW,3.0,51,32,1017
2016-10-03,Albania,Kukes,20,4,9,SW,3.7,82,40,1018
2016-10-04,Albania,Kukes,17,-1,5,SSW,0.4,77,19,1017
2016-10-05,Albania,Kukes,11,-1,8,ENE,0.0,77,30,1017
2016-10-06,Albania,Kukes,13,-6,8,S,0.4,74,38,1017
2016-10-07,Albania,Kukes,13,2,7,S,33.3,91,73,1013
2016-10-08,Albania,Kukes,14,-2,5,SE,1.1,84,40,1017
2016-10-09,Albania,Kukes,15,-5,3,S,0.2,79,28,1020
2016-10-10,Albania,Kukes,13,-1,4,SSE,20.1,93,75,1016
2016-10-11,Albania,Kukes,13,-1,6,SSW,7.9,92,74,1010
2016-10-12,Albania,Kukes,11,-1,11,SW,37.2,93,58,1010
2016-10-13,Albania,Kukes,13,-2,7,SSW,0.0,72,9,1019
2016-10-14,Albania,Kukes,20,-3,4,SSW,0.0,62,9,1021
2016-10-15,Albania,Kukes,20,4,8,SSW,0.2,71,18,1021
2016-10-16,Albania,Kukes,17,11,7,S,1.2,83,34,1020
2016-10-17,Albania,Kukes,15,5,9,NE,0.0,88,47,1025
2016-10-18,Albania,Kukes,17,-2,5,SSE,1.5,83,34,1023
2016-10-19,Albania,Kukes,14,0,4,SW,26.3,93,61,1019
2016-10-20,Albania,Kukes,17,2,6,S,0.0,83,45,1018
2016-10-21,Albania,Kukes,15,1,7,SSE,3.8,86,47,1015
2016-10-22,Albania,Kukes,16,2,6,SW,24.9,90,37,1015
2016-10-23,Albania,Kukes,15,-1,5,SSW,0.4,85,29,1020
2016-10-24,Albania,Kukes,17,0,4,SSW,0.0,82,12,1024
2016-10-25,Albania,Kukes,19,0,4,S,0.0,78,4,1025
2016-10-26,Albania,Kukes,21,11,8,SSE,0.5,74,40,1021
2016-10-27,Albania,Kukes,13,8,14,NE,0.5,85,55,1022
2016-10-28,Albania,Kukes,8,-4,14,NE,1.1,84,53,1027
2016-10-29,Albania,Kukes,10,-6,8,ENE,0.0,68,4,1027
2016-10-30,Albania,Kukes,13,-1,9,NE,0.0,74,10,1024
2016-10-31,Albania,Kukes,10,-7,11,NE,0.0,72,2,1025
2016-11-01,Albania,Kukes,9,-2,6,E,0.0,61,4,1025
2016-11-02,Albania,Kukes,10,-5,11,SSW,0.0,68,6,1021
2016-11-03,Albania,Kukes,12,-2,9,S,6.9,94,66,1018
2016-11-04,Albania,Kukes,11,-5,6,SSE,4.7,88,71,1022
2016-11-05,Albania,Kukes,10,-2,10,SW,0.1,90,53,1020
2016-11-06,Albania,Kukes,12,0,12,SSW,1.1,84,46,1013
2016-11-07,Albania,Kukes,14,1,16,SSW,14.5,84,40,1009
2016-11-08,Albania,Kukes,13,2,13,S,63.5,94,79,1005
2016-11-09,Albania,Kukes,9,0,12,SW,46.6,95,75,1004
2016-11-10,Albania,Kukes,8,-5,10,SW,3.4,93,54,1013
2016-11-11,Albania,Kukes,9,-6,10,SSW,6.9,89,54,1017
2016-11-12,Albania,Kukes,7,-3,14,SSW,40.9,95,68,1013
2016-11-13,Albania,Kukes,6,-6,7,SSW,3.2,92,44,1022
2016-11-14,Albania,Kukes,2,-9,9,NE,0.0,75,45,1029
2016-11-15,Albania,Kukes,2,-11,8,ENE,0.0,69,5,1031
2016-11-16,Albania,Kukes,2,-11,3,SSE,0.0,55,12,1027
2016-11-17,Albania,Kukes,9,-5,7,SSW,0.0,66,23,1023
2016-11-18,Albania,Kukes,12,-6,7,S,0.0,76,4,1024
2016-11-19,Albania,Kukes,14,6,7,S,0.0,77,7,1023
2016-11-20,Albania,Kukes,15,2,4,ESE,0.0,80,20,1022
2016-11-21,Albania,Kukes,10,-4,6,ESE,0.0,71,19,1023
2016-11-22,Albania,Kukes,16,-4,5,ESE,0.0,62,2,1024
2016-11-23,Albania,Kukes,17,7,4,ESE,0.0,63,0,1025
2016-11-24,Albania,Kukes,15,6,4,SSW,0.0,68,4,1024
2016-11-25,Albania,Kukes,10,2,5,SSW,1.3,75,36,1020
2016-11-26,Albania,Kukes,10,-4,5,SSE,5.5,82,42,1018
2016-11-27,Albania,Kukes,9,-3,7,SW,1.3,93,46,1014
2016-11-28,Albania,Kukes,7,0,11,E,1.1,89,65,1013
2016-11-29,Albania,Kukes,-3,-10,19,NE,4.3,84,67,1021
2016-11-30,Albania,Kukes,-1,-15,14,NE,0.9,67,11,1028
2016-12-01,Albania,Kukes,5,-6,4,SE,0.0,76,35,1023
2016-12-02,Albania,Kukes,5,-2,10,SSW,0.9,94,57,1016
2016-12-03,Albania,Kukes,4,-2,6,ENE,0.0,89,11,1023
2016-12-04,Albania,Kukes,7,-4,7,ENE,0.0,80,40,1028
2016-12-05,Albania,Kukes,6,-3,6,ESE,0.0,74,26,1030
2016-12-06,Albania,Kukes,10,2,4,S,0.0,88,17,1029
2016-12-07,Albania,Kukes,3,-6,9,ENE,0.0,80,2,1034
2016-12-08,Albania,Kukes,11,-1,4,S,0.0,47,3,1037
2016-12-09,Albania,Kukes,8,1,5,SSE,0.0,51,5,1031
2016-12-10,Albania,Kukes,5,-2,5,E,0.0,58,0,1027
2016-12-11,Albania,Kukes,12,4,8,SSW,0.0,64,0,1020
2016-12-12,Albania,Kukes,7,1,6,ENE,0.3,81,24,1018
2016-12-13,Albania,Kukes,-3,-10,11,NE,0.0,57,12,1027
2016-12-14,Albania,Kukes,5,-13,7,S,0.0,28,28,1029
2016-12-15,Albania,Kukes,0,-6,8,E,0.2,66,26,1026
2016-12-16,Albania,Kukes,2,-12,11,NE,0.1,80,18,1032
2016-12-17,Albania,Kukes,1,-7,10,ENE,0.0,60,3,1038
2016-12-18,Albania,Kukes,7,-5,3,SE,0.0,37,9,1033
2016-12-19,Albania,Kukes,1,-12,3,E,0.0,42,9,1033
2016-12-20,Albania,Kukes,7,-3,6,ENE,0.0,46,2,1030
2016-12-21,Albania,Kukes,0,-11,10,ENE,0.0,57,10,1030
2016-12-22,Albania,Kukes,3,-8,11,ENE,0.0,44,8,1031
2016-12-23,Albania,Kukes,0,-11,10,ENE,0.0,61,8,1031
2016-12-24,Albania,Kukes,2,-9,8,ENE,0.0,54,5,1029
2016-12-25,Albania,Kukes,7,-10,7,ENE,0.0,80,18,1027
2016-12-26,Albania,Kukes,2,-10,4,ENE,0.1,85,33,1027
2016-12-27,Albania,Kukes,6,-2,7,NE,13.0,92,48,1028
2016-12-28,Albania,Kukes,-3,-12,13,ENE,2.0,75,51,1027
2016-12-29,Albania,Kukes,-1,-10,19,NNE,8.7,79,41,1029
2016-12-30,Albania,Kukes,-2,-7,14,NE,0.4,74,25,1034
2016-12-31,Albania,Kukes,0,-16,12,ENE,0.0,67,10,1032
2017-01-01,Albania,Kukes,-1,-13,5,SSE,0.0,66,10,1026
2017-01-02,Albania,Kukes,3,-12,10,SSW,0.0,82,17,1023
2017-01-03,Albania,Kukes,4,-5,7,SSE,6.7,94,67,1021
2017-01-04,Albania,Kukes,5,0,9,S,18.3,97,65,1015
2017-01-05,Albania,Kukes,1,-4,12,E,52.6,99,98,1006
2017-01-06,Albania,Kukes,-8,-13,18,NNE,15.9,97,81,1014
2017-01-07,Albania,Kukes,-16,-27,15,NE,1.0,97,42,1024
2017-01-08,Albania,Kukes,-17,-29,9,ENE,0.0,96,15,1024
2017-01-09,Albania,Kukes,-14,-19,9,NE,0.3,94,42,1021
2017-01-10,Albania,Kukes,-12,-27,9,ENE,0.6,98,52,1018
2017-01-11,Albania,Kukes,-4,-21,6,E,0.5,97,31,1020
2017-01-12,Albania,Kukes,0,-10,11,SSW,0.0,98,48,1024
2017-01-13,Albania,Kukes,4,-3,14,SSW,5.8,98,72,1014
2017-01-14,Albania,Kukes,0,-8,10,SSW,26.6,99,58,1007
2017-01-15,Albania,Kukes,-5,-16,8,ENE,2.1,97,31,1017
2017-01-16,Albania,Kukes,-3,-17,8,ENE,4.2,97,81,1013
2017-01-17,Albania,Kukes,-1,-9,9,ENE,7.3,98,87,1014
2017-01-18,Albania,Kukes,-1,-4,13,ENE,6.7,98,94,1020
2017-01-19,Albania,Kukes,-4,-12,10,ENE,9.3,98,80,1027
2017-01-20,Albania,Kukes,-1,-10,7,ENE,0.1,97,33,1033
2017-01-21,Albania,Kukes,-8,-18,7,E,0.0,98,13,1032
2017-01-22,Albania,Kukes,0,-17,8,E,0.0,93,8,1031
2017-01-23,Albania,Kukes,3,-7,7,E,0.0,94,34,1026
2017-01-24,Albania,Kukes,1,-3,9,ENE,1.2,96,74,1019
2017-01-25,Albania,Kukes,0,-8,10,ENE,0.3,96,45,1024
2017-01-26,Albania,Kukes,-2,-10,10,ENE,0.0,96,26,1029
2017-01-27,Albania,Kukes,4,-11,5,SE,0.0,92,3,1031
2017-01-28,Albania,Kukes,5,-11,4,ESE,0.0,88,10,1026
2017-01-29,Albania,Kukes,4,-5,5,E,0.0,88,49,1025
2017-01-30,Albania,Kukes,3,-15,5,ESE,0.0,95,42,1025
2017-01-31,Albania,Kukes,5,-7,6,SSW,0.1,98,78,1027
2017-02-01,Albania,Kukes,6,-3,9,SSW,0.0,98,75,1028
2017-02-02,Albania,Kukes,5,-1,9,SSW,2.0,98,71,1028
2017-02-03,Albania,Kukes,6,0,11,SSW,6.8,99,83,1023
2017-02-04,Albania,Kukes,6,-6,13,SW,11.5,99,81,1017
2017-02-05,Albania,Kukes,8,-5,12,SW,14.7,97,67,1013
2017-02-06,Albania,Kukes,7,-6,9,S,27.1,96,62,1008
2017-02-07,Albania,Kukes,3,-10,5,ENE,8.6,94,61,1011
2017-02-08,Albania,Kukes,6,0,8,NE,0.2,94,59,1017
2017-02-09,Albania,Kukes,6,1,8,ENE,2.5,92,72,1022
2017-02-10,Albania,Kukes,6,-3,8,ENE,1.1,93,58,1023
2017-02-11,Albania,Kukes,2,-11,7,ENE,0.0,91,25,1025
2017-02-12,Albania,Kukes,5,-7,7,ENE,0.0,90,18,1029
2017-02-13,Albania,Kukes,3,-8,8,ENE,0.0,88,26,1030
2017-02-14,Albania,Kukes,3,-15,9,ENE,0.0,74,5,1033
2017-02-15,Albania,Kukes,9,-3,8,ENE,0.0,67,1,1034
2017-02-16,Albania,Kukes,10,-2,6,ESE,0.0,79,0,1032
2017-02-17,Albania,Kukes,5,-8,9,SW,0.0,94,37,1026
2017-02-18,Albania,Kukes,5,-8,8,SSW,4.8,96,54,1022
2017-02-19,Albania,Kukes,2,-9,6,NE,32.5,98,66,1022
2017-02-20,Albania,Kukes,5,-15,3,SE,1.4,90,18,1023
2017-02-21,Albania,Kukes,8,-7,5,S,0.0,79,16,1020
2017-02-22,Albania,Kukes,6,-10,7,SSW,0.0,87,37,1020
2017-02-23,Albania,Kukes,11,-7,12,SW,0.0,92,29,1019
2017-02-24,Albania,Kukes,11,5,13,SW,0.0,93,42,1016
2017-02-25,Albania,Kukes,8,2,10,ESE,37.8,94,79,1019
2017-02-26,Albania,Kukes,12,-3,5,SSE,0.4,91,38,1022
2017-02-27,Albania,Kukes,13,-7,4,SSE,0.2,89,33,1018
2017-02-28,Albania,Kukes,6,-5,11,SSW,0.1,90,43,1015
2017-03-01,Albania,Kukes,10,-4,13,SW,17.2,93,56,1011
2017-03-02,Albania,Kukes,12,2,5,SE,0.0,78,24,1018
2017-03-03,Albania,Kukes,11,3,7,ESE,0.0,67,8,1020
2017-03-04,Albania,Kukes,13,-2,9,SSW,0.0,81,26,1020
2017-03-05,Albania,Kukes,11,3,10,SSW,0.3,87,55,1017
2017-03-06,Albania,Kukes,8,0,13,SW,13.1,92,63,1012
2017-03-07,Albania,Kukes,9,3,7,SE,12.0,91,66,1005
2017-03-08,Albania,Kukes,7,-6,14,NE,19.5,94,63,1008
2017-03-09,Albania,Kukes,10,-1,12,NNE,7.2,93,57,1014
2017-03-10,Albania,Kukes,8,3,13,NNE,4.3,90,78,1009
2017-03-11,Albania,Kukes,6,2,17,NE,8.9,89,56,1012
2017-03-12,Albania,Kukes,6,-3,9,NE,2.6,86,35,1014
2017-03-13,Albania,Kukes,7,0,8,NNE,2.7,83,41,1019
2017-03-14,Albania,Kukes,8,-4,9,NE,1.2,84,40,1025
2017-03-15,Albania,Kukes,9,-9,8,NE,0.2,81,32,1025
2017-03-16,Albania,Kukes,8,-8,8,NE,0.7,81,24,1021
2017-03-17,Albania,Kukes,11,-6,6,NE,0.0,67,9,1018
2017-03-18,Albania,Kukes,13,-4,14,SW,0.0,74,22,1015
2017-03-19,Albania,Kukes,12,-4,9,SW,0.9,87,65,1013
2017-03-20,Albania,Kukes,17,2,5,SW,0.0,76,15,1014
2017-03-21,Albania,Kukes,19,-3,3,SSE,2.7,75,16,1012
2017-03-22,Albania,Kukes,21,5,4,S,2.0,72,12,1014
2017-03-23,Albania,Kukes,20,2,3,S,7.1,74,14,1018
2017-03-24,Albania,Kukes,19,6,4,SSE,0.0,67,7,1021
2017-03-25,Albania,Kukes,20,10,6,SSE,0.1,72,15,1020
2017-03-26,Albania,Kukes,10,4,11,SSE,18.0,85,45,1016
2017-03-27,Albania,Kukes,9,0,10,NE,2.7,83,27,1021
2017-03-28,Albania,Kukes,12,-1,9,ENE,0.0,70,6,1022
2017-03-29,Albania,Kukes,15,-6,9,NE,0.0,69,5,1021
2017-03-30,Albania,Kukes,17,6,11,NE,0.0,74,17,1021
2017-03-31,Albania,Kukes,16,8,8,NE,0.0,80,29,1023
2017-04-01,Albania,Kukes,17,-4,3,SSW,1.3,75,19,1020
2017-04-02,Albania,Kukes,18,-3,5,SE,2.8,67,10,1018
2017-04-03,Albania,Kukes,15,3,5,ESE,1.2,62,53,1017
2017-04-04,Albania,Kukes,11,7,6,SSW,13.2,87,84,1017
2017-04-05,Albania,Kukes,12,-5,6,SW,6.3,87,49,1016
2017-04-06,Albania,Kukes,14,2,6,WSW,6.6,84,64,1014
2017-04-07,Albania,Kukes,8,-5,7,E,2.7,70,33,1017
2017-04-08,Albania,Kukes,12,-8,6,ESE,0.2,70,22,1021
2017-04-09,Albania,Kukes,15,-4,8,NE,0.0,77,16,1024
2017-04-10,Albania,Kukes,19,-1,5,SSE,0.0,73,9,1021
2017-04-11,Albania,Kukes,19,7,6,SW,0.3,68,12,1017
2017-04-12,Albania,Kukes,16,-2,9,NE,0.9,73,26,1017
2017-04-13,Albania,Kukes,17,-1,6,SW,0.0,72,23,1012
2017-04-14,Albania,Kukes,18,3,5,SSE,0.0,74,17,1014
2017-04-15,Albania,Kukes,17,3,6,SSW,3.4,73,17,1014
2017-04-16,Albania,Kukes,16,0,8,SSW,19.7,80,55,1011
2017-04-17,Albania,Kukes,9,-5,10,NE,25.1,84,50,1012
2017-04-18,Albania,Kukes,13,-5,6,SSE,4.1,69,31,1012
2017-04-19,Albania,Kukes,8,1,10,SSW,44.1,96,71,1010
2017-04-20,Albania,Kukes,5,-1,8,SSW,4.7,86,62,1016
2017-04-21,Albania,Kukes,7,-5,10,NE,0.4,70,23,1024
2017-04-22,Albania,Kukes,9,-12,7,ESE,0.0,64,9,1022
2017-04-23,Albania,Kukes,7,-11,5,S,3.7,80,37,1020
2017-04-24,Albania,Kukes,14,-10,5,SSE,0.2,77,15,1023
2017-04-25,Albania,Kukes,16,-6,8,SW,0.0,76,25,1020
2017-04-26,Albania,Kukes,18,-5,9,SW,0.0,73,12,1018
2017-04-27,Albania,Kukes,21,9,9,SW,0.0,67,8,1017
2017-04-28,Albania,Kukes,21,2,11,SSW,0.0,58,12,1015
2017-04-29,Albania,Kukes,19,9,7,SSE,2.2,62,43,1012
2017-04-30,Albania,Kukes,18,7,10,ENE,9.9,82,45,1013
2017-05-01,Albania,Kukes,20,9,4,SSE,2.0,79,28,1013
2017-05-02,Albania,Kukes,22,11,4,SW,5.2,77,19,1015
2017-05-03,Albania,Kukes,20,0,5,SSW,31.3,81,19,1016
2017-05-04,Albania,Kukes,19,-1,7,SW,1.1,72,11,1015
2017-05-05,Albania,Kukes,15,-2,11,SW,1.7,73,23,1015
2017-05-06,Albania,Kukes,18,-4,7,SW,0.2,72,12,1015
2017-05-07,Albania,Kukes,13,-1,13,SSW,5.1,82,53,1009
2017-05-08,Albania,Kukes,16,-2,6,SW,5.0,88,47,1008
2017-05-09,Albania,Kukes,14,4,8,NNE,9.3,86,50,1007
2017-05-10,Albania,Kukes,14,-3,7,SE,4.1,85,52,1013
2017-05-11,Albania,Kukes,20,5,9,SSW,0.0,70,13,1015
2017-05-12,Albania,Kukes,22,2,10,SSW,0.0,64,16,1012
2017-05-13,Albania,Kukes,22,3,13,SW,0.0,75,13,1013
2017-05-14,Albania,Kukes,21,0,7,SW,0.0,68,5,1019
2017-05-15,Albania,Kukes,21,7,8,NE,1.2,74,13,1021
2017-05-16,Albania,Kukes,19,1,10,NE,4.0,81,36,1022
2017-05-17,Albania,Kukes,16,0,14,NE,7.9,86,59,1018
2017-05-18,Albania,Kukes,20,2,10,NE,0.0,72,21,1018
2017-05-19,Albania,Kukes,23,7,5,SSW,0.0,64,8,1015
2017-05-20,Albania,Kukes,23,6,9,SW,0.2,70,15,1014
2017-05-21,Albania,Kukes,17,4,10,NE,6.7,84,45,1012
2017-05-22,Albania,Kukes,19,7,9,NNE,1.3,80,30,1015
2017-05-23,Albania,Kukes,23,-1,5,SSE,4.6,75,14,1016
2017-05-24,Albania,Kukes,21,0,4,WSW,12.5,83,35,1016
2017-05-25,Albania,Kukes,14,6,8,NE,35.6,92,85,1014
2017-05-26,Albania,Kukes,12,-3,10,NE,29.1,95,73,1014
2017-05-27,Albania,Kukes,17,0,11,NNE,1.6,80,36,1016
2017-05-28,Albania,Kukes,17,2,12,NE,2.3,80,27,1020
2017-05-29,Albania,Kukes,20,-1,7,NE,0.1,74,14,1018
2017-05-30,Albania,Kukes,22,-3,5,WSW,0.0,68,10,1017
2017-05-31,Albania,Kukes,24,1,8,SW,0.0,67,7,1019
2017-06-01,Albania,Kukes,25,2,6,WSW,1.4,69,8,1019
2017-06-02,Albania,Kukes,25,1,4,SW,2.5,71,10,1018
2017-06-03,Albania,Kukes,22,3,6,ENE,9.8,79,39,1015
2017-06-04,Albania,Kukes,23,2,3,SSE,6.2,82,31,1014
2017-06-05,Albania,Kukes,24,3,3,SW,14.0,82,22,1013
2017-06-06,Albania,Kukes,25,2,6,SSW,13.7,79,18,1013
2017-06-07,Albania,Kukes,25,5,5,SW,15.7,75,22,1013
2017-06-08,Albania,Kukes,21,3,10,NE,1.0,76,30,1016
2017-06-09,Albania,Kukes,22,-1,8,NE,0.0,66,3,1016
2017-06-10,Albania,Kukes,24,0,5,SSW,0.1,64,12,1017
2017-06-11,Albania,Kukes,20,8,11,NE,17.2,81,47,1017
2017-06-12,Albania,Kukes,25,4,7,ESE,0.0,72,13,1016
2017-06-13,Albania,Kukes,27,1,5,E,0.0,65,5,1015
2017-06-14,Albania,Kukes,30,10,5,S,0.2,68,20,1015
2017-06-15,Albania,Kukes,24,5,7,NE,2.2,78,46,1016
2017-06-16,Albania,Kukes,26,5,5,NE,0.1,65,19,1016
2017-06-17,Albania,Kukes,22,3,9,ENE,0.5,69,34,1014
2017-06-18,Albania,Kukes,17,-3,11,NNE,1.4,75,32,1015
2017-06-19,Albania,Kukes,22,1,12,NE,0.7,74,34,1018
2017-06-20,Albania,Kukes,24,0,6,SE,0.0,71,11,1019
2017-06-21,Albania,Kukes,27,0,4,WSW,0.0,64,7,1016
2017-06-22,Albania,Kukes,28,1,5,SSE,0.0,60,7,1017
2017-06-23,Albania,Kukes,28,4,7,SW,0.1,60,4,1017
2017-06-24,Albania,Kukes,30,4,7,ENE,0.0,60,12,1017
2017-06-25,Albania,Kukes,31,4,4,SW,0.0,56,6,1015
2017-06-26,Albania,Kukes,29,6,5,SW,3.6,62,10,1013
2017-06-27,Albania,Kukes,29,4,6,S,0.9,65,5,1013
2017-06-28,Albania,Kukes,28,7,10,SW,0.3,59,6,1011
2017-06-29,Albania,Kukes,31,8,15,SSW,0.4,55,3,1011
2017-06-30,Albania,Kukes,32,7,11,SW,0.0,53,2,1014
2017-07-01,Albania,Kukes,31,10,12,SSW,0.0,48,14,1012
2017-07-02,Albania,Kukes,23,5,5,S,8.3,76,20,1010
2017-07-03,Albania,Kukes,20,0,10,NE,3.7,80,32,1013
2017-07-04,Albania,Kukes,24,3,11,NE,0.0,68,13,1019
2017-07-05,Albania,Kukes,25,1,8,NE,0.0,61,2,1019
2017-07-06,Albania,Kukes,28,2,7,NE,0.0,56,2,1019
2017-07-07,Albania,Kukes,30,4,5,SSE,0.0,56,4,1019
2017-07-08,Albania,Kukes,30,4,5,NE,0.0,55,6,1016
2017-07-09,Albania,Kukes,30,5,5,NE,0.7,60,14,1016
2017-07-10,Albania,Kukes,32,6,5,SSW,0.2,57,5,1016
2017-07-11,Albania,Kukes,32,9,10,SW,0.0,43,1,1016
2017-07-12,Albania,Kukes,31,8,7,WSW,0.0,41,3,1014
2017-07-13,Albania,Kukes,32,12,9,E,0.0,57,11,1012
2017-07-14,Albania,Kukes,28,13,10,NE,0.0,54,10,1012
2017-07-15,Albania,Kukes,26,3,10,NE,0.0,53,14,1012
2017-07-16,Albania,Kukes,19,3,15,NE,2.8,75,41,1015
2017-07-17,Albania,Kukes,19,2,14,NE,10.9,83,48,1017
2017-07-18,Albania,Kukes,24,2,9,NE,0.2,73,22,1019
2017-07-19,Albania,Kukes,28,1,5,SE,0.1,57,8,1018
2017-07-20,Albania,Kukes,28,7,4,WSW,0.9,54,19,1015
2017-07-21,Albania,Kukes,30,7,6,ENE,0.2,48,6,1015
2017-07-22,Albania,Kukes,32,13,6,SSW,0.0,44,5,1016
2017-07-23,Albania,Kukes,32,10,8,SW,0.0,42,8,1015
2017-07-24,Albania,Kukes,32,11,9,SSW,0.0,48,5,1010
2017-07-25,Albania,Kukes,25,7,14,SW,4.1,63,19,1005
2017-07-26,Albania,Kukes,24,10,10,SW,10.2,76,21,1006
2017-07-27,Albania,Kukes,22,2,6,S,11.8,72,26,1009
2017-07-28,Albania,Kukes,25,1,5,WSW,0.0,63,11,1014
2017-07-29,Albania,Kukes,29,5,5,SSW,0.0,54,13,1018
2017-07-30,Albania,Kukes,30,7,5,SSE,0.1,56,19,1018
2017-07-31,Albania,Kukes,32,9,8,ENE,1.2,51,10,1017
2017-08-01,Albania,Kukes,32,9,10,NE,1.3,49,2,1019
2017-08-02,Albania,Kukes,32,8,10,ENE,0.0,43,1,1019
2017-08-03,Albania,Kukes,34,9,8,NE,0.0,35,7,1017
2017-08-04,Albania,Kukes,34,19,8,NE,0.0,36,3,1015
2017-08-05,Albania,Kukes,34,12,8,ENE,0.0,33,4,1013
2017-08-06,Albania,Kukes,34,12,7,SSE,0.0,35,4,1013
2017-08-07,Albania,Kukes,31,12,9,ENE,3.3,53,8,1014
2017-08-08,Albania,Kukes,32,7,7,SE,0.0,58,8,1017
2017-08-09,Albania,Kukes,33,10,9,ENE,0.0,44,5,1017
2017-08-10,Albania,Kukes,34,11,7,NE,0.0,39,3,1016
2017-08-11,Albania,Kukes,35,11,8,S,0.0,41,2,1013
2017-08-12,Albania,Kukes,28,9,10,SW,0.0,59,5,1011
2017-08-13,Albania,Kukes,20,3,13,NE,2.5,77,33,1014
2017-08-14,Albania,Kukes,24,2,13,NE,0.0,72,23,1018
2017-08-15,Albania,Kukes,27,3,10,NE,0.0,66,10,1019
2017-08-16,Albania,Kukes,28,6,12,NE,2.0,66,20,1017
2017-08-17,Albania,Kukes,28,11,12,NE,0.2,61,16,1017
2017-08-18,Albania,Kukes,29,11,10,ENE,0.0,51,10,1018
2017-08-19,Albania,Kukes,28,8,5,SSE,0.0,47,18,1016
2017-08-20,Albania,Kukes,29,11,6,SW,3.5,47,13,1014
2017-08-21,Albania,Kukes,21,6,14,NE,10.0,77,50,1015
2017-08-22,Albania,Kukes,22,4,12,NE,0.0,62,9,1017
2017-08-23,Albania,Kukes,24,0,9,ENE,0.0,54,3,1018
2017-08-24,Albania,Kukes,26,2,8,ENE,0.0,46,0,1021
2017-08-25,Albania,Kukes,26,5,9,ENE,0.0,39,2,1021
2017-08-26,Albania,Kukes,30,8,9,ENE,0.0,35,6,1019
2017-08-27,Albania,Kukes,31,17,8,NE,0.0,31,1,1016
2017-08-28,Albania,Kukes,29,8,11,NE,0.6,47,12,1014
2017-08-29,Albania,Kukes,22,10,12,NE,6.9,71,46,1015
2017-08-30,Albania,Kukes,25,1,10,ENE,0.0,62,6,1017
2017-08-31,Albania,Kukes,28,5,7,SSW,0.0,51,1,1018
2017-09-01,Albania,Kukes,29,6,8,SW,0.0,46,6,1015
2017-09-02,Albania,Kukes,29,6,11,SW,0.0,49,9,1013
2017-09-03,Albania,Kukes,20,5,16,SW,7.9,72,34,1010
2017-09-04,Albania,Kukes,21,0,6,WSW,0.1,64,14,1016
2017-09-05,Albania,Kukes,19,3,6,SSE,3.7,63,40,1019
2017-09-06,Albania,Kukes,22,0,6,SSW,0.0,55,4,1019
2017-09-07,Albania,Kukes,24,2,8,SSW,0.0,47,7,1016
2017-09-08,Albania,Kukes,24,4,5,S,4.2,65,26,1015
2017-09-09,Albania,Kukes,19,6,12,SSW,21.3,82,43,1012
2017-09-10,Albania,Kukes,25,4,10,SSW,0.0,65,5,1012
2017-09-11,Albania,Kukes,26,6,12,SSE,3.6,61,15,1007
2017-09-12,Albania,Kukes,20,4,17,SW,12.4,89,67,1010
2017-09-13,Albania,Kukes,22,4,11,SW,5.2,81,30,1018
2017-09-14,Albania,Kukes,23,3,10,SSW,0.0,60,0,1017
2017-09-15,Albania,Kukes,27,3,6,SSE,0.0,45,0,1015
2017-09-16,Albania,Kukes,27,5,8,SSW,0.0,49,2,1015
2017-09-17,Albania,Kukes,30,8,14,SSW,0.0,49,9,1015
2017-09-18,Albania,Kukes,24,6,9,SW,0.0,68,14,1015
2017-09-19,Albania,Kukes,21,2,13,SSW,0.0,64,13,1012
2017-09-20,Albania,Kukes,17,3,12,SW,5.3,71,28,1011
2017-09-21,Albania,Kukes,14,-2,6,WSW,7.9,81,52,1015
2017-09-22,Albania,Kukes,15,-4,5,SW,0.1,72,27,1020
2017-09-23,Albania,Kukes,19,-2,5,SW,0.0,64,8,1022
2017-09-24,Albania,Kukes,20,0,4,SSE,5.2,58,45,1020
2017-09-25,Albania,Kukes,16,1,8,E,17.4,83,70,1018
2017-09-26,Albania,Kukes,16,0,10,NE,6.2,86,67,1019
2017-09-27,Albania,Kukes,16,7,10,NE,5.4,87,64,1022
2017-09-28,Albania,Kukes,15,0,11,NE,2.6,85,63,1024
2017-09-29,Albania,Kukes,14,-1,12,NE,2.7,79,59,1022
2017-09-30,Albania,Kukes,15,-3,9,ENE,0.4,77,34,1020
2017-10-01,Albania,Kukes,17,-3,5,ENE,0.0,72,27,1021
2017-10-02,Albania,Kukes,18,-2,5,ENE,0.0,73,24,1024
2017-10-03,Albania,Kukes,21,5,8,SSW,0.0,69,13,1023
2017-10-04,Albania,Kukes,19,7,7,E,0.0,66,14,1024
2017-10-05,Albania,Kukes,19,0,12,SW,0.0,67,5,1020
2017-10-06,Albania,Kukes,9,1,12,SE,1.1,85,44,1012
2017-10-07,Albania,Kukes,5,2,14,NNE,61.9,95,73,1012
2017-10-08,Albania,Kukes,13,-5,6,S,0.0,71,21,1017
2017-10-09,Albania,Kukes,15,-5,6,E,0.0,68,11,1019
2017-10-10,Albania,Kukes,17,0,6,SSW,0.0,64,8,1021
2017-10-11,Albania,Kukes,18,9,6,ENE,0.0,65,8,1023
2017-10-12,Albania,Kukes,20,3,4,SSW,0.0,64,4,1024
2017-10-13,Albania,Kukes,18,3,8,ENE,0.0,66,6,1025
2017-10-14,Albania,Kukes,19,8,10,NE,0.0,72,3,1026
2017-10-15,Albania,Kukes,21,10,9,ENE,0.0,66,1,1028
2017-10-16,Albania,Kukes,22,2,7,ENE,0.0,56,2,1028
2017-10-17,Albania,Kukes,23,4,5,E,0.0,55,15,1026
2017-10-18,Albania,Kukes,21,4,5,S,0.0,47,71,1021
2017-10-19,Albania,Kukes,20,3,7,SW,0.0,55,4,1019
2017-10-20,Albania,Kukes,19,2,7,SW,0.0,62,6,1020
2017-10-21,Albania,Kukes,18,2,7,SSW,0.0,66,4,1020
2017-10-22,Albania,Kukes,20,7,9,SSW,0.0,68,26,1016
2017-10-23,Albania,Kukes,12,1,14,S,19.0,81,75,1006
2017-10-24,Albania,Kukes,7,2,13,NNE,10.8,90,75,1008
2017-10-25,Albania,Kukes,11,1,18,NE,0.9,87,62,1021
2017-10-26,Albania,Kukes,14,-5,9,ENE,0.0,68,32,1026
2017-10-27,Albania,Kukes,19,7,8,SSW,0.0,51,11,1017
2017-10-28,Albania,Kukes,10,5,15,NNE,6.0,78,43,1015
2017-10-29,Albania,Kukes,9,-6,13,SSW,0.4,67,25,1011
2017-10-30,Albania,Kukes,9,-5,10,NE,1.4,60,10,1016
2017-10-31,Albania,Kukes,8,1,10,NE,0.0,53,3,1025
2017-11-01,Albania,Kukes,8,-3,8,ENE,0.0,61,3,1026
2017-11-02,Albania,Kukes,11,5,7,SSW,0.0,49,5,1022
2017-11-03,Albania,Kukes,11,2,8,S,1.5,66,44,1018
2017-11-04,Albania,Kukes,11,4,10,ENE,1.9,82,30,1020
2017-11-05,Albania,Kukes,12,2,7,S,0.0,65,4,1019
2017-11-06,Albania,Kukes,13,4,8,SSE,0.7,68,27,1016
2017-11-07,Albania,Kukes,12,7,10,SE,14.1,83,72,1017
2017-11-08,Albania,Kukes,11,-2,6,SSW,39.1,87,59,1017
2017-11-09,Albania,Kukes,11,-4,7,SW,0.4,85,29,1021
2017-11-10,Albania,Kukes,13,4,4,S,1.5,79,36,1021
2017-11-11,Albania,Kukes,14,3,4,SSW,11.9,85,57,1016
2017-11-12,Albania,Kukes,13,4,14,SW,6.3,92,61,1012
2017-11-13,Albania,Kukes,13,-2,12,S,7.0,84,31,1004
2017-11-14,Albania,Kukes,9,-2,11,ENE,9.7,89,75,1012
2017-11-15,Albania,Kukes,8,6,12,ENE,13.0,92,78,1018
2017-11-16,Albania,Kukes,9,7,11,ENE,10.3,94,83,1018
2017-11-17,Albania,Kukes,9,-3,11,ENE,10.1,94,84,1016
2017-11-18,Albania,Kukes,10,4,10,NE,1.4,92,62,1014
2017-11-19,Albania,Kukes,10,1,6,SE,3.9,88,61,1012
2017-11-20,Albania,Kukes,1,-7,9,NE,11.2,85,43,1018
2017-11-21,Albania,Kukes,8,-7,7,SSW,0.0,66,11,1023
2017-11-22,Albania,Kukes,10,2,10,SSW,0.0,86,11,1022
2017-11-23,Albania,Kukes,12,5,8,SSW,0.0,75,2,1022
2017-11-24,Albania,Kukes,7,-5,5,SSW,0.0,73,5,1022
2017-11-25,Albania,Kukes,9,-4,9,SSW,0.0,83,23,1021
2017-11-26,Albania,Kukes,10,-1,13,SSW,9.5,87,64,1015
2017-11-27,Albania,Kukes,0,-9,15,NNE,30.3,91,60,1016
2017-11-28,Albania,Kukes,2,-7,8,ESE,0.0,61,18,1018
2017-11-29,Albania,Kukes,5,-8,12,SSW,0.3,67,23,1016
2017-11-30,Albania,Kukes,10,-4,15,SSW,121.9,96,92,1007
2017-12-01,Albania,Kukes,6,-5,8,SSE,86.9,95,99,1009
2017-12-02,Albania,Kukes,4,-6,8,ENE,22.5,94,62,1013
2017-12-03,Albania,Kukes,5,-8,10,S,33.9,97,65,1017
2017-12-04,Albania,Kukes,5,-4,5,ESE,3.3,93,70,1024
2017-12-05,Albania,Kukes,2,-2,9,NE,0.0,79,21,1030
2017-12-06,Albania,Kukes,7,-1,6,SE,0.0,75,12,1033
2017-12-07,Albania,Kukes,10,3,8,SSW,0.0,68,5,1030
2017-12-08,Albania,Kukes,8,2,14,SSW,0.0,79,11,1024
2017-12-09,Albania,Kukes,8,2,21,SSW,35.4,91,76,1011
2017-12-10,Albania,Kukes,1,-1,12,SW,12.7,92,46,1018
2017-12-11,Albania,Kukes,6,-5,15,SSW,0.7,89,43,1020
2017-12-12,Albania,Kukes,11,7,17,SW,1.2,94,60,1020
2017-12-13,Albania,Kukes,10,0,16,SSW,7.9,92,59,1019
2017-12-14,Albania,Kukes,6,6,15,SW,9.2,90,68,1016
2017-12-15,Albania,Kukes,9,2,16,SSW,6.2,92,55,1011
2017-12-16,Albania,Kukes,7,-2,15,SSW,40.0,93,68,1006
2017-12-17,Albania,Kukes,3,-3,8,NNE,29.5,95,88,1013
2017-12-18,Albania,Kukes,1,-7,13,NE,15.7,93,73,1020
2017-12-19,Albania,Kukes,-5,-13,9,NE,1.0,82,22,1029
2017-12-20,Albania,Kukes,0,-10,10,ENE,0.0,82,8,1032
2017-12-21,Albania,Kukes,-1,-6,12,ENE,0.0,82,4,1032
2017-12-22,Albania,Kukes,2,-5,17,ENE,0.0,78,16,1026
2017-12-23,Albania,Kukes,3,-2,13,NE,0.0,86,24,1026
2017-12-24,Albania,Kukes,9,1,4,NE,0.1,85,27,1027
2017-12-25,Albania,Kukes,11,5,7,S,0.0,66,7,1027
2017-12-26,Albania,Kukes,9,4,11,SSW,0.7,85,33,1022
2017-12-27,Albania,Kukes,9,5,14,SSW,4.4,88,40,1012
2017-12-28,Albania,Kukes,7,4,16,SSW,32.3,89,67,1001
2017-12-29,Albania,Kukes,4,0,8,S,19.7,93,76,1007
2017-12-30,Albania,Kukes,4,-1,4,SE,0.0,80,33,1017
2017-12-31,Albania,Kukes,10,-1,8,S,0.0,53,13,1022
2018-01-01,Albania,Kukes,8,3,13,SSW,0.5,78,19,1017
2018-01-02,Albania,Kukes,5,-3,14,SW,23.0,94,70,1010
2018-01-03,Albania,Kukes,4,1,10,SE,1.6,82,34,1013
2018-01-04,Albania,Kukes,1,-4,7,ESE,13.7,85,44,1010
2018-01-05,Albania,Kukes,6,-8,9,SSW,0.0,70,20,1014
2018-01-06,Albania,Kukes,7,-5,9,SSW,0.2,89,25,1019
2018-01-07,Albania,Kukes,12,0,8,SSW,0.0,80,12,1026
2018-01-08,Albania,Kukes,8,-1,7,SSW,0.0,64,50,1030
2018-01-09,Albania,Kukes,8,-4,6,SSE,0.0,58,25,1029
2018-01-10,Albania,Kukes,10,-2,6,SE,0.1,74,31,1019
2018-01-11,Albania,Kukes,6,-4,6,ENE,3.6,90,61,1012
2018-01-12,Albania,Kukes,6,2,11,NE,1.5,90,57,1017
2018-01-13,Albania,Kukes,4,1,13,NE,6.4,91,73,1019
2018-01-14,Albania,Kukes,4,0,7,ESE,7.0,87,81,1023
2018-01-15,Albania,Kukes,5,4,8,SW,21.5,97,98,1024
2018-01-16,Albania,Kukes,6,4,15,SW,8.6,96,85,1016
2018-01-17,Albania,Kukes,7,1,18,SSW,47.1,95,87,1003
2018-01-18,Albania,Kukes,-2,-8,9,SW,9.3,82,31,1016
2018-01-19,Albania,Kukes,4,-8,15,SW,0.3,83,29,1016
2018-01-20,Albania,Kukes,3,-8,10,SW,21.1,95,68,1013
2018-01-21,Albania,Kukes,-3,-10,9,SE,25.1,89,61,1007
2018-01-22,Albania,Kukes,-1,-9,13,NE,3.4,83,24,1014
2018-01-23,Albania,Kukes,5,-7,9,ENE,0.3,77,38,1022
2018-01-24,Albania,Kukes,2,-4,11,ENE,0.0,86,15,1032
2018-01-25,Albania,Kukes,6,-8,6,SSE,0.0,66,3,1029
2018-01-26,Albania,Kukes,5,-8,6,SSE,0.0,73,0,1026
2018-01-27,Albania,Kukes,8,-5,5,ESE,0.0,69,6,1030
2018-01-28,Albania,Kukes,10,-8,6,E,0.0,62,17,1034
2018-01-29,Albania,Kukes,9,3,5,ESE,0.0,69,6,1032
2018-01-30,Albania,Kukes,9,4,8,SSE,0.0,81,5,1028
2018-01-31,Albania,Kukes,8,4,9,SSE,0.0,89,14,1025
2018-02-01,Albania,Kukes,8,-5,15,SSW,0.6,94,52,1018
2018-02-02,Albania,Kukes,8,5,14,SSW,26.0,93,64,1014
2018-02-03,Albania,Kukes,10,7,18,S,116.2,97,93,1006
2018-02-04,Albania,Kukes,6,2,11,SW,27.4,91,47,1012
2018-02-05,Albania,Kukes,5,-2,6,E,0.0,84,12,1022
2018-02-06,Albania,Kukes,5,-8,6,SE,0.0,77,19,1020
2018-02-07,Albania,Kukes,8,-5,11,SSE,5.8,85,50,1014
2018-02-08,Albania,Kukes,7,-8,14,SW,8.8,93,59,1013
2018-02-09,Albania,Kukes,8,3,7,SSW,0.0,87,41,1016
2018-02-10,Albania,Kukes,4,-8,16,NE,16.2,91,83,1007
2018-02-11,Albania,Kukes,3,-7,11,NE,13.3,93,84,1006
2018-02-12,Albania,Kukes,4,-10,8,SSW,2.6,91,62,1013
2018-02-13,Albania,Kukes,4,-10,9,SE,28.5,91,83,1010
2018-02-14,Albania,Kukes,1,-8,8,SW,13.0,93,56,1012
2018-02-15,Albania,Kukes,-2,-8,15,NE,2.8,87,55,1019
2018-02-16,Albania,Kukes,7,-5,7,E,0.0,84,10,1025
2018-02-17,Albania,Kukes,8,-2,7,SE,0.0,76,15,1024
2018-02-18,Albania,Kukes,7,-7,9,S,1.4,89,75,1019
2018-02-19,Albania,Kukes,-8,-9,10,ENE,15.5,94,90,1016
2018-02-20,Albania,Kukes,5,-9,9,ESE,10.4,93,87,1010
2018-02-21,Albania,Kukes,5,3,9,E,19.0,94,92,1007
2018-02-22,Albania,Kukes,7,3,7,ESE,12.3,94,55,1009
2018-02-23,Albania,Kukes,7,2,8,E,0.4,94,44,1010
2018-02-24,Albania,Kukes,4,0,12,ENE,2.6,94,66,1010
2018-02-25,Albania,Kukes,-3,-6,16,NE,19.2,92,82,1012
2018-02-26,Albania,Kukes,-3,-14,15,ENE,29.4,95,92,1005
2018-02-27,Albania,Kukes,-1,-16,7,S,29.5,95,88,1005
2018-02-28,Albania,Kukes,-3,-17,7,SW,8.6,91,80,1015
2018-03-01,Albania,Kukes,4,-11,8,S,6.5,86,71,1018
2018-03-02,Albania,Kukes,7,0,14,SSW,58.3,100,100,1004
2018-03-03,Albania,Kukes,6,-5,14,SW,13.2,97,75,1002
2018-03-04,Albania,Kukes,7,0,11,SSW,12.0,96,73,1004
2018-03-05,Albania,Kukes,9,2,9,ESE,9.8,92,81,1002
2018-03-06,Albania,Kukes,8,-2,15,SSW,30.8,94,73,999
2018-03-07,Albania,Kukes,8,4,16,SW,4.6,92,54,1004
2018-03-08,Albania,Kukes,7,3,13,SSW,15.0,93,67,1009
2018-03-09,Albania,Kukes,10,-3,8,SSW,0.0,72,31,1018
2018-03-10,Albania,Kukes,11,-7,12,SSW,0.0,65,36,1018
2018-03-11,Albania,Kukes,14,-4,11,SSW,0.0,80,15,1015
2018-03-12,Albania,Kukes,13,6,14,SSW,27.6,87,54,1009
2018-03-13,Albania,Kukes,11,-2,15,SW,5.9,89,65,1009
2018-03-14,Albania,Kukes,9,2,10,SW,4.0,87,54,1011
2018-03-15,Albania,Kukes,10,-6,11,SW,0.4,85,53,1013
2018-03-16,Albania,Kukes,11,0,13,SSW,13.9,90,75,1010
2018-03-17,Albania,Kukes,16,7,13,S,5.9,79,64,1001
2018-03-18,Albania,Kukes,11,-2,14,SW,34.4,88,69,1000
2018-03-19,Albania,Kukes,7,-4,10,SSW,46.2,93,87,1001
2018-03-20,Albania,Kukes,8,4,12,SSW,7.4,91,68,1007
2018-03-21,Albania,Kukes,7,0,10,SSE,49.6,96,91,1013
2018-03-22,Albania,Kukes,2,-13,17,ENE,14.3,92,66,1009
2018-03-23,Albania,Kukes,-1,-11,10,ENE,23.2,94,77,999
2018-03-24,Albania,Kukes,3,-4,8,ENE,5.5,91,71,1004
2018-03-25,Albania,Kukes,5,-4,8,E,10.9,93,77,1009
2018-03-26,Albania,Kukes,6,-3,5,ESE,19.3,95,75,1008
2018-03-27,Albania,Kukes,7,2,4,S,12.0,96,63,1013
2018-03-28,Albania,Kukes,8,-8,5,ENE,0.4,84,16,1014
2018-03-29,Albania,Kukes,6,-2,9,SSW,0.0,81,6,1014
2018-03-30,Albania,Kukes,9,1,10,SSW,0.0,82,12,1017
2018-03-31,Albania,Kukes,18,5,18,S,0.8,66,31,1009
2018-04-01,Albania,Kukes,4,2,17,WSW,23.3,93,74,1006
2018-04-02,Albania,Kukes,8,2,8,SW,0.8,83,34,1017
2018-04-03,Albania,Kukes,13,2,9,SSW,0.0,58,17,1021
2018-04-04,Albania,Kukes,15,5,11,SW,0.1,60,23,1020
2018-04-05,Albania,Kukes,14,6,9,SW,1.8,71,47,1014
2018-04-06,Albania,Kukes,7,4,12,ENE,7.1,86,72,1014
2018-04-07,Albania,Kukes,11,4,12,ENE,0.2,84,50,1019
2018-04-08,Albania,Kukes,16,6,8,E,0.0,64,8,1018
2018-04-09,Albania,Kukes,18,8,8,S,0.0,59,12,1015
2018-04-10,Albania,Kukes,18,-2,8,SW,0.0,63,7,1013
2018-04-11,Albania,Kukes,19,3,4,SSW,0.0,63,16,1011
2018-04-12,Albania,Kukes,23,1,6,SE,1.1,59,13,1010
2018-04-13,Albania,Kukes,20,10,8,SW,1.6,71,10,1015
2018-04-14,Albania,Kukes,22,12,8,ENE,0.1,68,10,1018
2018-04-15,Albania,Kukes,22,15,10,E,0.2,69,50,1016
2018-04-16,Albania,Kukes,19,12,8,ESE,3.8,66,45,1014
2018-04-17,Albania,Kukes,18,5,8,ENE,0.4,75,33,1017
2018-04-18,Albania,Kukes,16,1,13,NE,0.8,87,59,1023
2018-04-19,Albania,Kukes,18,4,12,NE,0.4,83,40,1024
2018-04-20,Albania,Kukes,18,-1,14,NE,0.1,70,16,1020
2018-04-21,Albania,Kukes,17,-2,8,S,0.0,67,10,1021
2018-04-22,Albania,Kukes,21,0,6,WSW,0.0,67,4,1018
2018-04-23,Albania,Kukes,23,2,6,SSE,0.0,64,5,1016
2018-04-24,Albania,Kukes,23,3,8,SW,0.2,62,8,1017
2018-04-25,Albania,Kukes,23,5,6,SSW,0.1,56,12,1017
2018-04-26,Albania,Kukes,23,3,6,SW,0.1,50,6,1014
2018-04-27,Albania,Kukes,22,3,9,ENE,16.1,70,17,1015
2018-04-28,Albania,Kukes,24,7,7,ESE,18.5,65,12,1016
2018-04-29,Albania,Kukes,24,3,8,ESE,4.1,59,22,1014
2018-04-30,Albania,Kukes,21,3,6,SW,17.5,64,23,1014
2018-05-01,Albania,Kukes,22,3,5,SW,10.2,67,12,1013
2018-05-02,Albania,Kukes,23,4,7,ESE,3.7,64,19,1010
2018-05-03,Albania,Kukes,21,3,10,E,2.7,71,33,1007
2018-05-04,Albania,Kukes,22,7,6,ESE,22.6,75,47,1010
2018-05-05,Albania,Kukes,20,3,8,SE,39.8,78,55,1012
2018-05-06,Albania,Kukes,20,2,12,NE,17.9,80,44,1012
2018-05-07,Albania,Kukes,19,2,12,NE,1.0,85,48,1012
2018-05-08,Albania,Kukes,19,1,7,E,8.3,79,29,1008
2018-05-09,Albania,Kukes,19,2,5,SE,12.1,81,57,1006
2018-05-10,Albania,Kukes,21,5,8,NE,10.4,80,35,1008
2018-05-11,Albania,Kukes,19,9,11,NE,0.3,85,45,1014
2018-05-12,Albania,Kukes,22,12,6,E,0.2,70,9,1015
2018-05-13,Albania,Kukes,21,12,8,SW,5.7,72,17,1012
2018-05-14,Albania,Kukes,17,4,13,SW,5.3,83,40,1013
2018-05-15,Albania,Kukes,18,4,12,SW,35.6,88,63,1013
2018-05-16,Albania,Kukes,17,-2,13,SW,23.7,77,25,1015
2018-05-17,Albania,Kukes,19,-2,10,SW,0.0,73,9,1016
2018-05-18,Albania,Kukes,17,4,7,SSW,1.0,71,27,1016
2018-05-19,Albania,Kukes,20,4,9,ENE,3.7,78,23,1014
2018-05-20,Albania,Kukes,21,5,10,ENE,3.0,81,24,1016
2018-05-21,Albania,Kukes,22,12,7,E,12.7,81,24,1015
2018-05-22,Albania,Kukes,23,11,5,SSW,23.6,76,20,1017
2018-05-23,Albania,Kukes,18,3,7,ESE,36.4,77,33,1016
2018-05-24,Albania,Kukes,21,2,8,NE,2.5,82,33,1015
2018-05-25,Albania,Kukes,22,2,9,NE,1.6,80,21,1015
2018-05-26,Albania,Kukes,22,2,10,NE,0.8,81,18,1018
2018-05-27,Albania,Kukes,23,3,9,NE,0.2,77,11,1019
2018-05-28,Albania,Kukes,22,3,8,NE,1.1,76,12,1019
2018-05-29,Albania,Kukes,23,3,9,NE,1.0,75,14,1018
2018-05-30,Albania,Kukes,21,3,5,E,0.4,70,10,1016
2018-05-31,Albania,Kukes,25,4,6,NE,2.7,71,9,1016
2018-06-01,Albania,Kukes,26,4,5,S,0.4,63,7,1017
2018-06-02,Albania,Kukes,25,14,6,SSW,15.5,66,19,1017
2018-06-03,Albania,Kukes,24,4,6,WSW,8.4,74,11,1016
2018-06-04,Albania,Kukes,24,4,7,SW,6.1,72,11,1013
2018-06-05,Albania,Kukes,24,3,8,SW,9.3,68,16,1010
2018-06-06,Albania,Kukes,23,4,4,WSW,22.9,79,21,1014
2018-06-07,Albania,Kukes,26,5,4,SSW,9.4,74,12,1017
2018-06-08,Albania,Kukes,28,16,8,ESE,4.2,68,16,1015
2018-06-09,Albania,Kukes,21,9,11,SW,10.4,82,29,1012
2018-06-10,Albania,Kukes,24,11,8,ENE,0.0,77,19,1011
2018-06-11,Albania,Kukes,26,16,5,SE,9.0,76,17,1012
2018-06-12,Albania,Kukes,24,10,5,SW,2.8,72,8,1010
2018-06-13,Albania,Kukes,24,6,10,SW,29.0,78,12,1006
2018-06-14,Albania,Kukes,21,3,8,ENE,20.4,80,32,1005
2018-06-15,Albania,Kukes,19,3,11,NE,9.4,89,61,1007
2018-06-16,Albania,Kukes,21,3,10,NE,10.4,86,55,1008
2018-06-17,Albania,Kukes,23,2,8,NE,22.3,82,32,1011
2018-06-18,Albania,Kukes,23,3,11,NE,6.6,83,27,1012
2018-06-19,Albania,Kukes,23,12,12,NE,2.8,85,45,1016
2018-06-20,Albania,Kukes,25,15,10,NE,6.2,78,24,1019
2018-06-21,Albania,Kukes,26,14,6,SE,9.5,74,25,1017
2018-06-22,Albania,Kukes,23,13,9,SSW,22.4,80,21,1014
2018-06-23,Albania,Kukes,19,-1,14,NE,19.9,80,40,1017
2018-06-24,Albania,Kukes,18,-3,11,ENE,0.0,76,14,1017
2018-06-25,Albania,Kukes,18,0,10,NE,19.7,83,59,1015
2018-06-26,Albania,Kukes,17,6,17,NE,34.3,89,89,1012
2018-06-27,Albania,Kukes,14,1,14,NNE,37.4,95,94,1008
2018-06-28,Albania,Kukes,16,1,9,SE,27.4,91,87,1007
2018-06-29,Albania,Kukes,18,1,11,WSW,8.3,91,65,1008
2018-06-30,Albania,Kukes,23,5,8,WSW,8.7,84,48,1009
2018-07-01,Albania,Kukes,25,3,6,SSE,0.9,72,14,1015
2018-07-02,Albania,Kukes,26,7,7,SSW,3.4,73,15,1017
2018-07-03,Albania,Kukes,28,6,7,SW,0.1,67,5,1016
2018-07-04,Albania,Kukes,27,7,7,SW,0.0,72,6,1015
2018-07-05,Albania,Kukes,27,6,6,SSW,0.0,70,8,1015
2018-07-06,Albania,Kukes,27,7,7,SW,2.1,62,9,1012
2018-07-07,Albania,Kukes,24,6,6,SSE,11.6,77,17,1013
2018-07-08,Albania,Kukes,22,4,11,NE,13.1,82,29,1013
2018-07-09,Albania,Kukes,22,3,8,ESE,17.0,79,30,1013
2018-07-10,Albania,Kukes,23,1,5,S,0.2,75,19,1014
2018-07-11,Albania,Kukes,26,4,5,SW,0.9,74,15,1015
2018-07-12,Albania,Kukes,27,6,5,SW,0.1,69,6,1016
2018-07-13,Albania,Kukes,26,8,5,SSW,0.2,69,10,1017
2018-07-14,Albania,Kukes,25,5,8,NE,0.0,73,13,1017
2018-07-15,Albania,Kukes,28,6,5,SSE,0.0,65,8,1015
2018-07-16,Albania,Kukes,27,5,9,S,0.6,67,12,1014
2018-07-17,Albania,Kukes,24,6,9,SW,21.6,71,21,1010
2018-07-18,Albania,Kukes,24,4,7,SE,1.3,74,25,1012
2018-07-19,Albania,Kukes,24,4,7,SW,0.0,70,34,1013
2018-07-20,Albania,Kukes,26,7,7,E,0.0,70,17,1014
2018-07-21,Albania,Kukes,29,15,7,SSW,0.0,57,3,1015
2018-07-22,Albania,Kukes,28,12,12,SW,0.0,60,7,1012
2018-07-23,Albania,Kukes,22,6,9,SW,32.8,77,32,1008
2018-07-24,Albania,Kukes,24,4,12,NNE,1.6,80,35,1008
2018-07-25,Albania,Kukes,25,5,10,NNE,8.6,77,35,1009
2018-07-26,Albania,Kukes,25,5,10,NE,7.7,76,32,1011
2018-07-27,Albania,Kukes,25,5,6,SSE,9.0,75,19,1012
2018-07-28,Albania,Kukes,24,5,7,SW,7.6,74,14,1012
2018-07-29,Albania,Kukes,26,5,9,NE,0.2,73,16,1012
2018-07-30,Albania,Kukes,27,6,11,NE,1.8,75,20,1012
2018-07-31,Albania,Kukes,27,7,11,NE,0.4,76,19,1013
2018-08-01,Albania,Kukes,28,6,8,NE,14.3,75,28,1015
2018-08-02,Albania,Kukes,27,7,8,ENE,17.8,77,35,1015
2018-08-03,Albania,Kukes,26,7,11,NE,11.8,78,28,1015
2018-08-04,Albania,Kukes,26,5,9,NE,1.2,73,20,1016
2018-08-05,Albania,Kukes,26,6,7,NE,0.1,63,13,1016
2018-08-06,Albania,Kukes,27,6,8,NE,0.0,58,11,1017
2018-08-07,Albania,Kukes,28,6,7,NE,0.8,65,12,1017
2018-08-08,Albania,Kukes,29,7,6,ENE,0.0,60,10,1017
2018-08-09,Albania,Kukes,29,9,6,ENE,0.7,58,19,1018
2018-08-10,Albania,Kukes,29,8,8,ENE,0.2,62,7,1019
2018-08-11,Albania,Kukes,29,7,8,ENE,1.8,59,8,1018
2018-08-12,Albania,Kukes,28,7,8,NE,2.6,62,15,1018
2018-08-13,Albania,Kukes,28,7,6,SSW,2.0,57,8,1015
2018-08-14,Albania,Kukes,28,7,5,SW,0.1,55,8,1014
2018-08-15,Albania,Kukes,25,7,8,ENE,7.9,65,39,1013
2018-08-16,Albania,Kukes,23,6,9,NE,13.9,77,63,1014
2018-08-17,Albania,Kukes,27,5,8,NE,5.2,67,28,1015
2018-08-18,Albania,Kukes,27,6,8,NE,13.1,68,22,1016
2018-08-19,Albania,Kukes,27,6,8,ENE,8.4,63,23,1017
2018-08-20,Albania,Kukes,24,7,9,NE,3.5,61,19,1015
2018-08-21,Albania,Kukes,26,13,9,NE,1.1,64,27,1016
2018-08-22,Albania,Kukes,27,8,8,ENE,2.0,61,26,1017
2018-08-23,Albania,Kukes,27,7,7,ENE,4.3,58,31,1015
2018-08-24,Albania,Kukes,27,6,4,ESE,1.1,55,23,1012
2018-08-25,Albania,Kukes,26,17,4,SSW,9.5,61,32,1011
2018-08-26,Albania,Kukes,24,7,8,SW,28.5,76,21,1009
2018-08-27,Albania,Kukes,19,5,12,NE,4.8,89,61,1011
2018-08-28,Albania,Kukes,23,3,14,NE,0.0,81,38,1016
2018-08-29,Albania,Kukes,27,7,9,ENE,0.0,72,19,1017
2018-08-30,Albania,Kukes,27,11,5,SSW,1.1,65,18,1017
2018-08-31,Albania,Kukes,28,15,4,SSW,2.7,59,15,1017
2018-09-01,Albania,Kukes,21,14,5,SSW,3.1,59,23,1017
2018-09-02,Albania,Kukes,27,8,5,S,2.4,60,19,1017
2018-09-03,Albania,Kukes,24,7,9,SSW,5.8,71,13,1014
2018-09-04,Albania,Kukes,24,6,10,SW,0.0,69,7,1013
2018-09-05,Albania,Kukes,21,2,6,WSW,2.7,78,26,1014
2018-09-06,Albania,Kukes,24,11,6,SSE,0.0,69,13,1013
2018-09-07,Albania,Kukes,24,4,6,SW,0.3,65,12,1013
2018-09-08,Albania,Kukes,23,9,9,ENE,0.8,66,19,1017
2018-09-09,Albania,Kukes,24,8,9,NE,0.1,72,15,1020
2018-09-10,Albania,Kukes,24,3,8,NE,0.0,63,4,1021
2018-09-11,Albania,Kukes,22,2,10,NE,0.0,66,15,1023
2018-09-12,Albania,Kukes,23,2,12,NE,0.0,65,12,1022
2018-09-13,Albania,Kukes,23,2,9,NE,0.0,64,11,1017
2018-09-14,Albania,Kukes,24,4,5,SSW,0.0,65,16,1016
2018-09-15,Albania,Kukes,24,4,6,ENE,0.0,61,17,1020
2018-09-16,Albania,Kukes,24,4,10,NE,0.0,66,11,1023
2018-09-17,Albania,Kukes,25,2,7,ENE,0.0,58,3,1022
2018-09-18,Albania,Kukes,26,4,4,SE,0.0,54,9,1021
2018-09-19,Albania,Kukes,25,9,7,ENE,0.0,58,14,1020
2018-09-20,Albania,Kukes,26,11,8,ENE,0.0,55,7,1019
2018-09-21,Albania,Kukes,27,7,5,S,0.0,56,9,1018
2018-09-22,Albania,Kukes,26,8,5,SW,0.0,56,8,1019
2018-09-23,Albania,Kukes,27,5,6,SSW,0.0,59,8,1020
2018-09-24,Albania,Kukes,15,5,15,SSE,1.1,59,30,1018
2018-09-25,Albania,Kukes,10,-5,18,NE,0.0,61,10,1027
2018-09-26,Albania,Kukes,12,-1,19,NE,0.0,57,11,1031
2018-09-27,Albania,Kukes,14,-8,17,ENE,0.0,48,1,1028
2018-09-28,Albania,Kukes,15,-3,11,ENE,0.0,36,27,1019
2018-09-29,Albania,Kukes,14,-1,14,ENE,0.0,54,27,1015
2018-09-30,Albania,Kukes,14,5,12,ENE,0.0,72,25,1017
2018-10-01,Albania,Kukes,19,8,8,SSW,0.2,80,44,1012
2018-10-02,Albania,Kukes,20,8,6,S,1.8,73,26,1015
2018-10-03,Albania,Kukes,18,7,9,ENE,0.0,77,29,1020
2018-10-04,Albania,Kukes,18,3,11,ENE,0.0,59,14,1025
2018-10-05,Albania,Kukes,24,3,6,ESE,0.0,55,10,1026
2018-10-06,Albania,Kukes,24,10,5,SSE,6.8,70,25,1022
2018-10-07,Albania,Kukes,21,9,6,SSW,5.7,77,26,1017
2018-10-08,Albania,Kukes,20,13,8,ENE,8.5,76,24,1017
2018-10-09,Albania,Kukes,19,1,10,NE,0.0,71,19,1021
2018-10-10,Albania,Kukes,19,1,9,ENE,0.0,57,2,1022
2018-10-11,Albania,Kukes,20,11,8,ENE,0.0,53,4,1023
2018-10-12,Albania,Kukes,18,7,10,ENE,0.0,59,16,1024
2018-10-13,Albania,Kukes,18,-1,11,NE,0.0,67,27,1024
2018-10-14,Albania,Kukes,18,0,9,ENE,0.1,61,34,1022
2018-10-15,Albania,Kukes,19,11,8,E,0.0,65,19,1021
2018-10-16,Albania,Kukes,20,1,7,ENE,0.0,66,14,1021
2018-10-17,Albania,Kukes,20,1,8,ENE,0.0,64,14,1019
2018-10-18,Albania,Kukes,20,1,7,ENE,0.0,58,12,1017
2018-10-19,Albania,Kukes,19,1,7,ENE,0.0,68,16,1017
2018-10-20,Albania,Kukes,16,0,10,NE,0.4,79,30,1020
2018-10-21,Albania,Kukes,11,-1,12,NE,2.4,81,57,1019
2018-10-22,Albania,Kukes,12,-4,12,ENE,5.9,85,68,1019
2018-10-23,Albania,Kukes,12,-2,11,ENE,17.2,85,53,1018
2018-10-24,Albania,Kukes,15,-3,6,S,0.6,66,27,1011
2018-10-25,Albania,Kukes,12,-9,8,ENE,0.6,56,5,1018
2018-10-26,Albania,Kukes,15,0,12,SW,0.0,62,8,1018
2018-10-27,Albania,Kukes,18,-1,13,SSW,0.0,79,25,1017
2018-10-28,Albania,Kukes,21,2,12,S,0.7,77,47,1017
2018-10-29,Albania,Kukes,18,4,12,S,5.9,74,45,1017
2018-10-30,Albania,Kukes,16,3,12,S,9.6,77,52,1017
2018-10-31,Albania,Kukes,19,9,6,SSW,0.1,80,32,1024
2018-11-01,Albania,Kukes,18,5,8,SSE,2.9,70,58,1025
2018-11-02,Albania,Kukes,21,6,6,ESE,0.3,65,51,1024
2018-11-03,Albania,Kukes,20,10,9,ESE,0.0,50,17,1022
2018-11-04,Albania,Kukes,21,12,8,ESE,0.0,42,16,1021
2018-11-05,Albania,Kukes,16,11,7,SE,0.0,39,54,1021
2018-11-06,Albania,Kukes,19,10,7,E,0.0,51,8,1020
2018-11-07,Albania,Kukes,19,8,5,S,0.0,58,14,1020
2018-11-08,Albania,Kukes,15,4,6,ENE,0.0,74,23,1020
2018-11-09,Albania,Kukes,18,5,5,ENE,0.0,74,14,1020
2018-11-10,Albania,Kukes,17,10,4,SSW,0.0,70,12,1019
2018-11-11,Albania,Kukes,14,9,4,SSW,0.0,72,13,1022
2018-11-12,Albania,Kukes,18,2,6,E,0.0,57,2,1027
2018-11-13,Albania,Kukes,20,10,5,SSE,0.0,41,6,1027
2018-11-14,Albania,Kukes,12,6,10,NE,0.0,64,7,1025
2018-11-15,Albania,Kukes,8,-6,11,ENE,0.0,76,11,1025
2018-11-16,Albania,Kukes,8,-8,13,NE,1.7,79,55,1024
2018-11-17,Albania,Kukes,6,-8,12,ENE,3.0,80,52,1024
2018-11-18,Albania,Kukes,4,-3,11,ENE,14.9,86,77,1018
2018-11-19,Albania,Kukes,10,-3,5,SSE,3.9,82,48,1013
2018-11-20,Albania,Kukes,10,7,11,SSE,70.0,94,84,1012
2018-11-21,Albania,Kukes,10,1,5,SW,56.8,97,97,1012
2018-11-22,Albania,Kukes,10,3,4,ENE,0.1,88,35,1019
2018-11-23,Albania,Kukes,8,-4,5,E,0.0,78,11,1024
2018-11-24,Albania,Kukes,12,1,8,SSW,0.2,76,42,1023
2018-11-25,Albania,Kukes,12,6,11,S,21.8,88,74,1014
2018-11-26,Albania,Kukes,12,9,17,SW,22.0,91,74,1004
2018-11-27,Albania,Kukes,10,7,7,ESE,38.5,94,89,1003
2018-11-28,Albania,Kukes,2,0,17,NE,4.2,87,61,1013
2018-11-29,Albania,Kukes,1,-2,16,NE,0.9,80,41,1026
2018-11-30,Albania,Kukes,2,-8,8,ESE,0.0,68,10,1024
2018-12-01,Albania,Kukes,9,-8,6,S,0.0,72,53,1021
2018-12-02,Albania,Kukes,11,3,6,ESE,0.0,69,15,1021
2018-12-03,Albania,Kukes,11,3,6,SSW,0.7,79,46,1018
2018-12-04,Albania,Kukes,12,6,6,E,0.6,84,40,1014
2018-12-05,Albania,Kukes,6,1,14,NE,3.0,80,19,1023
2018-12-06,Albania,Kukes,7,-10,11,ENE,0.0,59,28,1025
2018-12-07,Albania,Kukes,11,2,6,SSE,0.0,30,17,1023
2018-12-08,Albania,Kukes,7,0,12,S,16.5,73,58,1015
2018-12-09,Albania,Kukes,5,-6,10,SSE,14.8,90,37,1012
2018-12-10,Albania,Kukes,3,-5,11,ENE,14.1,91,53,1011
2018-12-11,Albania,Kukes,0,-6,7,NE,0.0,70,12,1017
2018-12-12,Albania,Kukes,2,-9,3,SE,0.0,50,7,1021
2018-12-13,Albania,Kukes,1,-8,7,ESE,0.5,57,34,1020
2018-12-14,Albania,Kukes,6,-6,8,SE,27.7,95,71,1015
2018-12-15,Albania,Kukes,6,-6,8,SSE,26.0,91,91,1013
2018-12-16,Albania,Kukes,-3,-10,6,SE,25.1,89,70,1018
2018-12-17,Albania,Kukes,3,-12,9,E,5.9,70,67,1019
2018-12-18,Albania,Kukes,-2,-11,16,NE,16.2,92,88,1023
2018-12-19,Albania,Kukes,-1,-13,9,E,0.8,89,23,1027
2018-12-20,Albania,Kukes,4,-8,9,S,0.0,83,30,1027
2018-12-21,Albania,Kukes,6,3,9,SSW,4.7,93,77,1028
2018-12-22,Albania,Kukes,7,4,15,SW,1.1,98,94,1026
2018-12-23,Albania,Kukes,6,2,8,SSW,0.7,94,63,1025
2018-12-24,Albania,Kukes,8,3,16,S,26.4,96,88,1018
2018-12-25,Albania,Kukes,-5,-8,13,NE,7.7,85,15,1025
2018-12-26,Albania,Kukes,-2,-17,8,ENE,0.0,81,14,1029
2018-12-27,Albania,Kukes,4,-4,8,ENE,0.0,72,5,1027
2018-12-28,Albania,Kukes,8,-6,4,SSE,0.0,79,25,1025
2018-12-29,Albania,Kukes,5,0,8,NE,0.0,82,10,1025
2018-12-30,Albania,Kukes,4,0,7,ENE,0.0,80,28,1025
2018-12-31,Albania,Kukes,0,-6,12,NE,1.8,83,43,1022
2019-01-01,Albania,Kukes,3,-1,15,NE,0.3,84,32,1023
2019-01-02,Albania,Kukes,2,-3,10,ENE,5.7,69,47,1016
2019-01-03,Albania,Kukes,-5,-11,23,NE,10.8,82,98,1016
2019-01-04,Albania,Kukes,-8,-17,21,NE,5.3,76,97,1023
2019-01-05,Albania,Kukes,-6,-19,10,ENE,0.8,64,54,1021
2019-01-06,Albania,Kukes,-2,-15,7,E,0.6,65,39,1016
2019-01-07,Albania,Kukes,-6,-14,14,NNE,0.4,70,41,1025
2019-01-08,Albania,Kukes,-2,-19,9,SSE,0.1,56,33,1023
2019-01-09,Albania,Kukes,0,-2,9,ESE,32.4,93,91,1007
2019-01-10,Albania,Kukes,-1,-3,12,NE,39.9,96,95,1004
2019-01-11,Albania,Kukes,-1,-7,8,ENE,6.2,90,62,1017
2019-01-12,Albania,Kukes,-1,-8,10,ENE,0.0,88,16,1019
2019-01-13,Albania,Kukes,1,-6,6,SSE,0.2,83,37,1013
2019-01-14,Albania,Kukes,3,-9,11,SSW,10.6,94,77,1005
2019-01-15,Albania,Kukes,-3,-9,10,ENE,0.4,84,17,1016
2019-01-16,Albania,Kukes,3,-8,10,S,0.0,83,10,1024
2019-01-17,Albania,Kukes,5,-1,12,SSW,0.0,85,15,1022
2019-01-18,Albania,Kukes,6,0,11,SSW,2.2,93,63,1018
2019-01-19,Albania,Kukes,5,3,4,ESE,3.8,95,86,1017
2019-01-20,Albania,Kukes,5,-5,8,S,12.5,95,86,1015
2019-01-21,Albania,Kukes,3,-12,7,ESE,0.3,91,55,1017
2019-01-22,Albania,Kukes,5,2,8,SE,24.6,95,79,1010
2019-01-23,Albania,Kukes,5,3,9,SSE,14.2,95,77,1000
2019-01-24,Albania,Kukes,4,-9,8,SE,19.5,96,85,997
2019-01-25,Albania,Kukes,-1,-6,16,NE,21.8,96,99,999
2019-01-26,Albania,Kukes,-3,-15,15,NE,6.9,92,49,1006
2019-01-27,Albania,Kukes,3,-13,8,SE,0.0,88,22,1010
2019-01-28,Albania,Kukes,6,-4,13,S,7.0,94,67,1004
2019-01-29,Albania,Kukes,5,-3,6,SE,5.2,95,82,1004
2019-01-30,Albania,Kukes,4,1,6,SE,17.9,95,79,1002
2019-01-31,Albania,Kukes,0,-8,11,SSW,14.2,94,80,1005
2019-02-01,Albania,Kukes,3,-2,13,SSW,1.7,94,69,1015
2019-02-02,Albania,Kukes,7,-3,13,SSE,2.0,93,65,1014
2019-02-03,Albania,Kukes,-3,-5,13,SSE,2.3,86,54,1011
2019-02-04,Albania,Kukes,6,-5,11,E,8.9,94,91,1019
2019-02-05,Albania,Kukes,7,3,14,NE,0.4,95,73,1020
2019-02-06,Albania,Kukes,4,2,20,NE,7.1,91,79,1018
2019-02-07,Albania,Kukes,5,1,9,E,1.7,91,41,1021
2019-02-08,Albania,Kukes,7,0,8,SSW,0.0,80,5,1020
2019-02-09,Albania,Kukes,6,-2,9,SSW,0.0,80,4,1022
2019-02-10,Albania,Kukes,7,-6,12,SSW,0.0,85,23,1022
2019-02-11,Albania,Kukes,8,-4,16,SW,27.2,91,64,1010
2019-02-12,Albania,Kukes,2,-4,14,NE,17.7,88,48,1017
2019-02-13,Albania,Kukes,0,-4,24,NE,1.7,80,40,1029
2019-02-14,Albania,Kukes,-1,-14,15,NE,0.3,81,19,1031
2019-02-15,Albania,Kukes,3,0,18,NE,7.9,88,54,1028
2019-02-16,Albania,Kukes,5,-12,13,NE,0.2,83,12,1031
2019-02-17,Albania,Kukes,9,-8,8,ENE,0.0,69,10,1028
2019-02-18,Albania,Kukes,12,4,5,SE,0.0,61,0,1025
2019-02-19,Albania,Kukes,9,-7,8,SSW,0.0,70,16,1023
2019-02-20,Albania,Kukes,12,-4,6,E,0.0,63,9,1023
2019-02-21,Albania,Kukes,9,-2,8,NE,0.0,75,15,1026
2019-02-22,Albania,Kukes,6,-7,5,SE,4.5,77,60,1020
2019-02-23,Albania,Kukes,-3,-8,27,NE,4.1,75,73,1026
2019-02-24,Albania,Kukes,-1,-18,19,NE,0.0,70,23,1032
2019-02-25,Albania,Kukes,0,-8,16,ENE,0.2,74,12,1031
2019-02-26,Albania,Kukes,7,-3,10,ENE,0.3,68,17,1024
2019-02-27,Albania,Kukes,4,0,16,NE,1.0,86,40,1021
2019-02-28,Albania,Kukes,8,-11,8,SSE,0.0,73,1,1020
2019-03-01,Albania,Kukes,10,-8,8,SSW,0.0,72,5,1014
2019-03-02,Albania,Kukes,9,0,10,ENE,1.4,80,36,1013
2019-03-03,Albania,Kukes,8,1,8,NE,0.0,71,12,1019
2019-03-04,Albania,Kukes,11,2,10,SSW,0.0,62,9,1017
2019-03-05,Albania,Kukes,10,2,13,SW,0.7,77,40,1016
2019-03-06,Albania,Kukes,13,-4,11,SW,0.9,83,42,1020
2019-03-07,Albania,Kukes,15,-4,14,SSW,0.0,67,11,1021
2019-03-08,Albania,Kukes,15,-3,12,SW,0.0,55,21,1021
2019-03-09,Albania,Kukes,13,-4,13,SW,0.6,71,35,1023
2019-03-10,Albania,Kukes,15,7,15,SW,0.0,83,40,1021
2019-03-11,Albania,Kukes,10,1,13,SW,10.5,89,71,1014
2019-03-12,Albania,Kukes,0,-12,22,NE,36.4,93,74,1013
2019-03-13,Albania,Kukes,4,-11,9,ESE,0.3,69,11,1017
2019-03-14,Albania,Kukes,5,-5,8,ESE,3.5,80,59,1012
2019-03-15,Albania,Kukes,8,-1,5,S,0.0,76,23,1013
2019-03-16,Albania,Kukes,13,1,12,SSW,0.0,78,14,1018
2019-03-17,Albania,Kukes,15,-3,12,SSW,0.0,70,2,1018
2019-03-18,Albania,Kukes,13,-1,10,SW,0.0,78,28,1016
2019-03-19,Albania,Kukes,15,-4,7,ENE,5.0,78,23,1018
2019-03-20,Albania,Kukes,12,-6,14,NE,0.5,79,36,1024
2019-03-21,Albania,Kukes,11,5,14,NE,0.1,78,46,1029
2019-03-22,Albania,Kukes,13,0,12,NE,0.0,64,13,1028
2019-03-23,Albania,Kukes,15,-5,12,NE,0.0,65,11,1023
2019-03-24,Albania,Kukes,16,-2,9,ENE,0.0,63,3,1021
2019-03-25,Albania,Kukes,17,9,10,SW,0.0,56,2,1013
2019-03-26,Albania,Kukes,10,-6,15,ENE,0.0,72,34,1015
2019-03-27,Albania,Kukes,10,-8,14,NE,0.3,65,24,1022
2019-03-28,Albania,Kukes,10,-5,18,NE,0.0,60,18,1024
2019-03-29,Albania,Kukes,11,0,18,NE,0.0,57,9,1025
2019-03-30,Albania,Kukes,14,1,15,NE,0.0,66,15,1023
2019-03-31,Albania,Kukes,17,3,11,NE,0.0,55,3,1017
2019-04-01,Albania,Kukes,17,-3,10,NE,0.0,54,5,1014
2019-04-02,Albania,Kukes,17,4,6,SSE,2.5,61,31,1016
2019-04-03,Albania,Kukes,12,1,6,SW,20.1,73,69,1015
2019-04-04,Albania,Kukes,13,0,8,SSW,8.8,77,45,1012
2019-04-05,Albania,Kukes,13,9,8,S,5.9,83,61,1009
2019-04-06,Albania,Kukes,16,-3,6,E,0.1,70,37,1008
2019-04-07,Albania,Kukes,15,0,6,SSW,4.3,73,43,1007
2019-04-08,Albania,Kukes,10,-2,7,WSW,48.9,93,95,1004
2019-04-09,Albania,Kukes,9,-4,6,W,44.0,95,96,1004
2019-04-10,Albania,Kukes,16,3,8,S,26.3,87,61,1007
2019-04-11,Albania,Kukes,13,8,13,SW,2.1,81,46,1010
2019-04-12,Albania,Kukes,12,2,6,SW,13.5,81,60,1010
2019-04-13,Albania,Kukes,11,4,8,ENE,4.5,82,46,1012
2019-04-14,Albania,Kukes,10,-4,10,NE,21.7,87,69,1012
2019-04-15,Albania,Kukes,10,-5,12,NE,30.3,88,68,1014
2019-04-16,Albania,Kukes,13,-2,8,ENE,3.5,78,30,1018
2019-04-17,Albania,Kukes,14,0,8,NE,0.4,65,15,1019
2019-04-18,Albania,Kukes,12,2,12,NE,1.7,79,37,1022
2019-04-19,Albania,Kukes,14,1,10,NE,0.1,75,23,1026
2019-04-20,Albania,Kukes,14,-4,10,NE,0.2,70,13,1024
2019-04-21,Albania,Kukes,15,-5,7,S,0.6,68,15,1023
2019-04-22,Albania,Kukes,18,-3,8,SW,2.2,74,37,1018
2019-04-23,Albania,Kukes,18,4,9,SSE,0.8,79,39,1017
2019-04-24,Albania,Kukes,21,-1,8,S,3.7,69,25,1021
2019-04-25,Albania,Kukes,22,2,7,SW,0.1,63,7,1022
2019-04-26,Albania,Kukes,24,2,7,SW,0.0,54,10,1019
2019-04-27,Albania,Kukes,17,3,14,SW,8.2,75,31,1015
2019-04-28,Albania,Kukes,16,0,9,WSW,0.0,60,17,1015
2019-04-29,Albania,Kukes,15,6,12,SW,0.7,75,32,1012
2019-04-30,Albania,Kukes,10,-3,17,SW,9.1,87,73,1011
2019-05-01,Albania,Kukes,14,6,12,SW,1.7,85,58,1012
2019-05-02,Albania,Kukes,15,4,7,WSW,0.9,79,44,1014
2019-05-03,Albania,Kukes,16,2,12,SW,0.0,73,11,1014
2019-05-04,Albania,Kukes,14,-3,8,SSW,3.3,73,45,1008
2019-05-05,Albania,Kukes,15,0,11,SSW,27.2,91,71,1003
2019-05-06,Albania,Kukes,11,-2,12,WSW,15.9,85,59,1006
2019-05-07,Albania,Kukes,11,-5,9,NE,6.0,79,44,1015
2019-05-08,Albania,Kukes,15,-1,7,SSE,0.0,71,10,1017
2019-05-09,Albania,Kukes,15,-2,14,SSW,2.6,74,57,1011
2019-05-10,Albania,Kukes,16,3,9,WSW,5.8,82,46,1012
2019-05-11,Albania,Kukes,19,-2,6,SSE,0.2,69,6,1016
2019-05-12,Albania,Kukes,14,-1,6,S,12.8,79,50,1014
2019-05-13,Albania,Kukes,13,0,5,ESE,31.0,90,77,1013
2019-05-14,Albania,Kukes,12,-3,6,SE,59.0,90,76,1011
2019-05-15,Albania,Kukes,14,-5,5,S,24.7,87,54,1012
2019-05-16,Albania,Kukes,10,-2,7,ESE,17.9,91,68,1011
2019-05-17,Albania,Kukes,17,-3,6,ESE,2.8,84,47,1011
2019-05-18,Albania,Kukes,20,8,8,SSW,1.2,78,22,1011
2019-05-19,Albania,Kukes,19,7,7,S,6.5,78,38,1007
2019-05-20,Albania,Kukes,16,9,13,SW,11.4,89,59,1011
2019-05-21,Albania,Kukes,16,-3,14,SW,4.2,86,42,1014
2019-05-22,Albania,Kukes,19,6,11,SW,2.4,82,28,1016
2019-05-23,Albania,Kukes,18,-2,7,S,11.2,75,19,1014
2019-05-24,Albania,Kukes,18,-1,7,SSE,7.2,85,43,1013
2019-05-25,Albania,Kukes,19,-1,8,SW,3.2,83,38,1016
2019-05-26,Albania,Kukes,19,1,4,SW,3.5,75,40,1016
2019-05-27,Albania,Kukes,20,4,7,ESE,23.6,89,66,1014
2019-05-28,Albania,Kukes,20,7,11,SSW,15.8,87,43,1010
2019-05-29,Albania,Kukes,17,11,13,SW,7.8,89,56,1013
2019-05-30,Albania,Kukes,17,0,9,SW,3.4,82,27,1018
2019-05-31,Albania,Kukes,15,-1,9,NE,12.0,88,63,1019
2019-06-01,Albania,Kukes,18,-2,10,NE,12.0,83,49,1017
2019-06-02,Albania,Kukes,16,1,6,ESE,27.6,88,56,1016
2019-06-03,Albania,Kukes,16,0,8,WSW,57.9,93,82,1015
2019-06-04,Albania,Kukes,18,-1,7,WSW,3.8,86,50,1014
2019-06-05,Albania,Kukes,19,0,10,SW,6.8,89,63,1013
2019-06-06,Albania,Kukes,22,3,11,SW,3.7,86,45,1017
2019-06-07,Albania,Kukes,24,3,9,SW,0.2,73,5,1020
2019-06-08,Albania,Kukes,28,6,6,SW,1.1,59,9,1021
2019-06-09,Albania,Kukes,26,7,10,NE,0.3,75,11,1020
2019-06-10,Albania,Kukes,24,16,11,NE,0.6,82,33,1016
2019-06-11,Albania,Kukes,24,4,8,NE,10.9,77,18,1013
2019-06-12,Albania,Kukes,27,5,5,S,1.0,73,7,1015
2019-06-13,Albania,Kukes,30,17,6,SW,0.2,62,1,1016
2019-06-14,Albania,Kukes,26,10,7,ESE,0.9,63,3,1017
2019-06-15,Albania,Kukes,27,14,7,ENE,3.8,74,6,1015
2019-06-16,Albania,Kukes,28,19,6,SW,9.5,71,8,1013
2019-06-17,Albania,Kukes,24,12,8,NE,10.3,79,23,1014
2019-06-18,Albania,Kukes,24,6,5,SE,10.6,76,33,1015
2019-06-19,Albania,Kukes,25,8,6,SSW,12.9,75,15,1014
2019-06-20,Albania,Kukes,25,12,7,SW,7.4,72,12,1014
2019-06-21,Albania,Kukes,26,6,5,WSW,1.3,68,8,1016
2019-06-22,Albania,Kukes,26,15,6,S,3.6,69,7,1017
2019-06-23,Albania,Kukes,27,17,12,SSW,0.6,72,10,1014
2019-06-24,Albania,Kukes,23,9,9,ENE,13.3,82,22,1016
2019-06-25,Albania,Kukes,24,6,12,NE,2.8,86,26,1020
2019-06-26,Albania,Kukes,24,7,12,NE,5.3,85,28,1021
2019-06-27,Albania,Kukes,26,6,9,NE,0.0,75,9,1018
2019-06-28,Albania,Kukes,25,10,12,ENE,0.3,75,13,1014
2019-06-29,Albania,Kukes,22,3,14,NE,0.0,71,5,1017
2019-06-30,Albania,Kukes,24,2,11,NE,0.0,71,4,1021
2019-07-01,Albania,Kukes,28,8,7,ESE,0.0,61,1,1019
2019-07-02,Albania,Kukes,31,11,6,ESE,0.0,53,1,1015
2019-07-03,Albania,Kukes,30,12,6,NE,1.5,57,4,1014
2019-07-04,Albania,Kukes,28,8,7,E,4.5,77,7,1017
2019-07-05,Albania,Kukes,28,8,5,S,4.6,68,9,1016
2019-07-06,Albania,Kukes,27,7,7,ENE,0.3,64,4,1015
2019-07-07,Albania,Kukes,28,11,11,SSW,0.0,58,3,1012
2019-07-08,Albania,Kukes,25,9,7,SSW,3.3,70,17,1013
2019-07-09,Albania,Kukes,27,8,9,SW,5.0,71,17,1013
2019-07-10,Albania,Kukes,16,10,9,SSE,20.4,87,61,1011
2019-07-11,Albania,Kukes,20,-2,12,NE,1.9,75,14,1012
2019-07-12,Albania,Kukes,22,2,6,SE,4.2,74,28,1013
2019-07-13,Albania,Kukes,21,3,8,SSW,7.2,74,24,1011
2019-07-14,Albania,Kukes,21,4,8,NE,5.9,79,40,1009
2019-07-15,Albania,Kukes,22,2,8,NE,1.5,76,30,1010
2019-07-16,Albania,Kukes,20,9,11,NE,6.6,82,48,1011
2019-07-17,Albania,Kukes,23,2,10,ENE,0.0,68,14,1012
2019-07-18,Albania,Kukes,24,6,5,SE,1.1,68,13,1013
2019-07-19,Albania,Kukes,25,6,5,S,14.4,69,18,1016
2019-07-20,Albania,Kukes,27,14,4,SSE,1.9,62,12,1019
2019-07-21,Albania,Kukes,28,16,4,S,0.2,56,14,1020
2019-07-22,Albania,Kukes,28,9,8,ENE,2.2,65,14,1020
2019-07-23,Albania,Kukes,25,6,11,NE,0.5,71,15,1017
2019-07-24,Albania,Kukes,25,6,10,NE,0.4,71,24,1016
2019-07-25,Albania,Kukes,27,6,9,ENE,0.2,70,13,1017
2019-07-26,Albania,Kukes,27,8,6,SSW,0.1,63,9,1014
2019-07-27,Albania,Kukes,29,13,10,SSW,1.9,63,8,1009
2019-07-28,Albania,Kukes,26,10,11,SSW,2.4,63,30,1006
2019-07-29,Albania,Kukes,23,6,11,SSW,5.9,84,55,1006
2019-07-30,Albania,Kukes,26,9,7,ENE,3.9,78,36,1010
2019-07-31,Albania,Kukes,28,7,7,ENE,0.5,69,13,1012
2019-08-01,Albania,Kukes,29,9,6,NE,2.1,68,14,1014
2019-08-02,Albania,Kukes,30,9,8,S,0.0,64,8,1013
2019-08-03,Albania,Kukes,26,8,10,SSW,5.6,68,24,1010
2019-08-04,Albania,Kukes,24,4,10,NE,0.2,68,20,1013
2019-08-05,Albania,Kukes,24,3,9,NE,0.0,60,8,1016
2019-08-06,Albania,Kukes,28,5,6,E,0.0,45,3,1017
2019-08-07,Albania,Kukes,30,9,7,SSW,0.0,45,4,1016
2019-08-08,Albania,Kukes,31,10,8,SSW,0.0,43,8,1014
2019-08-09,Albania,Kukes,32,12,6,E,0.1,45,13,1014
2019-08-10,Albania,Kukes,34,11,5,ESE,0.0,49,4,1015
2019-08-11,Albania,Kukes,34,12,8,ENE,0.0,45,2,1015
2019-08-12,Albania,Kukes,34,12,7,ENE,0.0,46,2,1014
2019-08-13,Albania,Kukes,35,14,6,ENE,0.0,43,4,1011
2019-08-14,Albania,Kukes,30,15,8,SE,12.7,64,23,1010
2019-08-15,Albania,Kukes,24,6,13,NNE,0.6,75,29,1013
2019-08-16,Albania,Kukes,24,3,9,NE,0.1,60,11,1015
2019-08-17,Albania,Kukes,25,2,9,NE,0.0,53,10,1016
2019-08-18,Albania,Kukes,29,5,6,ESE,0.0,42,4,1017
2019-08-19,Albania,Kukes,31,8,6,ESE,0.0,39,6,1017
2019-08-20,Albania,Kukes,31,9,7,ENE,0.0,44,4,1018
2019-08-21,Albania,Kukes,31,9,8,NE,0.0,41,4,1018
2019-08-22,Albania,Kukes,30,8,8,ENE,0.0,41,7,1020
2019-08-23,Albania,Kukes,30,12,7,ENE,1.0,53,26,1020
2019-08-24,Albania,Kukes,26,10,6,E,13.6,62,25,1019
2019-08-25,Albania,Kukes,30,9,5,E,3.1,54,16,1018
2019-08-26,Albania,Kukes,30,12,7,E,1.3,55,14,1018
2019-08-27,Albania,Kukes,26,14,6,E,2.8,51,16,1018
2019-08-28,Albania,Kukes,26,9,6,E,0.7,49,19,1018
2019-08-29,Albania,Kukes,30,9,6,SSE,0.0,43,8,1018
2019-08-30,Albania,Kukes,29,9,9,NE,0.0,33,8,1018
2019-08-31,Albania,Kukes,27,8,8,ENE,0.0,43,19,1016
2019-09-01,Albania,Kukes,29,10,7,ESE,0.0,42,8,1014
2019-09-02,Albania,Kukes,29,8,7,SSW,0.4,42,13,1014
2019-09-03,Albania,Kukes,27,7,10,E,0.1,59,30,1015
2019-09-04,Albania,Kukes,26,8,12,NNE,0.6,66,30,1016
2019-09-05,Albania,Kukes,24,4,6,SSE,0.4,54,31,1013
2019-09-06,Albania,Kukes,27,8,5,SE,19.9,69,32,1015
2019-09-07,Albania,Kukes,23,7,7,SSE,11.2,73,24,1016
2019-09-08,Albania,Kukes,24,9,6,SW,7.9,71,15,1016
2019-09-09,Albania,Kukes,22,15,12,SW,0.9,76,18,1015
2019-09-10,Albania,Kukes,24,8,7,ENE,0.6,67,19,1016
2019-09-11,Albania,Kukes,24,6,7,ENE,7.2,70,42,1019
2019-09-12,Albania,Kukes,23,6,10,NE,0.0,56,23,1023
2019-09-13,Albania,Kukes,23,6,14,NE,0.1,60,9,1026
2019-09-14,Albania,Kukes,24,4,11,ENE,0.0,59,5,1026
2019-09-15,Albania,Kukes,24,3,8,NE,0.0,63,9,1024
2019-09-16,Albania,Kukes,26,6,6,SSW,0.0,47,2,1019
2019-09-17,Albania,Kukes,26,7,8,SSW,0.0,49,2,1016
2019-09-18,Albania,Kukes,21,5,12,SE,0.1,60,13,1017
2019-09-19,Albania,Kukes,13,4,10,NE,2.7,69,46,1019
2019-09-20,Albania,Kukes,17,-2,14,NE,2.8,57,21,1022
2019-09-21,Albania,Kukes,19,-4,8,SE,0.0,45,1,1024
2019-09-22,Albania,Kukes,22,12,9,SSW,0.0,48,20,1021
2019-09-23,Albania,Kukes,18,5,12,SSW,14.0,76,58,1016
2019-09-24,Albania,Kukes,19,6,6,WSW,21.4,82,41,1010
2019-09-25,Albania,Kukes,21,7,7,SSE,0.0,78,25,1012
2019-09-26,Albania,Kukes,20,4,8,SSW,7.0,80,36,1014
2019-09-27,Albania,Kukes,20,3,8,NE,0.2,73,22,1018
2019-09-28,Albania,Kukes,23,12,7,SSW,0.0,57,5,1019
2019-09-29,Albania,Kukes,25,11,8,SSW,0.0,63,9,1017
2019-09-30,Albania,Kukes,22,12,12,SSW,0.0,74,10,1014
2019-10-01,Albania,Kukes,23,12,7,SSW,0.0,67,15,1014
2019-10-02,Albania,Kukes,25,11,10,SSW,0.0,62,5,1009
2019-10-03,Albania,Kukes,20,11,10,S,21.7,79,67,1008
2019-10-04,Albania,Kukes,12,1,13,NNE,6.7,87,67,1011
2019-10-05,Albania,Kukes,17,-2,7,SSW,0.2,79,32,1011
2019-10-06,Albania,Kukes,16,4,8,ENE,0.4,75,29,1013
2019-10-07,Albania,Kukes,14,-4,12,NE,0.0,73,24,1012
2019-10-08,Albania,Kukes,15,-5,12,NE,0.0,68,14,1019
2019-10-09,Albania,Kukes,19,1,13,SSW,0.0,75,21,1021
2019-10-10,Albania,Kukes,20,4,13,SSW,0.2,70,32,1018
2019-10-11,Albania,Kukes,18,10,10,ENE,12.0,82,53,1023
2019-10-12,Albania,Kukes,22,12,5,SSW,0.0,71,12,1024
2019-10-13,Albania,Kukes,24,15,5,S,0.0,65,2,1023
2019-10-14,Albania,Kukes,23,6,5,SW,0.0,59,1,1021
2019-10-15,Albania,Kukes,23,5,8,SSW,0.0,58,1,1018
2019-10-16,Albania,Kukes,24,15,6,SW,0.0,57,2,1017
2019-10-17,Albania,Kukes,21,10,5,SW,0.0,61,7,1018
2019-10-18,Albania,Kukes,21,4,6,SW,0.6,67,11,1018
2019-10-19,Albania,Kukes,20,9,7,SW,0.0,68,8,1019
2019-10-20,Albania,Kukes,22,4,7,SSW,0.0,62,4,1021
2019-10-21,Albania,Kukes,23,5,5,S,0.0,61,2,1023
2019-10-22,Albania,Kukes,24,14,7,ENE,0.0,48,0,1022
2019-10-23,Albania,Kukes,22,9,5,ESE,0.0,44,0,1021
2019-10-24,Albania,Kukes,22,13,5,S,0.0,36,0,1019
2019-10-25,Albania,Kukes,20,5,6,ESE,0.0,37,0,1019
2019-10-26,Albania,Kukes,21,3,6,ENE,0.0,42,0,1022
2019-10-27,Albania,Kukes,22,13,5,S,0.0,29,0,1020
2019-10-28,Albania,Kukes,23,5,5,SW,0.0,32,0,1016
2019-10-29,Albania,Kukes,17,11,8,SSW,0.0,40,7,1016
2019-10-30,Albania,Kukes,14,0,9,NE,0.6,63,33,1019
2019-10-31,Albania,Kukes,13,7,10,NNE,0.4,83,52,1019
2019-11-01,Albania,Kukes,10,-6,8,NE,0.0,83,28,1019
2019-11-02,Albania,Kukes,14,3,8,S,0.9,81,58,1016
2019-11-03,Albania,Kukes,15,2,13,S,4.7,82,61,1011
2019-11-04,Albania,Kukes,13,8,16,SSW,27.3,87,62,1007
2019-11-05,Albania,Kukes,16,3,16,SSW,1.7,82,31,1012
2019-11-06,Albania,Kukes,18,2,15,SSW,4.6,82,50,1009
2019-11-07,Albania,Kukes,13,3,8,SSW,114.5,94,91,1009
2019-11-08,Albania,Kukes,13,1,6,S,12.5,87,38,1010
2019-11-09,Albania,Kukes,13,2,10,SSW,5.4,81,33,1013
2019-11-10,Albania,Kukes,11,0,10,SSW,22.4,82,50,1012
2019-11-11,Albania,Kukes,14,8,5,SE,0.0,72,7,1017
2019-11-12,Albania,Kukes,14,5,5,E,16.3,80,47,1010
2019-11-13,Albania,Kukes,16,7,8,SSW,32.5,80,36,1006
2019-11-14,Albania,Kukes,12,4,6,SW,2.3,83,27,1010
2019-11-15,Albania,Kukes,12,-1,8,SSW,0.0,77,13,1016
2019-11-16,Albania,Kukes,14,-1,5,S,0.0,75,27,1019
2019-11-17,Albania,Kukes,14,9,4,E,0.0,72,41,1016
2019-11-18,Albania,Kukes,11,3,7,SSW,8.0,81,68,1016
2019-11-19,Albania,Kukes,11,-1,4,SSE,0.5,75,34,1020
2019-11-20,Albania,Kukes,9,1,9,SSW,18.0,85,74,1015
2019-11-21,Albania,Kukes,11,1,5,S,0.0,76,16,1017
2019-11-22,Albania,Kukes,12,6,4,SW,0.3,82,42,1016
2019-11-23,Albania,Kukes,10,2,5,S,0.0,74,13,1017
2019-11-24,Albania,Kukes,10,-3,6,E,0.0,80,26,1014
2019-11-25,Albania,Kukes,4,-2,12,NE,2.9,91,81,1008
2019-11-26,Albania,Kukes,9,-3,8,NE,2.1,94,77,1009
2019-11-27,Albania,Kukes,13,5,12,SSW,0.4,83,28,1012
2019-11-28,Albania,Kukes,12,10,15,SSW,12.7,90,69,1010
2019-11-29,Albania,Kukes,12,6,10,SW,22.1,90,62,1011
2019-11-30,Albania,Kukes,11,3,7,E,20.4,85,49,1017
2019-12-01,Albania,Kukes,6,-3,7,ENE,0.0,63,3,1025
2019-12-02,Albania,Kukes,10,5,12,SSW,0.0,56,33,1022
2019-12-03,Albania,Kukes,3,-1,12,ENE,45.2,93,91,1022
2019-12-04,Albania,Kukes,1,-11,13,NE,2.6,88,24,1026
2019-12-05,Albania,Kukes,4,-7,4,ESE,0.0,87,21,1028
2019-12-06,Albania,Kukes,11,-4,7,SSW,3.8,90,69,1025
2019-12-07,Albania,Kukes,9,5,6,SSW,31.2,92,82,1019
2019-12-08,Albania,Kukes,8,3,5,SSE,0.0,89,39,1021
2019-12-09,Albania,Kukes,6,-5,10,SSW,0.1,80,17,1014
2019-12-10,Albania,Kukes,7,5,10,ENE,12.7,95,86,1010
2019-12-11,Albania,Kukes,5,3,17,NNE,5.3,95,88,1012
2019-12-12,Albania,Kukes,8,3,5,S,1.5,88,50,1007
2019-12-13,Albania,Kukes,7,-2,12,S,8.0,88,60,1000
2019-12-14,Albania,Kukes,9,1,10,ENE,10.9,88,32,1000
2019-12-15,Albania,Kukes,13,6,7,ESE,0.0,54,15,1019
2019-12-16,Albania,Kukes,12,8,11,S,0.0,60,8,1025
2019-12-17,Albania,Kukes,11,9,10,SSW,0.0,56,2,1026
2019-12-18,Albania,Kukes,13,9,9,SSW,0.0,55,42,1027
2019-12-19,Albania,Kukes,13,10,4,S,0.0,50,51,1026
2019-12-20,Albania,Kukes,9,-2,10,S,13.5,81,56,1019
2019-12-21,Albania,Kukes,9,3,19,S,21.5,89,53,1010
2019-12-22,Albania,Kukes,8,0,20,SSW,69.2,94,81,998
2019-12-23,Albania,Kukes,6,-3,10,SW,27.4,90,69,997
2019-12-24,Albania,Kukes,4,-4,7,S,2.5,83,58,1010
2019-12-25,Albania,Kukes,4,-7,3,S,0.3,71,47,1014
2019-12-26,Albania,Kukes,4,-5,8,ENE,0.6,76,32,1018
2019-12-27,Albania,Kukes,4,-2,9,NE,0.0,69,49,1022
2019-12-28,Albania,Kukes,-1,-9,15,NE,2.7,79,43,1023
2019-12-29,Albania,Kukes,-3,-10,18,NE,0.6,84,54,1028
2019-12-30,Albania,Kukes,-2,-7,18,NE,0.6,87,55,1032
2019-12-31,Albania,Kukes,5,-6,7,NE,0.0,60,14,1030
2020-01-01,Albania,Kukes,1,-1,12,NE,0.0,71,4,1029
2020-01-02,Albania,Kukes,-1,-9,10,ENE,0.0,70,0,1033
2020-01-03,Albania,Kukes,5,-7,6,ENE,0.0,56,8,1028
2020-01-04,Albania,Kukes,6,2,7,ENE,0.1,50,41,1023
2020-01-05,Albania,Kukes,1,-5,16,NE,1.4,82,74,1023
2020-01-06,Albania,Kukes,-4,-11,19,NE,2.2,85,39,1027
2020-01-07,Albania,Kukes,-2,-12,11,NE,0.0,73,1,1027
2020-01-08,Albania,Kukes,1,-5,10,ENE,0.0,59,2,1029
2020-01-09,Albania,Kukes,4,-8,4,ESE,0.0,55,15,1029
2020-01-10,Albania,Kukes,6,-2,5,S,0.0,58,21,1024
2020-01-11,Albania,Kukes,5,3,8,NE,0.6,78,59,1025
2020-01-12,Albania,Kukes,2,-2,9,NE,0.0,89,55,1029
2020-01-13,Albania,Kukes,1,-7,5,S,0.0,82,21,1028
2020-01-14,Albania,Kukes,6,-2,5,SSE,0.0,79,4,1025
2020-01-15,Albania,Kukes,7,-5,6,ENE,0.0,72,0,1025
2020-01-16,Albania,Kukes,7,4,8,NE,0.0,63,0,1026
2020-01-17,Albania,Kukes,6,-4,7,NE,0.0,65,1,1025
2020-01-18,Albania,Kukes,7,-2,6,SSW,0.0,59,53,1023
2020-01-19,Albania,Kukes,4,1,7,ENE,0.2,89,73,1023
2020-01-20,Albania,Kukes,-4,-10,14,NNE,0.0,81,28,1037
2020-01-21,Albania,Kukes,-2,-12,9,NE,0.0,60,4,1041
2020-01-22,Albania,Kukes,9,-3,5,SE,0.0,33,20,1032
2020-01-23,Albania,Kukes,4,-1,11,NE,0.0,53,0,1030
2020-01-24,Albania,Kukes,4,-6,9,S,0.0,59,0,1031
2020-01-25,Albania,Kukes,8,-1,13,SSW,0.2,83,39,1027
2020-01-26,Albania,Kukes,10,5,7,SSW,0.6,80,60,1023
2020-01-27,Albania,Kukes,6,-1,4,SSE,22.7,94,80,1018
2020-01-28,Albania,Kukes,6,2,17,SSW,3.0,91,80,1016
2020-01-29,Albania,Kukes,6,3,15,SW,11.8,92,87,1012
2020-01-30,Albania,Kukes,5,-6,7,SW,3.5,82,53,1019
2020-01-31,Albania,Kukes,4,-2,15,SSW,0.0,67,7,1021
2020-02-01,Albania,Kukes,9,-2,10,SSW,0.0,83,6,1021
2020-02-02,Albania,Kukes,5,3,7,SSW,0.0,84,38,1020
2020-02-03,Albania,Kukes,9,-2,15,SSW,0.0,87,30,1018
2020-02-04,Albania,Kukes,11,7,15,SSW,11.5,91,68,1008
2020-02-05,Albania,Kukes,1,-2,11,ENE,29.8,92,79,1000
2020-02-06,Albania,Kukes,-3,-11,17,ENE,5.6,83,30,1017
2020-02-07,Albania,Kukes,0,-14,8,ENE,0.0,78,21,1025
2020-02-08,Albania,Kukes,2,-8,7,ENE,0.0,76,2,1029
2020-02-09,Albania,Kukes,5,-8,11,S,0.0,70,6,1032
2020-02-10,Albania,Kukes,0,-4,19,SSW,0.5,84,43,1026
2020-02-11,Albania,Kukes,7,-5,17,SSW,3.8,95,76,1015
2020-02-12,Albania,Kukes,1,-4,8,E,0.6,92,61,1018
2020-02-13,Albania,Kukes,10,0,6,SE,0.3,83,31,1022
2020-02-14,Albania,Kukes,0,-5,11,SE,26.4,79,63,1018
2020-02-15,Albania,Kukes,5,-4,13,NE,3.1,84,43,1025
2020-02-16,Albania,Kukes,8,-6,6,NE,0.0,74,22,1030
2020-02-17,Albania,Kukes,12,3,3,S,0.0,50,4,1027
2020-02-18,Albania,Kukes,11,2,11,E,0.0,58,11,1022
2020-02-19,Albania,Kukes,8,-2,8,SE,0.6,82,40,1020
2020-02-20,Albania,Kukes,3,-6,14,NNE,4.7,86,70,1018
2020-02-21,Albania,Kukes,4,-10,10,NE,0.0,65,4,1024
2020-02-22,Albania,Kukes,2,-8,11,NE,0.0,66,21,1030
2020-02-23,Albania,Kukes,9,-7,8,SSE,0.0,50,14,1027
2020-02-24,Albania,Kukes,10,0,11,ESE,0.0,62,17,1022
2020-02-25,Albania,Kukes,14,8,12,SSW,0.1,69,26,1016
2020-02-26,Albania,Kukes,11,7,20,SSW,2.2,82,44,1005
2020-02-27,Albania,Kukes,2,1,12,S,25.4,85,73,1005
2020-02-28,Albania,Kukes,5,-4,16,SSW,0.0,77,28,1018
2020-03-01,Albania,Kukes,2,-8,14,SSW,0.0,70,21,1017
2020-03-02,Albania,Kukes,10,1,17,SSW,10.5,89,80,1011
2020-03-03,Albania,Kukes,9,-1,13,S,21.2,84,65,1006
2020-03-04,Albania,Kukes,6,2,6,SSW,28.0,95,97,1006
2020-03-05,Albania,Kukes,7,-7,9,ESE,0.8,71,34,1011
2020-03-06,Albania,Kukes,9,-1,14,SSW,10.1,79,59,1007
2020-03-07,Albania,Kukes,5,-2,8,SE,50.4,95,93,1007
2020-03-08,Albania,Kukes,4,-7,10,NNE,35.1,98,99,1014
2020-03-09,Albania,Kukes,7,-7,8,NE,0.1,92,56,1014
2020-03-10,Albania,Kukes,7,3,10,NE,0.3,90,77,1014
2020-03-11,Albania,Kukes,9,-3,7,NE,0.0,77,11,1021
2020-03-12,Albania,Kukes,14,-2,6,ENE,0.0,72,8,1022
2020-03-13,Albania,Kukes,18,11,10,S,0.0,64,17,1014
2020-03-14,Albania,Kukes,11,5,13,NNE,0.7,82,55,1015
2020-03-15,Albania,Kukes,4,0,17,NNE,20.2,97,98,1018
2020-03-16,Albania,Kukes,8,-7,8,ENE,0.3,87,39,1027
2020-03-17,Albania,Kukes,13,4,5,ENE,0.0,59,4,1029
2020-03-18,Albania,Kukes,12,-1,11,NE,0.0,64,5,1026
2020-03-19,Albania,Kukes,11,3,6,S,0.0,60,7,1026
2020-03-20,Albania,Kukes,16,2,5,SSE,0.0,53,7,1023
2020-03-21,Albania,Kukes,16,7,11,SSW,0.0,59,3,1016
2020-03-22,Albania,Kukes,10,3,13,NE,2.9,78,61,1015
2020-03-23,Albania,Kukes,1,-4,16,NNE,8.3,90,80,1018
2020-03-24,Albania,Kukes,2,-11,6,SSW,8.3,90,85,1016
2020-03-25,Albania,Kukes,3,-11,10,NE,2.4,96,88,1018
2020-03-26,Albania,Kukes,6,-1,14,NE,0.4,91,83,1015
2020-03-27,Albania,Kukes,6,1,8,NE,3.1,95,99,1014
2020-03-28,Albania,Kukes,9,3,6,NNE,1.1,92,86,1013
2020-03-29,Albania,Kukes,12,-3,5,SE,0.0,74,30,1013
2020-03-30,Albania,Kukes,12,6,8,NE,1.4,73,42,1011
2020-03-31,Albania,Kukes,6,-4,11,ENE,4.6,91,100,1015
2020-04-01,Albania,Kukes,0,-11,15,NNE,30.6,98,100,1015
2020-04-02,Albania,Kukes,3,-10,7,ESE,0.8,97,85,1016
2020-04-03,Albania,Kukes,5,-2,4,E,0.0,90,52,1015
2020-04-04,Albania,Kukes,10,5,17,NE,1.2,84,80,1016
2020-04-05,Albania,Kukes,6,-5,18,NNE,7.1,98,99,1019
2020-04-06,Albania,Kukes,7,-7,16,NE,0.3,79,27,1026
2020-04-07,Albania,Kukes,8,-7,13,NE,0.0,68,6,1028
2020-04-08,Albania,Kukes,9,-7,11,NE,0.0,65,5,1027
2020-04-09,Albania,Kukes,14,2,8,NE,0.0,62,2,1022
2020-04-10,Albania,Kukes,16,5,9,NE,0.0,59,4,1021
2020-04-11,Albania,Kukes,16,0,8,NE,0.0,64,11,1021
2020-04-12,Albania,Kukes,16,7,7,SE,0.7,73,31,1022
2020-04-13,Albania,Kukes,16,9,12,SSW,0.1,70,18,1019
2020-04-14,Albania,Kukes,10,4,13,S,22.4,75,87,1017
2020-04-15,Albania,Kukes,7,-2,15,NE,23.2,81,42,1021
2020-04-16,Albania,Kukes,15,-4,8,SE,0.0,65,1,1023
2020-04-17,Albania,Kukes,16,1,7,SW,0.0,55,34,1018
2020-04-18,Albania,Kukes,19,3,6,SSW,0.0,61,5,1017
2020-04-19,Albania,Kukes,18,8,12,SSW,0.0,63,32,1014
2020-04-20,Albania,Kukes,13,3,12,ENE,1.2,78,53,1012
2020-04-21,Albania,Kukes,11,7,10,NNE,23.6,97,99,1011
2020-04-22,Albania,Kukes,7,0,10,NNE,24.9,97,100,1016
2020-04-23,Albania,Kukes,11,2,8,NE,0.4,86,73,1018
2020-04-24,Albania,Kukes,15,6,7,SSE,0.0,71,14,1015
2020-04-25,Albania,Kukes,16,8,12,SW,0.0,73,6,1011
2020-04-26,Albania,Kukes,16,1,9,SW,0.0,68,21,1010
2020-04-27,Albania,Kukes,16,2,5,WSW,2.7,76,42,1013
2020-04-28,Albania,Kukes,17,3,11,SW,0.0,69,12,1014
2020-04-29,Albania,Kukes,16,8,13,SSW,3.3,79,72,1011
2020-04-30,Albania,Kukes,17,9,12,SW,0.7,78,61,1012
2020-05-01,Albania,Kukes,13,2,14,SW,2.0,80,43,1012
2020-05-02,Albania,Kukes,12,7,10,SSW,13.3,89,64,1009
2020-05-03,Albania,Kukes,9,1,12,ENE,10.5,87,61,1010
2020-05-04,Albania,Kukes,14,-2,10,ENE,0.8,71,27,1016
2020-05-05,Albania,Kukes,18,7,8,SSW,0.0,60,14,1016
2020-05-06,Albania,Kukes,9,-1,11,ESE,11.9,83,64,1015
2020-05-07,Albania,Kukes,11,-4,12,NE,0.0,75,12,1017
2020-05-08,Albania,Kukes,17,-1,8,ENE,0.0,64,27,1021
2020-05-09,Albania,Kukes,19,5,9,SSW,0.0,63,16,1018
2020-05-10,Albania,Kukes,20,7,11,SSW,0.0,64,29,1015
2020-05-11,Albania,Kukes,22,8,13,SSW,0.0,55,8,1012
2020-05-12,Albania,Kukes,17,5,15,SW,0.0,70,15,1013
2020-05-13,Albania,Kukes,21,5,9,SSW,0.0,62,13,1018
2020-05-14,Albania,Kukes,27,17,13,SSW,0.0,47,8,1015
2020-05-15,Albania,Kukes,26,14,20,SSW,0.0,49,8,1014
2020-05-16,Albania,Kukes,26,10,6,SW,0.0,57,13,1018
2020-05-17,Albania,Kukes,27,16,5,S,0.1,70,24,1019
2020-05-18,Albania,Kukes,24,17,8,NE,4.1,77,58,1019
2020-05-19,Albania,Kukes,25,19,7,ESE,10.5,79,53,1016
2020-05-20,Albania,Kukes,24,17,6,SW,15.0,74,78,1009
2020-05-21,Albania,Kukes,11,3,15,NE,12.7,93,84,1011
2020-05-22,Albania,Kukes,16,1,12,NE,0.0,72,10,1021
2020-05-23,Albania,Kukes,16,3,7,ENE,0.0,74,30,1025
2020-05-24,Albania,Kukes,15,5,10,SE,8.8,84,55,1024
2020-05-25,Albania,Kukes,15,1,12,NE,0.1,77,25,1023
2020-05-26,Albania,Kukes,12,1,13,NE,5.3,79,67,1020
2020-05-27,Albania,Kukes,15,2,12,NE,1.7,84,73,1021
2020-05-28,Albania,Kukes,16,2,9,NE,2.5,79,63,1020
2020-05-29,Albania,Kukes,17,2,7,NE,3.9,77,55,1017
2020-05-30,Albania,Kukes,16,2,7,SW,8.2,78,63,1016
2020-05-31,Albania,Kukes,14,2,7,WSW,13.5,83,71,1015
2020-06-01,Albania,Kukes,15,3,9,NE,8.0,87,71,1013
2020-06-02,Albania,Kukes,17,5,8,E,5.5,80,42,1012
2020-06-03,Albania,Kukes,18,5,7,SE,0.0,73,11,1010
2020-06-04,Albania,Kukes,18,4,14,SSW,0.5,70,30,1011
2020-06-05,Albania,Kukes,13,5,12,SSW,6.4,77,52,1010
2020-06-06,Albania,Kukes,18,5,9,SE,26.0,86,68,1007
2020-06-07,Albania,Kukes,20,6,12,SW,1.7,83,54,1010
2020-06-08,Albania,Kukes,20,7,10,SSW,7.8,79,44,1010
2020-06-09,Albania,Kukes,21,7,8,SW,11.7,75,41,1011
2020-06-10,Albania,Kukes,21,13,11,SW,2.6,78,35,1011
2020-06-11,Albania,Kukes,17,4,13,SW,0.5,73,36,1011
2020-06-12,Albania,Kukes,16,3,10,SW,2.5,78,47,1011
2020-06-13,Albania,Kukes,20,6,10,SW,0.0,81,22,1012
2020-06-14,Albania,Kukes,23,8,13,SSW,1.4,76,42,1009
2020-06-15,Albania,Kukes,20,6,11,SW,3.8,77,37,1010
2020-06-16,Albania,Kukes,17,6,7,WSW,20.0,83,61,1010
2020-06-17,Albania,Kukes,18,5,12,SW,6.5,87,68,1010
2020-06-18,Albania,Kukes,19,6,14,SW,1.3,82,44,1011
2020-06-19,Albania,Kukes,19,5,11,SW,0.1,75,21,1015
2020-06-20,Albania,Kukes,21,5,8,SSW,0.2,67,13,1014
2020-06-21,Albania,Kukes,19,4,8,NE,8.4,86,58,1010
2020-06-22,Albania,Kukes,13,4,9,NE,2.5,85,60,1010
2020-06-23,Albania,Kukes,20,8,9,NE,7.6,88,68,1012
2020-06-24,Albania,Kukes,21,5,10,NE,0.9,87,52,1018
2020-06-25,Albania,Kukes,22,7,7,NE,14.9,85,57,1019
2020-06-26,Albania,Kukes,24,9,6,ENE,14.8,82,61,1018
2020-06-27,Albania,Kukes,24,10,4,SE,13.0,77,55,1017
2020-06-28,Albania,Kukes,24,11,5,S,10.5,74,60,1016
2020-06-29,Albania,Kukes,27,14,5,SSW,2.8,75,53,1013
2020-06-30,Albania,Kukes,26,12,8,ENE,0.0,71,10,1014
2020-07-01,Albania,Kukes,27,14,5,SSE,5.1,80,44,1014
2020-07-02,Albania,Kukes,28,14,5,SW,0.2,68,26,1012
2020-07-03,Albania,Kukes,28,13,6,SE,4.6,66,29,1011
2020-07-04,Albania,Kukes,25,9,9,NE,10.4,83,66,1013
2020-07-05,Albania,Kukes,21,9,14,NE,4.6,86,78,1013
2020-07-06,Albania,Kukes,22,8,10,NE,9.8,85,63,1009
2020-07-07,Albania,Kukes,16,9,14,NE,3.1,87,51,1010
2020-07-08,Albania,Kukes,21,1,11,NE,0.0,74,6,1017
2020-07-09,Albania,Kukes,23,7,8,NE,0.0,72,5,1017
2020-07-10,Albania,Kukes,24,9,6,ESE,1.6,70,34,1016
2020-07-11,Albania,Kukes,26,12,5,SSW,8.6,69,45,1014
2020-07-12,Albania,Kukes,24,10,11,NE,0.3,79,41,1016
2020-07-13,Albania,Kukes,20,4,15,NE,0.0,72,10,1017
2020-07-14,Albania,Kukes,22,4,8,E,0.9,74,26,1015
2020-07-15,Albania,Kukes,25,14,8,SSW,0.1,67,28,1015
2020-07-16,Albania,Kukes,25,15,6,SW,4.1,67,68,1014
2020-07-17,Albania,Kukes,21,8,5,S,4.3,74,47,1011
2020-07-18,Albania,Kukes,20,11,5,S,18.8,88,63,1011
2020-07-19,Albania,Kukes,23,12,7,WSW,2.2,72,33,1013
2020-07-20,Albania,Kukes,24,7,5,ESE,0.0,64,6,1016
2020-07-21,Albania,Kukes,25,9,8,NE,0.2,69,30,1019
2020-07-22,Albania,Kukes,27,11,8,NE,0.1,67,14,1017
2020-07-23,Albania,Kukes,28,13,5,ENE,0.0,59,10,1013
2020-07-24,Albania,Kukes,28,12,6,SSE,4.9,61,45,1011
2020-07-25,Albania,Kukes,27,13,10,SSW,4.3,55,43,1010
2020-07-26,Albania,Kukes,26,13,5,SSE,1.0,77,46,1013
2020-07-27,Albania,Kukes,25,11,10,NE,0.1,71,23,1016
2020-07-28,Albania,Kukes,28,9,8,ENE,0.0,59,2,1017
2020-07-29,Albania,Kukes,32,13,4,SSE,0.0,53,2,1016
2020-07-30,Albania,Kukes,33,13,6,ENE,0.0,49,7,1017
2020-07-31,Albania,Kukes,30,16,4,S,0.0,47,10,1015
2020-08-01,Albania,Kukes,28,12,10,NE,4.2,62,45,1012
2020-08-02,Albania,Kukes,26,9,10,NE,0.0,56,8,1012
2020-08-03,Albania,Kukes,30,18,8,SSW,0.2,50,31,1010
2020-08-04,Albania,Kukes,29,13,11,SSW,0.0,52,7,1009
2020-08-05,Albania,Kukes,17,10,9,SE,24.6,84,75,1009
2020-08-06,Albania,Kukes,17,7,10,NNE,40.9,93,88,1013
2020-08-07,Albania,Kukes,21,7,11,NE,18.0,86,71,1014
2020-08-08,Albania,Kukes,22,12,11,NE,10.2,88,69,1014
2020-08-09,Albania,Kukes,25,13,11,NE,4.0,76,65,1014
2020-08-10,Albania,Kukes,27,13,7,ENE,4.5,70,38,1014
2020-08-11,Albania,Kukes,26,11,5,ENE,2.5,63,34,1016
2020-08-12,Albania,Kukes,20,11,6,E,33.1,69,44,1016
2020-08-13,Albania,Kukes,27,9,6,ENE,2.1,68,48,1017
2020-08-14,Albania,Kukes,26,12,5,SSE,0.4,58,32,1014
2020-08-15,Albania,Kukes,29,14,6,SSW,0.8,57,31,1012
2020-08-16,Albania,Kukes,24,10,5,ENE,9.8,71,58,1013
2020-08-17,Albania,Kukes,26,10,5,SW,4.1,68,61,1013
2020-08-18,Albania,Kukes,25,11,6,SSW,3.5,61,38,1010
2020-08-19,Albania,Kukes,23,10,6,S,17.3,74,63,1009
2020-08-20,Albania,Kukes,23,7,8,ENE,2.0,67,19,1013
2020-08-21,Albania,Kukes,25,8,8,NE,0.0,69,9,1017
2020-08-22,Albania,Kukes,26,11,6,ESE,0.0,59,0,1016
2020-08-23,Albania,Kukes,27,13,7,ENE,0.8,55,22,1013
2020-08-24,Albania,Kukes,27,10,6,ENE,4.4,66,51,1011
2020-08-25,Albania,Kukes,26,10,4,SE,2.0,67,48,1012
2020-08-26,Albania,Kukes,24,7,7,E,0.0,78,19,1015
2020-08-27,Albania,Kukes,26,9,5,ESE,0.0,58,5,1014
2020-08-28,Albania,Kukes,28,10,5,S,0.0,53,8,1012
2020-08-29,Albania,Kukes,31,12,7,SSW,0.0,51,9,1012
2020-08-30,Albania,Kukes,29,12,8,SSW,0.0,45,1,1014
2020-08-31,Albania,Kukes,31,14,6,SSW,0.0,35,3,1012
2020-09-01,Albania,Kukes,24,12,12,SSW,0.7,56,31,1009
2020-09-02,Albania,Kukes,22,7,9,NE,0.0,66,8,1014
2020-09-03,Albania,Kukes,24,6,6,SE,0.0,61,23,1018
2020-09-04,Albania,Kukes,22,5,12,NE,0.0,59,8,1022
2020-09-05,Albania,Kukes,25,3,7,E,0.0,52,0,1019
2020-09-06,Albania,Kukes,30,8,5,SSW,0.0,42,3,1015
2020-09-07,Albania,Kukes,29,9,6,SSW,0.0,42,6,1016
2020-09-08,Albania,Kukes,28,17,11,NE,0.2,60,24,1021
2020-09-09,Albania,Kukes,29,18,7,NE,0.1,59,24,1022
2020-09-10,Albania,Kukes,29,19,8,NE,0.0,54,7,1016
2020-09-11,Albania,Kukes,27,9,8,NE,0.0,50,9,1013
2020-09-12,Albania,Kukes,29,11,7,ENE,0.0,47,10,1015
2020-09-13,Albania,Kukes,28,9,10,NE,0.0,52,10,1020
2020-09-14,Albania,Kukes,25,7,9,ENE,0.0,49,26,1022
2020-09-15,Albania,Kukes,26,9,9,NE,0.0,52,15,1021
2020-09-16,Albania,Kukes,26,8,6,ENE,0.0,46,14,1018
2020-09-17,Albania,Kukes,25,8,8,ENE,0.0,46,27,1014
2020-09-18,Albania,Kukes,23,7,14,NE,0.0,53,14,1016
2020-09-19,Albania,Kukes,23,4,10,NE,0.0,58,17,1018
2020-09-20,Albania,Kukes,23,5,6,ENE,0.0,54,8,1016
2020-09-21,Albania,Kukes,24,6,5,SSE,0.0,52,8,1017
2020-09-22,Albania,Kukes,22,6,8,SSW,4.8,60,36,1017
2020-09-23,Albania,Kukes,17,7,10,SSW,9.1,74,67,1015
2020-09-24,Albania,Kukes,22,7,9,SSW,11.8,75,57,1013
2020-09-25,Albania,Kukes,18,12,13,SSW,2.5,75,45,1009
2020-09-26,Albania,Kukes,11,7,14,SW,49.6,90,69,1000
2020-09-27,Albania,Kukes,13,3,15,SSW,2.0,79,74,1009
2020-09-28,Albania,Kukes,18,4,15,SSW,3.2,72,61,1013
2020-09-29,Albania,Kukes,13,5,12,SSW,16.3,84,74,1014
2020-09-30,Albania,Kukes,13,0,9,SW,0.7,82,50,1014
2020-10-01,Albania,Kukes,15,0,13,SSW,0.0,80,24,1010
2020-10-02,Albania,Kukes,18,4,11,SSW,0.0,68,12,1012
2020-10-03,Albania,Kukes,24,5,10,S,0.0,61,6,1014
2020-10-04,Albania,Kukes,24,12,12,SSW,0.0,54,9,1013
2020-10-05,Albania,Kukes,20,9,14,S,4.6,64,73,1014
2020-10-06,Albania,Kukes,17,9,12,SSW,12.7,82,72,1016
2020-10-07,Albania,Kukes,14,4,12,SSW,14.8,83,72,1013
2020-10-08,Albania,Kukes,12,2,11,ENE,15.1,77,68,1017
2020-10-09,Albania,Kukes,15,0,9,NE,0.0,68,20,1020
2020-10-10,Albania,Kukes,16,4,7,S,0.0,73,7,1019
2020-10-11,Albania,Kukes,17,6,9,SSW,0.0,70,5,1015
2020-10-12,Albania,Kukes,20,6,6,S,30.4,76,41,1007
2020-10-13,Albania,Kukes,10,2,15,SW,33.1,89,81,1005
2020-10-14,Albania,Kukes,13,-1,12,SSW,19.6,83,74,1014
2020-10-15,Albania,Kukes,18,8,12,S,13.3,76,62,1014
2020-10-16,Albania,Kukes,11,4,10,SSW,88.1,88,70,1011
2020-10-17,Albania,Kukes,13,-1,12,SSW,0.1,81,29,1014
2020-10-18,Albania,Kukes,13,6,8,ENE,0.0,80,20,1019
2020-10-19,Albania,Kukes,10,-4,7,NE,0.0,78,7,1024
2020-10-20,Albania,Kukes,11,-1,5,E,0.0,73,8,1025
2020-10-21,Albania,Kukes,13,7,5,SSW,0.0,54,8,1026
2020-10-22,Albania,Kukes,20,8,5,SSW,0.0,45,14,1025
2020-10-23,Albania,Kukes,21,7,9,SSW,0.0,38,1,1021
2020-10-24,Albania,Kukes,16,12,8,SSE,0.0,43,35,1018
2020-10-25,Albania,Kukes,15,11,10,SW,6.0,74,62,1015
2020-10-26,Albania,Kukes,16,9,10,SSW,0.0,79,4,1015
2020-10-27,Albania,Kukes,16,4,6,SW,0.0,72,11,1014
2020-10-28,Albania,Kukes,14,1,7,ENE,0.0,77,17,1014
2020-10-29,Albania,Kukes,13,0,5,SE,0.0,81,18,1018
2020-10-30,Albania,Kukes,10,0,10,ENE,2.2,74,36,1022
2020-10-31,Albania,Kukes,14,-2,6,ENE,0.0,71,44,1023
2020-11-01,Albania,Kukes,16,9,6,ENE,0.0,72,23,1022
2020-11-02,Albania,Kukes,14,2,6,SSW,0.0,67,22,1023
2020-11-03,Albania,Kukes,15,3,5,E,0.1,74,45,1021
2020-11-04,Albania,Kukes,15,3,8,NE,0.0,81,32,1020
2020-11-05,Albania,Kukes,11,3,11,NNE,3.6,95,91,1024
2020-11-06,Albania,Kukes,10,-1,13,NE,0.0,83,33,1028
2020-11-07,Albania,Kukes,11,-1,9,NE,0.0,76,11,1030
2020-11-08,Albania,Kukes,13,0,5,NE,0.0,63,9,1026
2020-11-09,Albania,Kukes,14,7,6,NE,0.0,69,1,1024
2020-11-10,Albania,Kukes,13,8,7,NE,0.0,70,0,1024
2020-11-11,Albania,Kukes,12,4,7,NE,0.0,75,1,1025
2020-11-12,Albania,Kukes,11,-3,4,SSE,0.0,78,4,1026
2020-11-13,Albania,Kukes,12,2,5,SE,1.1,84,68,1025
2020-11-14,Albania,Kukes,11,-2,5,ENE,0.0,74,15,1025
2020-11-15,Albania,Kukes,13,7,4,S,0.0,70,8,1024
2020-11-16,Albania,Kukes,12,5,8,SSW,0.0,74,17,1021
2020-11-17,Albania,Kukes,11,6,8,ENE,0.0,79,54,1023
2020-11-18,Albania,Kukes,8,-3,11,NE,0.2,90,77,1028
2020-11-19,Albania,Kukes,9,-1,6,NE,0.0,83,4,1025
2020-11-20,Albania,Kukes,6,-3,11,ENE,0.0,78,23,1020
2020-11-21,Albania,Kukes,2,-2,18,NE,0.7,78,79,1027
2020-11-22,Albania,Kukes,4,-9,9,NE,0.2,85,35,1031
2020-11-23,Albania,Kukes,10,2,3,S,0.0,78,17,1026
2020-11-24,Albania,Kukes,9,-5,11,NE,0.0,79,38,1025
2020-11-25,Albania,Kukes,7,3,5,NE,0.0,73,0,1025
2020-11-26,Albania,Kukes,10,4,3,SE,0.0,47,0,1024
2020-11-27,Albania,Kukes,9,-2,7,SSW,0.0,45,4,1022
2020-11-28,Albania,Kukes,8,-1,11,SSW,0.0,50,27,1019
2020-11-29,Albania,Kukes,6,-5,9,ENE,0.1,70,92,1016
2020-11-30,Albania,Kukes,5,0,14,NNE,0.0,79,49,1020
2020-12-01,Albania,Kukes,2,-4,6,ENE,0.0,80,8,1021
2020-12-02,Albania,Kukes,1,-8,3,E,0.0,81,28,1019
2020-12-03,Albania,Kukes,6,-6,5,SE,4.5,89,67,1014
2020-12-04,Albania,Kukes,6,-1,6,ESE,0.1,87,35,1010
2020-12-05,Albania,Kukes,8,-2,6,S,0.0,81,19,1014
2020-12-06,Albania,Kukes,8,-3,7,ESE,0.1,78,15,1012
2020-12-07,Albania,Kukes,6,1,8,SW,46.2,94,80,1009
2020-12-08,Albania,Kukes,7,-5,9,S,0.0,74,25,1013
2020-12-09,Albania,Kukes,-1,-7,7,SSE,74.9,95,87,1008
2020-12-10,Albania,Kukes,3,-4,8,SSW,8.7,92,70,1007
2020-12-11,Albania,Kukes,8,-5,5,SSE,2.7,83,66,1008
2020-12-12,Albania,Kukes,8,4,4,NE,0.7,92,55,1001
2020-12-13,Albania,Kukes,5,2,13,NE,0.6,95,91,1004
2020-12-14,Albania,Kukes,4,-7,14,NE,0.1,90,62,1014
2020-12-15,Albania,Kukes,7,-5,6,ESE,0.0,82,11,1021
2020-12-16,Albania,Kukes,7,-1,7,SSW,0.0,77,12,1023
2020-12-17,Albania,Kukes,7,-3,3,S,0.0,76,0,1025
2020-12-18,Albania,Kukes,6,-4,3,ENE,0.0,79,18,1026
2020-12-19,Albania,Kukes,8,-1,4,SSW,0.0,78,23,1026
2020-12-20,Albania,Kukes,7,3,2,S,0.0,82,80,1026
2020-12-21,Albania,Kukes,6,-2,3,NE,0.1,89,69,1026
2020-12-22,Albania,Kukes,5,-2,4,SSW,0.0,85,35,1026
2020-12-23,Albania,Kukes,10,2,6,SSW,0.0,80,15,1025
2020-12-24,Albania,Kukes,11,5,14,SSW,0.0,87,38,1021
2020-12-25,Albania,Kukes,11,7,16,SSW,2.7,88,81,1014
2020-12-26,Albania,Kukes,8,7,8,SSE,28.8,95,91,1014
2020-12-27,Albania,Kukes,3,-4,8,E,31.9,99,96,1010
2020-12-28,Albania,Kukes,7,2,17,S,1.0,88,54,1006
2020-12-29,Albania,Kukes,8,0,17,SSW,24.1,95,80,1008
2020-12-30,Albania,Kukes,8,6,14,S,0.7,83,55,1010
2020-12-31,Albania,Kukes,-2,-8,12,SSW,53.7,95,91,1009
2021-01-01,Albania,Kukes,-2,-8,11,S,7.0,85,37,1017
2021-01-02,Albania,Kukes,0,-10,6,SE,0.0,71,6,1019
2021-01-03,Albania,Kukes,-2,-11,6,SSE,14.9,88,79,1015
2021-01-04,Albania,Kukes,6,-7,6,SSW,2.3,86,82,1012
2021-01-05,Albania,Kukes,-4,-11,13,SSW,2.2,87,80,1015
2021-01-06,Albania,Kukes,5,-8,14,S,60.6,95,88,1016
2021-01-07,Albania,Kukes,5,-9,10,S,80.8,99,100,1015
2021-01-08,Albania,Kukes,1,-4,7,S,100.8,99,100,1010
2021-01-09,Albania,Kukes,-5,-10,10,NE,36.4,97,99,1016
2021-01-10,Albania,Kukes,3,-2,5,E,52.9,100,100,1014
2021-01-11,Albania,Kukes,-1,-11,8,ENE,56.3,99,99,1014
2021-01-12,Albania,Kukes,-1,-10,4,ENE,0.3,97,89,1013
2021-01-13,Albania,Kukes,-3,-10,5,WSW,8.4,93,69,1012
2021-01-14,Albania,Kukes,-2,-12,9,ESE,11.4,79,61,1014
2021-01-15,Albania,Kukes,-3,-8,10,NE,0.1,78,7,1017
2021-01-16,Albania,Kukes,-4,-13,15,NE,0.0,87,63,1016
2021-01-17,Albania,Kukes,-3,-11,6,SE,0.0,71,36,1020
2021-01-18,Albania,Kukes,-10,-18,9,ENE,0.0,79,17,1024
2021-01-19,Albania,Kukes,-3,-11,7,SSE,0.0,69,11,1028
2021-01-20,Albania,Kukes,-1,-12,15,SSW,0.0,87,31,1028
2021-01-21,Albania,Kukes,1,-5,13,S,2.5,94,80,1024
2021-01-22,Albania,Kukes,6,2,14,S,7.6,95,81,1019
2021-01-23,Albania,Kukes,-2,-8,15,S,41.6,95,88,1008
2021-01-24,Albania,Kukes,5,-1,18,SSW,34.8,96,94,1004
2021-01-25,Albania,Kukes,2,-6,19,SSW,83.6,95,89,1003
2021-01-26,Albania,Kukes,3,-3,14,SE,69.8,98,95,1005
2021-01-27,Albania,Kukes,-3,-15,13,NE,5.8,87,73,1010
2021-01-28,Albania,Kukes,-6,-17,8,S,0.0,71,10,1017
2021-01-29,Albania,Kukes,5,-11,16,SSW,5.3,91,77,1011
2021-01-30,Albania,Kukes,6,0,10,SSE,39.1,89,72,1003
2021-01-31,Albania,Kukes,7,-1,12,S,33.8,85,72,1002
2021-02-01,Albania,Kukes,2,-4,10,S,36.4,98,93,1002
2021-02-02,Albania,Kukes,8,2,4,ESE,5.0,92,70,1011
2021-02-03,Albania,Kukes,3,-4,12,SSW,0.0,86,20,1018
2021-02-04,Albania,Kukes,12,1,12,SSW,0.0,80,15,1020
2021-02-05,Albania,Kukes,13,8,9,S,0.0,61,39,1020
2021-02-06,Albania,Kukes,11,5,14,SSW,0.0,65,21,1016
2021-02-07,Albania,Kukes,11,-1,14,S,0.1,59,34,1011
2021-02-08,Albania,Kukes,8,1,15,S,71.8,93,89,1002
2021-02-09,Albania,Kukes,3,-3,17,SSW,26.3,93,92,1007
2021-02-10,Albania,Kukes,10,-3,19,SSW,2.0,85,73,1010
2021-02-11,Albania,Kukes,5,-3,13,SE,82.0,95,93,1007
2021-02-12,Albania,Kukes,-2,-4,13,NE,0.2,75,36,1022
2021-02-13,Albania,Kukes,-5,-8,18,NNE,30.5,90,94,1022
2021-02-14,Albania,Kukes,-6,-16,21,NE,20.4,94,87,1026
2021-02-15,Albania,Kukes,-4,-16,12,ENE,0.0,86,29,1033
2021-02-16,Albania,Kukes,-4,-11,7,E,0.0,62,7,1031
2021-02-17,Albania,Kukes,2,-14,7,S,0.1,79,51,1025
2021-02-18,Albania,Kukes,3,-8,6,ENE,0.2,86,24,1024
2021-02-19,Albania,Kukes,4,-7,8,S,0.0,78,11,1026
2021-02-20,Albania,Kukes,4,-7,8,S,0.2,90,68,1027
2021-02-21,Albania,Kukes,8,-4,5,ESE,0.2,81,31,1029
2021-02-22,Albania,Kukes,8,-4,6,SSW,0.0,61,4,1030
2021-02-23,Albania,Kukes,7,2,4,E,0.0,53,0,1032
2021-02-24,Albania,Kukes,11,3,10,NE,0.0,65,0,1033
2021-02-25,Albania,Kukes,13,-3,7,ENE,0.0,73,4,1032
2021-02-26,Albania,Kukes,14,0,4,E,0.0,62,1,1027
2021-02-27,Albania,Kukes,12,5,11,ENE,0.0,70,12,1023
2021-02-28,Albania,Kukes,7,-1,15,NE,0.0,72,10,1028
2021-03-01,Albania,Kukes,8,-2,11,NE,0.0,61,3,1029
2021-03-02,Albania,Kukes,7,-4,10,NE,0.0,68,0,1033
2021-03-03,Albania,Kukes,11,-5,7,ENE,0.0,55,0,1031
2021-03-04,Albania,Kukes,10,-3,12,SSW,0.0,51,2,1024
2021-03-05,Albania,Kukes,8,-3,13,SW,0.0,72,32,1019
2021-03-06,Albania,Kukes,3,-6,10,ENE,11.3,90,77,1024
2021-03-07,Albania,Kukes,5,-10,8,SE,0.0,71,6,1025
2021-03-08,Albania,Kukes,7,-7,9,SW,4.6,73,49,1018
2021-03-09,Albania,Kukes,0,-7,6,NE,20.0,97,100,1017
2021-03-10,Albania,Kukes,3,-5,10,SE,53.2,98,93,1013
2021-03-11,Albania,Kukes,3,-7,10,ENE,3.6,87,28,1022
2021-03-12,Albania,Kukes,5,-8,14,SSW,0.0,79,19,1021
2021-03-13,Albania,Kukes,7,-5,13,SSW,3.2,89,55,1018
2021-03-14,Albania,Kukes,9,-5,13,SSW,1.5,82,49,1011
2021-03-15,Albania,Kukes,6,-5,9,S,19.8,94,96,1003
2021-03-16,Albania,Kukes,5,1,5,SE,5.3,84,58,1007
2021-03-17,Albania,Kukes,4,0,8,ENE,0.7,72,43,1012
2021-03-18,Albania,Kukes,6,-1,5,ESE,2.8,71,53,1015
2021-03-19,Albania,Kukes,4,-7,7,NE,0.3,80,49,1015
2021-03-20,Albania,Kukes,2,-9,9,NE,14.9,88,82,1014
2021-03-21,Albania,Kukes,1,-9,15,NNE,40.0,99,100,1008
2021-03-22,Albania,Kukes,1,-4,16,NNE,27.6,98,96,1002
2021-03-23,Albania,Kukes,1,-11,16,NE,0.9,95,82,1012
2021-03-24,Albania,Kukes,2,-5,8,ESE,1.6,90,61,1017
2021-03-25,Albania,Kukes,3,-6,7,ENE,0.0,81,17,1021
2021-03-26,Albania,Kukes,3,-6,6,SSE,0.0,77,9,1026
2021-03-27,Albania,Kukes,8,-9,6,SSE,0.0,78,11,1029
2021-03-28,Albania,Kukes,12,-4,6,E,0.0,70,3,1032
2021-03-29,Albania,Kukes,10,-4,10,NE,0.0,79,36,1032
2021-03-30,Albania,Kukes,11,3,14,NE,0.7,77,61,1030
2021-03-31,Albania,Kukes,11,4,12,NE,0.8,78,62,1026
2021-04-01,Albania,Kukes,13,3,8,ENE,0.0,74,26,1021
2021-04-02,Albania,Kukes,12,-2,12,SSW,0.0,77,27,1017
2021-04-03,Albania,Kukes,13,2,12,SW,4.1,81,79,1011
2021-04-04,Albania,Kukes,2,-8,10,NE,52.0,99,100,1014
2021-04-05,Albania,Kukes,5,-14,8,SE,0.0,92,44,1016
2021-04-06,Albania,Kukes,9,-7,12,SSW,1.8,91,45,1007
2021-04-07,Albania,Kukes,0,-4,8,ENE,38.1,99,96,1011
2021-04-08,Albania,Kukes,4,-6,8,E,0.7,81,25,1026
2021-04-09,Albania,Kukes,5,-5,8,E,0.0,84,15,1031
2021-04-10,Albania,Kukes,8,1,9,S,0.0,78,11,1027
2021-04-11,Albania,Kukes,14,3,7,S,0.1,76,19,1025
2021-04-12,Albania,Kukes,13,7,10,SSW,0.1,69,22,1022
2021-04-13,Albania,Kukes,13,9,12,SSW,3.1,80,70,1017
2021-04-14,Albania,Kukes,7,-3,6,SE,13.6,96,98,1016
2021-04-15,Albania,Kukes,6,-1,9,ENE,2.3,81,51,1020
2021-04-16,Albania,Kukes,9,-6,11,NNE,1.7,78,51,1020
2021-04-17,Albania,Kukes,5,-1,8,NE,21.8,100,100,1013
2021-04-18,Albania,Kukes,5,-5,5,SSE,31.6,100,96,1013
2021-04-19,Albania,Kukes,6,-2,4,WSW,22.4,95,88,1013
2021-04-20,Albania,Kukes,9,0,11,SW,7.2,88,84,1015
2021-04-21,Albania,Kukes,11,-4,11,SW,0.3,77,48,1020
2021-04-22,Albania,Kukes,12,-2,10,SW,0.0,64,23,1020
2021-04-23,Albania,Kukes,9,-1,7,ESE,4.1,96,100,1022
2021-04-24,Albania,Kukes,11,3,14,NE,0.5,79,71,1022
2021-04-25,Albania,Kukes,13,5,10,NE,0.0,77,21,1019
2021-04-26,Albania,Kukes,17,7,8,S,0.1,69,25,1016
2021-04-27,Albania,Kukes,18,5,8,SW,1.1,65,70,1012
2021-04-28,Albania,Kukes,18,3,11,SW,0.7,71,43,1009
2021-04-29,Albania,Kukes,20,11,11,SSW,0.0,74,21,1013
2021-04-30,Albania,Kukes,21,13,11,SSW,0.0,61,12,1015
2021-05-01,Albania,Kukes,23,9,12,SSW,0.3,61,22,1015
2021-05-02,Albania,Kukes,22,10,15,SSW,0.2,65,24,1012
2021-05-03,Albania,Kukes,19,11,11,SW,0.0,70,25,1016
2021-05-04,Albania,Kukes,18,10,8,S,0.0,74,26,1017
2021-05-05,Albania,Kukes,17,4,12,SW,0.4,63,37,1014
2021-05-06,Albania,Kukes,20,7,10,SW,0.4,77,34,1015
2021-05-07,Albania,Kukes,22,3,12,SSW,0.0,59,2,1015
2021-05-08,Albania,Kukes,12,1,14,ENE,0.0,76,31,1017
2021-05-09,Albania,Kukes,19,5,9,SE,0.0,71,4,1022
2021-05-10,Albania,Kukes,22,6,6,S,0.4,75,37,1020
2021-05-11,Albania,Kukes,22,7,7,WSW,0.6,76,46,1015
2021-05-12,Albania,Kukes,12,6,12,SSW,3.5,83,52,1009
2021-05-13,Albania,Kukes,12,2,13,SW,4.8,78,53,1009
2021-05-14,Albania,Kukes,13,2,13,SW,3.6,76,72,1013
2021-05-15,Albania,Kukes,13,7,8,SSW,8.3,85,69,1011
2021-05-16,Albania,Kukes,18,8,11,SW,0.0,81,27,1012
2021-05-17,Albania,Kukes,20,5,14,SSW,0.0,73,28,1012
2021-05-18,Albania,Kukes,20,9,12,SW,0.6,74,46,1012
2021-05-19,Albania,Kukes,20,10,11,SW,0.0,59,10,1014
2021-05-20,Albania,Kukes,9,7,8,SE,17.4,91,84,1014
2021-05-21,Albania,Kukes,14,1,9,NE,3.2,81,60,1018
2021-05-22,Albania,Kukes,17,3,12,SSW,0.0,67,9,1019
2021-05-23,Albania,Kukes,22,11,14,SSW,0.0,59,4,1018
2021-05-24,Albania,Kukes,27,11,6,SSW,0.0,63,8,1021
2021-05-25,Albania,Kukes,26,18,11,SSW,0.4,63,26,1018
2021-05-26,Albania,Kukes,22,10,8,SSE,0.7,73,31,1017
2021-05-27,Albania,Kukes,22,7,7,WSW,1.9,76,55,1014
2021-05-28,Albania,Kukes,20,11,8,SSE,2.0,72,43,1016
2021-05-29,Albania,Kukes,16,4,9,ENE,0.0,71,14,1017
2021-05-30,Albania,Kukes,15,1,12,NNE,0.1,77,41,1017
2021-05-31,Albania,Kukes,14,0,11,NNE,1.0,83,79,1016
2021-06-01,Albania,Kukes,14,-1,10,NE,4.7,80,65,1017
2021-06-02,Albania,Kukes,14,1,8,SE,0.0,69,12,1020
2021-06-03,Albania,Kukes,17,4,8,ENE,0.0,69,18,1022
2021-06-04,Albania,Kukes,19,2,7,E,0.0,65,9,1024
2021-06-05,Albania,Kukes,21,7,7,SSW,1.9,69,31,1021
2021-06-06,Albania,Kukes,22,10,8,SW,4.4,69,64,1019
2021-06-07,Albania,Kukes,24,13,8,S,6.7,69,47,1017
2021-06-08,Albania,Kukes,22,7,10,NE,1.9,75,66,1016
2021-06-09,Albania,Kukes,22,6,10,NE,1.3,72,42,1015
2021-06-10,Albania,Kukes,20,7,10,NE,4.2,74,67,1015
2021-06-11,Albania,Kukes,20,6,9,NE,2.9,73,44,1015
2021-06-12,Albania,Kukes,19,5,7,E,1.5,72,53,1016
2021-06-13,Albania,Kukes,16,6,9,ENE,9.0,76,49,1019
2021-06-14,Albania,Kukes,17,2,13,NE,0.0,64,8,1019
2021-06-15,Albania,Kukes,17,-1,11,NE,0.0,66,14,1019
2021-06-16,Albania,Kukes,18,3,8,ENE,0.0,71,19,1018
2021-06-17,Albania,Kukes,22,8,6,SSW,1.5,71,38,1018
2021-06-18,Albania,Kukes,26,13,6,S,1.4,71,56,1018
2021-06-19,Albania,Kukes,25,8,7,ENE,2.7,74,66,1016
2021-06-20,Albania,Kukes,24,10,7,ENE,1.3,72,32,1014
2021-06-21,Albania,Kukes,29,17,10,S,1.1,69,36,1014
2021-06-22,Albania,Kukes,29,13,11,SSW,0.1,58,17,1015
2021-06-23,Albania,Kukes,31,17,6,SSW,0.0,48,4,1017
2021-06-24,Albania,Kukes,33,20,7,SSW,0.0,45,3,1019
2021-06-25,Albania,Kukes,33,22,8,SSW,0.0,44,6,1018
2021-06-26,Albania,Kukes,31,22,10,SSW,0.0,44,5,1016
2021-06-27,Albania,Kukes,30,16,5,SSW,0.0,61,5,1017
2021-06-28,Albania,Kukes,29,12,6,SSE,0.0,58,7,1018
2021-06-29,Albania,Kukes,29,14,7,SW,0.0,45,3,1016
2021-06-30,Albania,Kukes,32,15,12,SSW,0.1,38,8,1014
2021-07-01,Albania,Kukes,28,14,12,SSW,0.0,41,6,1013
2021-07-02,Albania,Kukes,26,10,8,SSW,0.0,47,6,1013
2021-07-03,Albania,Kukes,25,7,9,NE,0.1,59,21,1016
