,2009-01-01,2010-01-01,2011-01-01,2012-01-01,2013-01-01,2014-01-01,2015-01-01,2016-01-01,2017-01-01,2018-01-01,2019-01-01,2020-01-01,2021-01-01,2009-01-02,2010-01-02,2011-01-02,2012-01-02,2013-01-02,2014-01-02,2015-01-02,2016-01-02,2017-01-02,2018-01-02,2019-01-02,2020-01-02,2021-01-02,2009-01-03,2010-01-03,2011-01-03,2012-01-03,2013-01-03,2014-01-03,2015-01-03,2016-01-03,2017-01-03,2018-01-03,2019-01-03,2020-01-03,2021-01-03,2009-01-04,2010-01-04,2011-01-04,2012-01-04,2013-01-04,2014-01-04,2015-01-04,2016-01-04,2017-01-04,2018-01-04,2019-01-04,2020-01-04,2021-01-04,2009-01-05,2010-01-05,2011-01-05,2012-01-05,2013-01-05,2014-01-05,2015-01-05,2016-01-05,2017-01-05,2018-01-05,2019-01-05,2020-01-05,2021-01-05,2009-01-06,2010-01-06,2011-01-06,2012-01-06,2013-01-06,2014-01-06,2015-01-06,2016-01-06,2017-01-06,2018-01-06,2019-01-06,2020-01-06,2021-01-06,2009-01-07,2010-01-07,2011-01-07,2012-01-07,2013-01-07,2014-01-07,2015-01-07,2016-01-07,2017-01-07,2018-01-07,2019-01-07,2020-01-07,2021-01-07,2009-01-08,2010-01-08,2011-01-08,2012-01-08,2013-01-08,2014-01-08,2015-01-08,2016-01-08,2017-01-08,2018-01-08,2019-01-08,2020-01-08,2021-01-08,2009-01-09,2010-01-09,2011-01-09,2012-01-09,2013-01-09,2014-01-09,2015-01-09,2016-01-09,2017-01-09,2018-01-09,2019-01-09,2020-01-09,2021-01-09,2009-01-10,2010-01-10,2011-01-10,2012-01-10,2013-01-10,2014-01-10,2015-01-10,2016-01-10,2017-01-10,2018-01-10,2019-01-10,2020-01-10,2021-01-10,2009-01-11,2010-01-11,2011-01-11,2012-01-11,2013-01-11,2014-01-11,2015-01-11,2016-01-11,2017-01-11,2018-01-11,2019-01-11,2020-01-11,2021-01-11,2009-01-12,2010-01-12,2011-01-12,2012-01-12,2013-01-12,2014-01-12,2015-01-12,2016-01-12,2017-01-12,2018-01-12,2019-01-12,2020-01-12,2021-01-12,2009-01-13,2010-01-13,2011-01-13,2012-01-13,2013-01-13,2014-01-13,2015-01-13,2016-01-13,2017-01-13,2018-01-13,2019-01-13,2020-01-13,2021-01-13,2009-01-14,2010-01-14,2011-01-14,2012-01-14,2013-01-14,2014-01-14,2015-01-14,2016-01-14,2017-01-14,2018-01-14,2019-01-14,2020-01-14,2021-01-14,2009-01-15,2010-01-15,2011-01-15,2012-01-15,2013-01-15,2014-01-15,2015-01-15,2016-01-15,2017-01-15,2018-01-15,2019-01-15,2020-01-15,2021-01-15,2009-01-16,2010-01-16,2011-01-16,2012-01-16,2013-01-16,2014-01-16,2015-01-16,2016-01-16,2017-01-16,2018-01-16,2019-01-16,2020-01-16,2021-01-16,2009-01-17,2010-01-17,2011-01-17,2012-01-17,2013-01-17,2014-01-17,2015-01-17,2016-01-17,2017-01-17,2018-01-17,2019-01-17,2020-01-17,2021-01-17,2009-01-18,2010-01-18,2011-01-18,2012-01-18,2013-01-18,2014-01-18,2015-01-18,2016-01-18,2017-01-18,2018-01-18,2019-01-18,2020-01-18,2021-01-18,2009-01-19,2010-01-19,2011-01-19,2012-01-19,2013-01-19,2014-01-19,2015-01-19,2016-01-19,2017-01-19,2018-01-19,2019-01-19,2020-01-19,2021-01-19,2009-01-20,2010-01-20,2011-01-20,2012-01-20,2013-01-20,2014-01-20,2015-01-20,2016-01-20,2017-01-20,2018-01-20,2019-01-20,2020-01-20,2021-01-20,2009-01-21,2010-01-21,2011-01-21,2012-01-21,2013-01-21,2014-01-21,2015-01-21,2016-01-21,2017-01-21,2018-01-21,2019-01-21,2020-01-21,2021-01-21,2009-01-22,2010-01-22,2011-01-22,2012-01-22,2013-01-22,2014-01-22,2015-01-22,2016-01-22,2017-01-22,2018-01-22,2019-01-22,2020-01-22,2021-01-22,2009-01-23,2010-01-23,2011-01-23,2012-01-23,2013-01-23,2014-01-23,2015-01-23,2016-01-23,2017-01-23,2018-01-23,2019-01-23,2020-01-23,2021-01-23,2009-01-24,2010-01-24,2011-01-24,2012-01-24,2013-01-24,2014-01-24,2015-01-24,2016-01-24,2017-01-24,2018-01-24,2019-01-24,2020-01-24,2021-01-24,2009-01-25,2010-01-25,2011-01-25,2012-01-25,2013-01-25,2014-01-25,2015-01-25,2016-01-25,2017-01-25,2018-01-25,2019-01-25,2020-01-25,2021-01-25,2009-01-26,2010-01-26,2011-01-26,2012-01-26,2013-01-26,2014-01-26,2015-01-26,2016-01-26,2017-01-26,2018-01-26,2019-01-26,2020-01-26,2021-01-26,2009-01-27,2010-01-27,2011-01-27,2012-01-27,2013-01-27,2014-01-27,2015-01-27,2016-01-27,2017-01-27,2018-01-27,2019-01-27,2020-01-27,2021-01-27,2009-01-28,2010-01-28,2011-01-28,2012-01-28,2013-01-28,2014-01-28,2015-01-28,2016-01-28,2017-01-28,2018-01-28,2019-01-28,2020-01-28,2021-01-28,2009-01-29,2010-01-29,2011-01-29,2012-01-29,2013-01-29,2014-01-29,2015-01-29,2016-01-29,2017-01-29,2018-01-29,2019-01-29,2020-01-29,2021-01-29,2009-01-30,2010-01-30,2011-01-30,2012-01-30,2013-01-30,2014-01-30,2015-01-30,2016-01-30,2017-01-30,2018-01-30,2019-01-30,2020-01-30,2021-01-30,2009-01-31,2010-01-31,2011-01-31,2012-01-31,2013-01-31,2014-01-31,2015-01-31,2016-01-31,2017-01-31,2018-01-31,2019-01-31,2020-01-31,2021-01-31,2009-02-01,2010-02-01,2011-02-01,2012-02-01,2013-02-01,2014-02-01,2015-02-01,2016-02-01,2017-02-01,2018-02-01,2019-02-01,2020-02-01,2021-02-01,2009-02-02,2010-02-02,2011-02-02,2012-02-02,2013-02-02,2014-02-02,2015-02-02,2016-02-02,2017-02-02,2018-02-02,2019-02-02,2020-02-02,2021-02-02,2009-02-03,2010-02-03,2011-02-03,2012-02-03,2013-02-03,2014-02-03,2015-02-03,2016-02-03,2017-02-03,2018-02-03,2019-02-03,2020-02-03,2021-02-03,2009-02-04,2010-02-04,2011-02-04,2012-02-04,2013-02-04,2014-02-04,2015-02-04,2016-02-04,2017-02-04,2018-02-04,2019-02-04,2020-02-04,2021-02-04,2009-02-05,2010-02-05,2011-02-05,2012-02-05,2013-02-05,2014-02-05,2015-02-05,2016-02-05,2017-02-05,2018-02-05,2019-02-05,2020-02-05,2021-02-05,2009-02-06,2010-02-06,2011-02-06,2012-02-06,2013-02-06,2014-02-06,2015-02-06,2016-02-06,2017-02-06,2018-02-06,2019-02-06,2020-02-06,2021-02-06,2009-02-07,2010-02-07,2011-02-07,2012-02-07,2013-02-07,2014-02-07,2015-02-07,2016-02-07,2017-02-07,2018-02-07,2019-02-07,2020-02-07,2021-02-07,2009-02-08,2010-02-08,2011-02-08,2012-02-08,2013-02-08,2014-02-08,2015-02-08,2016-02-08,2017-02-08,2018-02-08,2019-02-08,2020-02-08,2021-02-08,2009-02-09,2010-02-09,2011-02-09,2012-02-09,2013-02-09,2014-02-09,2015-02-09,2016-02-09,2017-02-09,2018-02-09,2019-02-09,2020-02-09,2021-02-09,2009-02-10,2010-02-10,2011-02-10,2012-02-10,2013-02-10,2014-02-10,2015-02-10,2016-02-10,2017-02-10,2018-02-10,2019-02-10,2020-02-10,2021-02-10,2009-02-11,2010-02-11,2011-02-11,2012-02-11,2013-02-11,2014-02-11,2015-02-11,2016-02-11,2017-02-11,2018-02-11,2019-02-11,2020-02-11,2021-02-11,2009-02-12,2010-02-12,2011-02-12,2012-02-12,2013-02-12,2014-02-12,2015-02-12,2016-02-12,2017-02-12,2018-02-12,2019-02-12,2020-02-12,2021-02-12,2009-02-13,2010-02-13,2011-02-13,2012-02-13,2013-02-13,2014-02-13,2015-02-13,2016-02-13,2017-02-13,2018-02-13,2019-02-13,2020-02-13,2021-02-13,2009-02-14,2010-02-14,2011-02-14,2012-02-14,2013-02-14,2014-02-14,2015-02-14,2016-02-14,2017-02-14,2018-02-14,2019-02-14,2020-02-14,2021-02-14,2009-02-15,2010-02-15,2011-02-15,2012-02-15,2013-02-15,2014-02-15,2015-02-15,2016-02-15,2017-02-15,2018-02-15,2019-02-15,2020-02-15,2021-02-15,2009-02-16,2010-02-16,2011-02-16,2012-02-16,2013-02-16,2014-02-16,2015-02-16,2016-02-16,2017-02-16,2018-02-16,2019-02-16,2020-02-16,2021-02-16,2009-02-17,2010-02-17,2011-02-17,2012-02-17,2013-02-17,2014-02-17,2015-02-17,2016-02-17,2017-02-17,2018-02-17,2019-02-17,2020-02-17,2021-02-17,2009-02-18,2010-02-18,2011-02-18,2012-02-18,2013-02-18,2014-02-18,2015-02-18,2016-02-18,2017-02-18,2018-02-18,2019-02-18,2020-02-18,2021-02-18,2009-02-19,2010-02-19,2011-02-19,2012-02-19,2013-02-19,2014-02-19,2015-02-19,2016-02-19,2017-02-19,2018-02-19,2019-02-19,2020-02-19,2021-02-19,2009-02-20,2010-02-20,2011-02-20,2012-02-20,2013-02-20,2014-02-20,2015-02-20,2016-02-20,2017-02-20,2018-02-20,2019-02-20,2020-02-20,2021-02-20,2009-02-21,2010-02-21,2011-02-21,2012-02-21,2013-02-21,2014-02-21,2015-02-21,2016-02-21,2017-02-21,2018-02-21,2019-02-21,2020-02-21,2021-02-21,2009-02-22,2010-02-22,2011-02-22,2012-02-22,2013-02-22,2014-02-22,2015-02-22,2016-02-22,2017-02-22,2018-02-22,2019-02-22,2020-02-22,2021-02-22,2009-02-23,2010-02-23,2011-02-23,2012-02-23,2013-02-23,2014-02-23,2015-02-23,2016-02-23,2017-02-23,2018-02-23,2019-02-23,2020-02-23,2021-02-23,2009-02-24,2010-02-24,2011-02-24,2012-02-24,2013-02-24,2014-02-24,2015-02-24,2016-02-24,2017-02-24,2018-02-24,2019-02-24,2020-02-24,2021-02-24,2009-02-25,2010-02-25,2011-02-25,2012-02-25,2013-02-25,2014-02-25,2015-02-25,2016-02-25,2017-02-25,2018-02-25,2019-02-25,2020-02-25,2021-02-25,2009-02-26,2010-02-26,2011-02-26,2012-02-26,2013-02-26,2014-02-26,2015-02-26,2016-02-26,2017-02-26,2018-02-26,2019-02-26,2020-02-26,2021-02-26,2009-02-27,2010-02-27,2011-02-27,2012-02-27,2013-02-27,2014-02-27,2015-02-27,2016-02-27,2017-02-27,2018-02-27,2019-02-27,2020-02-27,2021-02-27,2009-02-28,2010-02-28,2011-02-28,2012-02-28,2013-02-28,2014-02-28,2015-02-28,2016-02-28,2017-02-28,2018-02-28,2019-02-28,2020-02-28,2021-02-28,2009-03-01,2010-03-01,2011-03-01,2012-03-01,2013-03-01,2014-03-01,2015-03-01,2016-03-01,2017-03-01,2018-03-01,2019-03-01,2020-03-01,2021-03-01,2009-03-02,2010-03-02,2011-03-02,2012-03-02,2013-03-02,2014-03-02,2015-03-02,2016-03-02,2017-03-02,2018-03-02,2019-03-02,2020-03-02,2021-03-02,2009-03-03,2010-03-03,2011-03-03,2012-03-03,2013-03-03,2014-03-03,2015-03-03,2016-03-03,2017-03-03,2018-03-03,2019-03-03,2020-03-03,2021-03-03,2009-03-04,2010-03-04,2011-03-04,2012-03-04,2013-03-04,2014-03-04,2015-03-04,2016-03-04,2017-03-04,2018-03-04,2019-03-04,2020-03-04,2021-03-04,2009-03-05,2010-03-05,2011-03-05,2012-03-05,2013-03-05,2014-03-05,2015-03-05,2016-03-05,2017-03-05,2018-03-05,2019-03-05,2020-03-05,2021-03-05,2009-03-06,2010-03-06,2011-03-06,2012-03-06,2013-03-06,2014-03-06,2015-03-06,2016-03-06,2017-03-06,2018-03-06,2019-03-06,2020-03-06,2021-03-06,2009-03-07,2010-03-07,2011-03-07,2012-03-07,2013-03-07,2014-03-07,2015-03-07,2016-03-07,2017-03-07,2018-03-07,2019-03-07,2020-03-07,2021-03-07,2009-03-08,2010-03-08,2011-03-08,2012-03-08,2013-03-08,2014-03-08,2015-03-08,2016-03-08,2017-03-08,2018-03-08,2019-03-08,2020-03-08,2021-03-08,2009-03-09,2010-03-09,2011-03-09,2012-03-09,2013-03-09,2014-03-09,2015-03-09,2016-03-09,2017-03-09,2018-03-09,2019-03-09,2020-03-09,2021-03-09,2009-03-10,2010-03-10,2011-03-10,2012-03-10,2013-03-10,2014-03-10,2015-03-10,2016-03-10,2017-03-10,2018-03-10,2019-03-10,2020-03-10,2021-03-10,2009-03-11,2010-03-11,2011-03-11,2012-03-11,2013-03-11,2014-03-11,2015-03-11,2016-03-11,2017-03-11,2018-03-11,2019-03-11,2020-03-11,2021-03-11,2009-03-12,2010-03-12,2011-03-12,2012-03-12,2013-03-12,2014-03-12,2015-03-12,2016-03-12,2017-03-12,2018-03-12,2019-03-12,2020-03-12,2021-03-12,2009-03-13,2010-03-13,2011-03-13,2012-03-13,2013-03-13,2014-03-13,2015-03-13,2016-03-13,2017-03-13,2018-03-13,2019-03-13,2020-03-13,2021-03-13,2009-03-14,2010-03-14,2011-03-14,2012-03-14,2013-03-14,2014-03-14,2015-03-14,2016-03-14,2017-03-14,2018-03-14,2019-03-14,2020-03-14,2021-03-14,2009-03-15,2010-03-15,2011-03-15,2012-03-15,2013-03-15,2014-03-15,2015-03-15,2016-03-15,2017-03-15,2018-03-15,2019-03-15,2020-03-15,2021-03-15,2009-03-16,2010-03-16,2011-03-16,2012-03-16,2013-03-16,2014-03-16,2015-03-16,2016-03-16,2017-03-16,2018-03-16,2019-03-16,2020-03-16,2021-03-16,2009-03-17,2010-03-17,2011-03-17,2012-03-17,2013-03-17,2014-03-17,2015-03-17,2016-03-17,2017-03-17,2018-03-17,2019-03-17,2020-03-17,2021-03-17,2009-03-18,2010-03-18,2011-03-18,2012-03-18,2013-03-18,2014-03-18,2015-03-18,2016-03-18,2017-03-18,2018-03-18,2019-03-18,2020-03-18,2021-03-18,2009-03-19,2010-03-19,2011-03-19,2012-03-19,2013-03-19,2014-03-19,2015-03-19,2016-03-19,2017-03-19,2018-03-19,2019-03-19,2020-03-19,2021-03-19,2009-03-20,2010-03-20,2011-03-20,2012-03-20,2013-03-20,2014-03-20,2015-03-20,2016-03-20,2017-03-20,2018-03-20,2019-03-20,2020-03-20,2021-03-20,2009-03-21,2010-03-21,2011-03-21,2012-03-21,2013-03-21,2014-03-21,2015-03-21,2016-03-21,2017-03-21,2018-03-21,2019-03-21,2020-03-21,2021-03-21,2009-03-22,2010-03-22,2011-03-22,2012-03-22,2013-03-22,2014-03-22,2015-03-22,2016-03-22,2017-03-22,2018-03-22,2019-03-22,2020-03-22,2021-03-22,2009-03-23,2010-03-23,2011-03-23,2012-03-23,2013-03-23,2014-03-23,2015-03-23,2016-03-23,2017-03-23,2018-03-23,2019-03-23,2020-03-23,2021-03-23,2009-03-24,2010-03-24,2011-03-24,2012-03-24,2013-03-24,2014-03-24,2015-03-24,2016-03-24,2017-03-24,2018-03-24,2019-03-24,2020-03-24,2021-03-24,2009-03-25,2010-03-25,2011-03-25,2012-03-25,2013-03-25,2014-03-25,2015-03-25,2016-03-25,2017-03-25,2018-03-25,2019-03-25,2020-03-25,2021-03-25,2009-03-26,2010-03-26,2011-03-26,2012-03-26,2013-03-26,2014-03-26,2015-03-26,2016-03-26,2017-03-26,2018-03-26,2019-03-26,2020-03-26,2021-03-26,2009-03-27,2010-03-27,2011-03-27,2012-03-27,2013-03-27,2014-03-27,2015-03-27,2016-03-27,2017-03-27,2018-03-27,2019-03-27,2020-03-27,2021-03-27,2009-03-28,2010-03-28,2011-03-28,2012-03-28,2013-03-28,2014-03-28,2015-03-28,2016-03-28,2017-03-28,2018-03-28,2019-03-28,2020-03-28,2021-03-28,2009-03-29,2010-03-29,2011-03-29,2012-03-29,2013-03-29,2014-03-29,2015-03-29,2016-03-29,2017-03-29,2018-03-29,2019-03-29,2020-03-29,2021-03-29,2009-03-30,2010-03-30,2011-03-30,2012-03-30,2013-03-30,2014-03-30,2015-03-30,2016-03-30,2017-03-30,2018-03-30,2019-03-30,2020-03-30,2021-03-30,2009-03-31,2010-03-31,2011-03-31,2012-03-31,2013-03-31,2014-03-31,2015-03-31,2016-03-31,2017-03-31,2018-03-31,2019-03-31,2020-03-31,2021-03-31,2009-04-01,2010-04-01,2011-04-01,2012-04-01,2013-04-01,2014-04-01,2015-04-01,2016-04-01,2017-04-01,2018-04-01,2019-04-01,2020-04-01,2021-04-01,2009-04-02,2010-04-02,2011-04-02,2012-04-02,2013-04-02,2014-04-02,2015-04-02,2016-04-02,2017-04-02,2018-04-02,2019-04-02,2020-04-02,2021-04-02,2009-04-03,2010-04-03,2011-04-03,2012-04-03,2013-04-03,2014-04-03,2015-04-03,2016-04-03,2017-04-03,2018-04-03,2019-04-03,2020-04-03,2021-04-03,2009-04-04,2010-04-04,2011-04-04,2012-04-04,2013-04-04,2014-04-04,2015-04-04,2016-04-04,2017-04-04,2018-04-04,2019-04-04,2020-04-04,2021-04-04,2009-04-05,2010-04-05,2011-04-05,2012-04-05,2013-04-05,2014-04-05,2015-04-05,2016-04-05,2017-04-05,2018-04-05,2019-04-05,2020-04-05,2021-04-05,2009-04-06,2010-04-06,2011-04-06,2012-04-06,2013-04-06,2014-04-06,2015-04-06,2016-04-06,2017-04-06,2018-04-06,2019-04-06,2020-04-06,2021-04-06,2009-04-07,2010-04-07,2011-04-07,2012-04-07,2013-04-07,2014-04-07,2015-04-07,2016-04-07,2017-04-07,2018-04-07,2019-04-07,2020-04-07,2021-04-07,2009-04-08,2010-04-08,2011-04-08,2012-04-08,2013-04-08,2014-04-08,2015-04-08,2016-04-08,2017-04-08,2018-04-08,2019-04-08,2020-04-08,2021-04-08,2009-04-09,2010-04-09,2011-04-09,2012-04-09,2013-04-09,2014-04-09,2015-04-09,2016-04-09,2017-04-09,2018-04-09,2019-04-09,2020-04-09,2021-04-09,2009-04-10,2010-04-10,2011-04-10,2012-04-10,2013-04-10,2014-04-10,2015-04-10,2016-04-10,2017-04-10,2018-04-10,2019-04-10,2020-04-10,2021-04-10,2009-04-11,2010-04-11,2011-04-11,2012-04-11,2013-04-11,2014-04-11,2015-04-11,2016-04-11,2017-04-11,2018-04-11,2019-04-11,2020-04-11,2021-04-11,2009-04-12,2010-04-12,2011-04-12,2012-04-12,2013-04-12,2014-04-12,2015-04-12,2016-04-12,2017-04-12,2018-04-12,2019-04-12,2020-04-12,2021-04-12,2009-04-13,2010-04-13,2011-04-13,2012-04-13,2013-04-13,2014-04-13,2015-04-13,2016-04-13,2017-04-13,2018-04-13,2019-04-13,2020-04-13,2021-04-13,2009-04-14,2010-04-14,2011-04-14,2012-04-14,2013-04-14,2014-04-14,2015-04-14,2016-04-14,2017-04-14,2018-04-14,2019-04-14,2020-04-14,2021-04-14,2009-04-15,2010-04-15,2011-04-15,2012-04-15,2013-04-15,2014-04-15,2015-04-15,2016-04-15,2017-04-15,2018-04-15,2019-04-15,2020-04-15,2021-04-15,2009-04-16,2010-04-16,2011-04-16,2012-04-16,2013-04-16,2014-04-16,2015-04-16,2016-04-16,2017-04-16,2018-04-16,2019-04-16,2020-04-16,2021-04-16,2009-04-17,2010-04-17,2011-04-17,2012-04-17,2013-04-17,2014-04-17,2015-04-17,2016-04-17,2017-04-17,2018-04-17,2019-04-17,2020-04-17,2021-04-17,2009-04-18,2010-04-18,2011-04-18,2012-04-18,2013-04-18,2014-04-18,2015-04-18,2016-04-18,2017-04-18,2018-04-18,2019-04-18,2020-04-18,2021-04-18,2009-04-19,2010-04-19,2011-04-19,2012-04-19,2013-04-19,2014-04-19,2015-04-19,2016-04-19,2017-04-19,2018-04-19,2019-04-19,2020-04-19,2021-04-19,2009-04-20,2010-04-20,2011-04-20,2012-04-20,2013-04-20,2014-04-20,2015-04-20,2016-04-20,2017-04-20,2018-04-20,2019-04-20,2020-04-20,2021-04-20,2009-04-21,2010-04-21,2011-04-21,2012-04-21,2013-04-21,2014-04-21,2015-04-21,2016-04-21,2017-04-21,2018-04-21,2019-04-21,2020-04-21,2021-04-21,2009-04-22,2010-04-22,2011-04-22,2012-04-22,2013-04-22,2014-04-22,2015-04-22,2016-04-22,2017-04-22,2018-04-22,2019-04-22,2020-04-22,2021-04-22,2009-04-23,2010-04-23,2011-04-23,2012-04-23,2013-04-23,2014-04-23,2015-04-23,2016-04-23,2017-04-23,2018-04-23,2019-04-23,2020-04-23,2021-04-23,2009-04-24,2010-04-24,2011-04-24,2012-04-24,2013-04-24,2014-04-24,2015-04-24,2016-04-24,2017-04-24,2018-04-24,2019-04-24,2020-04-24,2021-04-24,2009-04-25,2010-04-25,2011-04-25,2012-04-25,2013-04-25,2014-04-25,2015-04-25,2016-04-25,2017-04-25,2018-04-25,2019-04-25,2020-04-25,2021-04-25,2009-04-26,2010-04-26,2011-04-26,2012-04-26,2013-04-26,2014-04-26,2015-04-26,2016-04-26,2017-04-26,2018-04-26,2019-04-26,2020-04-26,2021-04-26,2009-04-27,2010-04-27,2011-04-27,2012-04-27,2013-04-27,2014-04-27,2015-04-27,2016-04-27,2017-04-27,2018-04-27,2019-04-27,2020-04-27,2021-04-27,2009-04-28,2010-04-28,2011-04-28,2012-04-28,2013-04-28,2014-04-28,2015-04-28,2016-04-28,2017-04-28,2018-04-28,2019-04-28,2020-04-28,2021-04-28,2009-04-29,2010-04-29,2011-04-29,2012-04-29,2013-04-29,2014-04-29,2015-04-29,2016-04-29,2017-04-29,2018-04-29,2019-04-29,2020-04-29,2021-04-29,2009-04-30,2010-04-30,2011-04-30,2012-04-30,2013-04-30,2014-04-30,2015-04-30,2016-04-30,2017-04-30,2018-04-30,2019-04-30,2020-04-30,2021-04-30,2009-05-01,2010-05-01,2011-05-01,2012-05-01,2013-05-01,2014-05-01,2015-05-01,2016-05-01,2017-05-01,2018-05-01,2019-05-01,2020-05-01,2021-05-01,2009-05-02,2010-05-02,2011-05-02,2012-05-02,2013-05-02,2014-05-02,2015-05-02,2016-05-02,2017-05-02,2018-05-02,2019-05-02,2020-05-02,2021-05-02,2009-05-03,2010-05-03,2011-05-03,2012-05-03,2013-05-03,2014-05-03,2015-05-03,2016-05-03,2017-05-03,2018-05-03,2019-05-03,2020-05-03,2021-05-03,2009-05-04,2010-05-04,2011-05-04,2012-05-04,2013-05-04,2014-05-04,2015-05-04,2016-05-04,2017-05-04,2018-05-04,2019-05-04,2020-05-04,2021-05-04,2009-05-05,2010-05-05,2011-05-05,2012-05-05,2013-05-05,2014-05-05,2015-05-05,2016-05-05,2017-05-05,2018-05-05,2019-05-05,2020-05-05,2021-05-05,2009-05-06,2010-05-06,2011-05-06,2012-05-06,2013-05-06,2014-05-06,2015-05-06,2016-05-06,2017-05-06,2018-05-06,2019-05-06,2020-05-06,2021-05-06,2009-05-07,2010-05-07,2011-05-07,2012-05-07,2013-05-07,2014-05-07,2015-05-07,2016-05-07,2017-05-07,2018-05-07,2019-05-07,2020-05-07,2021-05-07,2009-05-08,2010-05-08,2011-05-08,2012-05-08,2013-05-08,2014-05-08,2015-05-08,2016-05-08,2017-05-08,2018-05-08,2019-05-08,2020-05-08,2021-05-08,2009-05-09,2010-05-09,2011-05-09,2012-05-09,2013-05-09,2014-05-09,2015-05-09,2016-05-09,2017-05-09,2018-05-09,2019-05-09,2020-05-09,2021-05-09,2009-05-10,2010-05-10,2011-05-10,2012-05-10,2013-05-10,2014-05-10,2015-05-10,2016-05-10,2017-05-10,2018-05-10,2019-05-10,2020-05-10,2021-05-10,2009-05-11,2010-05-11,2011-05-11,2012-05-11,2013-05-11,2014-05-11,2015-05-11,2016-05-11,2017-05-11,2018-05-11,2019-05-11,2020-05-11,2021-05-11,2009-05-12,2010-05-12,2011-05-12,2012-05-12,2013-05-12,2014-05-12,2015-05-12,2016-05-12,2017-05-12,2018-05-12,2019-05-12,2020-05-12,2021-05-12,2009-05-13,2010-05-13,2011-05-13,2012-05-13,2013-05-13,2014-05-13,2015-05-13,2016-05-13,2017-05-13,2018-05-13,2019-05-13,2020-05-13,2021-05-13,2009-05-14,2010-05-14,2011-05-14,2012-05-14,2013-05-14,2014-05-14,2015-05-14,2016-05-14,2017-05-14,2018-05-14,2019-05-14,2020-05-14,2021-05-14,2009-05-15,2010-05-15,2011-05-15,2012-05-15,2013-05-15,2014-05-15,2015-05-15,2016-05-15,2017-05-15,2018-05-15,2019-05-15,2020-05-15,2021-05-15,2009-05-16,2010-05-16,2011-05-16,2012-05-16,2013-05-16,2014-05-16,2015-05-16,2016-05-16,2017-05-16,2018-05-16,2019-05-16,2020-05-16,2021-05-16,2009-05-17,2010-05-17,2011-05-17,2012-05-17,2013-05-17,2014-05-17,2015-05-17,2016-05-17,2017-05-17,2018-05-17,2019-05-17,2020-05-17,2021-05-17,2009-05-18,2010-05-18,2011-05-18,2012-05-18,2013-05-18,2014-05-18,2015-05-18,2016-05-18,2017-05-18,2018-05-18,2019-05-18,2020-05-18,2021-05-18,2009-05-19,2010-05-19,2011-05-19,2012-05-19,2013-05-19,2014-05-19,2015-05-19,2016-05-19,2017-05-19,2018-05-19,2019-05-19,2020-05-19,2021-05-19,2009-05-20,2010-05-20,2011-05-20,2012-05-20,2013-05-20,2014-05-20,2015-05-20,2016-05-20,2017-05-20,2018-05-20,2019-05-20,2020-05-20,2021-05-20,2009-05-21,2010-05-21,2011-05-21,2012-05-21,2013-05-21,2014-05-21,2015-05-21,2016-05-21,2017-05-21,2018-05-21,2019-05-21,2020-05-21,2021-05-21,2009-05-22,2010-05-22,2011-05-22,2012-05-22,2013-05-22,2014-05-22,2015-05-22,2016-05-22,2017-05-22,2018-05-22,2019-05-22,2020-05-22,2021-05-22,2009-05-23,2010-05-23,2011-05-23,2012-05-23,2013-05-23,2014-05-23,2015-05-23,2016-05-23,2017-05-23,2018-05-23,2019-05-23,2020-05-23,2021-05-23,2009-05-24,2010-05-24,2011-05-24,2012-05-24,2013-05-24,2014-05-24,2015-05-24,2016-05-24,2017-05-24,2018-05-24,2019-05-24,2020-05-24,2021-05-24,2009-05-25,2010-05-25,2011-05-25,2012-05-25,2013-05-25,2014-05-25,2015-05-25,2016-05-25,2017-05-25,2018-05-25,2019-05-25,2020-05-25,2021-05-25,2009-05-26,2010-05-26,2011-05-26,2012-05-26,2013-05-26,2014-05-26,2015-05-26,2016-05-26,2017-05-26,2018-05-26,2019-05-26,2020-05-26,2021-05-26,2009-05-27,2010-05-27,2011-05-27,2012-05-27,2013-05-27,2014-05-27,2015-05-27,2016-05-27,2017-05-27,2018-05-27,2019-05-27,2020-05-27,2021-05-27,2009-05-28,2010-05-28,2011-05-28,2012-05-28,2013-05-28,2014-05-28,2015-05-28,2016-05-28,2017-05-28,2018-05-28,2019-05-28,2020-05-28,2021-05-28,2009-05-29,2010-05-29,2011-05-29,2012-05-29,2013-05-29,2014-05-29,2015-05-29,2016-05-29,2017-05-29,2018-05-29,2019-05-29,2020-05-29,2021-05-29,2009-05-30,2010-05-30,2011-05-30,2012-05-30,2013-05-30,2014-05-30,2015-05-30,2016-05-30,2017-05-30,2018-05-30,2019-05-30,2020-05-30,2021-05-30,2009-05-31,2010-05-31,2011-05-31,2012-05-31,2013-05-31,2014-05-31,2015-05-31,2016-05-31,2017-05-31,2018-05-31,2019-05-31,2020-05-31,2021-05-31,2009-06-01,2010-06-01,2011-06-01,2012-06-01,2013-06-01,2014-06-01,2015-06-01,2016-06-01,2017-06-01,2018-06-01,2019-06-01,2020-06-01,2021-06-01,2009-06-02,2010-06-02,2011-06-02,2012-06-02,2013-06-02,2014-06-02,2015-06-02,2016-06-02,2017-06-02,2018-06-02,2019-06-02,2020-06-02,2021-06-02,2009-06-03,2010-06-03,2011-06-03,2012-06-03,2013-06-03,2014-06-03,2015-06-03,2016-06-03,2017-06-03,2018-06-03,2019-06-03,2020-06-03,2021-06-03,2009-06-04,2010-06-04,2011-06-04,2012-06-04,2013-06-04,2014-06-04,2015-06-04,2016-06-04,2017-06-04,2018-06-04,2019-06-04,2020-06-04,2021-06-04,2009-06-05,2010-06-05,2011-06-05,2012-06-05,2013-06-05,2014-06-05,2015-06-05,2016-06-05,2017-06-05,2018-06-05,2019-06-05,2020-06-05,2021-06-05,2009-06-06,2010-06-06,2011-06-06,2012-06-06,2013-06-06,2014-06-06,2015-06-06,2016-06-06,2017-06-06,2018-06-06,2019-06-06,2020-06-06,2021-06-06,2009-06-07,2010-06-07,2011-06-07,2012-06-07,2013-06-07,2014-06-07,2015-06-07,2016-06-07,2017-06-07,2018-06-07,2019-06-07,2020-06-07,2021-06-07,2009-06-08,2010-06-08,2011-06-08,2012-06-08,2013-06-08,2014-06-08,2015-06-08,2016-06-08,2017-06-08,2018-06-08,2019-06-08,2020-06-08,2021-06-08,2009-06-09,2010-06-09,2011-06-09,2012-06-09,2013-06-09,2014-06-09,2015-06-09,2016-06-09,2017-06-09,2018-06-09,2019-06-09,2020-06-09,2021-06-09,2009-06-10,2010-06-10,2011-06-10,2012-06-10,2013-06-10,2014-06-10,2015-06-10,2016-06-10,2017-06-10,2018-06-10,2019-06-10,2020-06-10,2021-06-10,2009-06-11,2010-06-11,2011-06-11,2012-06-11,2013-06-11,2014-06-11,2015-06-11,2016-06-11,2017-06-11,2018-06-11,2019-06-11,2020-06-11,2021-06-11,2009-06-12,2010-06-12,2011-06-12,2012-06-12,2013-06-12,2014-06-12,2015-06-12,2016-06-12,2017-06-12,2018-06-12,2019-06-12,2020-06-12,2021-06-12,2009-06-13,2010-06-13,2011-06-13,2012-06-13,2013-06-13,2014-06-13,2015-06-13,2016-06-13,2017-06-13,2018-06-13,2019-06-13,2020-06-13,2021-06-13,2009-06-14,2010-06-14,2011-06-14,2012-06-14,2013-06-14,2014-06-14,2015-06-14,2016-06-14,2017-06-14,2018-06-14,2019-06-14,2020-06-14,2021-06-14,2009-06-15,2010-06-15,2011-06-15,2012-06-15,2013-06-15,2014-06-15,2015-06-15,2016-06-15,2017-06-15,2018-06-15,2019-06-15,2020-06-15,2021-06-15,2009-06-16,2010-06-16,2011-06-16,2012-06-16,2013-06-16,2014-06-16,2015-06-16,2016-06-16,2017-06-16,2018-06-16,2019-06-16,2020-06-16,2021-06-16,2009-06-17,2010-06-17,2011-06-17,2012-06-17,2013-06-17,2014-06-17,2015-06-17,2016-06-17,2017-06-17,2018-06-17,2019-06-17,2020-06-17,2021-06-17,2009-06-18,2010-06-18,2011-06-18,2012-06-18,2013-06-18,2014-06-18,2015-06-18,2016-06-18,2017-06-18,2018-06-18,2019-06-18,2020-06-18,2021-06-18,2009-06-19,2010-06-19,2011-06-19,2012-06-19,2013-06-19,2014-06-19,2015-06-19,2016-06-19,2017-06-19,2018-06-19,2019-06-19,2020-06-19,2021-06-19,2009-06-20,2010-06-20,2011-06-20,2012-06-20,2013-06-20,2014-06-20,2015-06-20,2016-06-20,2017-06-20,2018-06-20,2019-06-20,2020-06-20,2021-06-20,2009-06-21,2010-06-21,2011-06-21,2012-06-21,2013-06-21,2014-06-21,2015-06-21,2016-06-21,2017-06-21,2018-06-21,2019-06-21,2020-06-21,2021-06-21,2009-06-22,2010-06-22,2011-06-22,2012-06-22,2013-06-22,2014-06-22,2015-06-22,2016-06-22,2017-06-22,2018-06-22,2019-06-22,2020-06-22,2021-06-22,2009-06-23,2010-06-23,2011-06-23,2012-06-23,2013-06-23,2014-06-23,2015-06-23,2016-06-23,2017-06-23,2018-06-23,2019-06-23,2020-06-23,2021-06-23,2009-06-24,2010-06-24,2011-06-24,2012-06-24,2013-06-24,2014-06-24,2015-06-24,2016-06-24,2017-06-24,2018-06-24,2019-06-24,2020-06-24,2021-06-24,2009-06-25,2010-06-25,2011-06-25,2012-06-25,2013-06-25,2014-06-25,2015-06-25,2016-06-25,2017-06-25,2018-06-25,2019-06-25,2020-06-25,2021-06-25,2009-06-26,2010-06-26,2011-06-26,2012-06-26,2013-06-26,2014-06-26,2015-06-26,2016-06-26,2017-06-26,2018-06-26,2019-06-26,2020-06-26,2021-06-26,2009-06-27,2010-06-27,2011-06-27,2012-06-27,2013-06-27,2014-06-27,2015-06-27,2016-06-27,2017-06-27,2018-06-27,2019-06-27,2020-06-27,2021-06-27,2009-06-28,2010-06-28,2011-06-28,2012-06-28,2013-06-28,2014-06-28,2015-06-28,2016-06-28,2017-06-28,2018-06-28,2019-06-28,2020-06-28,2021-06-28,2009-06-29,2010-06-29,2011-06-29,2012-06-29,2013-06-29,2014-06-29,2015-06-29,2016-06-29,2017-06-29,2018-06-29,2019-06-29,2020-06-29,2021-06-29,2009-06-30,2010-06-30,2011-06-30,2012-06-30,2013-06-30,2014-06-30,2015-06-30,2016-06-30,2017-06-30,2018-06-30,2019-06-30,2020-06-30,2021-06-30,2009-07-01,2010-07-01,2011-07-01,2012-07-01,2013-07-01,2014-07-01,2015-07-01,2016-07-01,2017-07-01,2018-07-01,2019-07-01,2020-07-01,2021-07-01,2009-07-02,2010-07-02,2011-07-02,2012-07-02,2013-07-02,2014-07-02,2015-07-02,2016-07-02,2017-07-02,2018-07-02,2019-07-02,2020-07-02,2021-07-02,2009-07-03,2010-07-03,2011-07-03,2012-07-03,2013-07-03,2014-07-03,2015-07-03,2016-07-03,2017-07-03,2018-07-03,2019-07-03,2020-07-03,2021-07-03,2009-07-04,2010-07-04,2011-07-04,2012-07-04,2013-07-04,2014-07-04,2015-07-04,2016-07-04,2017-07-04,2018-07-04,2019-07-04,2020-07-04,2021-07-04,2009-07-05,2010-07-05,2011-07-05,2012-07-05,2013-07-05,2014-07-05,2015-07-05,2016-07-05,2017-07-05,2018-07-05,2019-07-05,2020-07-05,2021-07-05,2009-07-06,2010-07-06,2011-07-06,2012-07-06,2013-07-06,2014-07-06,2015-07-06,2016-07-06,2017-07-06,2018-07-06,2019-07-06,2020-07-06,2021-07-06,2009-07-07,2010-07-07,2011-07-07,2012-07-07,2013-07-07,2014-07-07,2015-07-07,2016-07-07,2017-07-07,2018-07-07,2019-07-07,2020-07-07,2009-07-08,2010-07-08,2011-07-08,2012-07-08,2013-07-08,2014-07-08,2015-07-08,2016-07-08,2017-07-08,2018-07-08,2019-07-08,2020-07-08,2009-07-09,2010-07-09,2011-07-09,2012-07-09,2013-07-09,2014-07-09,2015-07-09,2016-07-09,2017-07-09,2018-07-09,2019-07-09,2020-07-09,2009-07-10,2010-07-10,2011-07-10,2012-07-10,2013-07-10,2014-07-10,2015-07-10,2016-07-10,2017-07-10,2018-07-10,2019-07-10,2020-07-10,2009-07-11,2010-07-11,2011-07-11,2012-07-11,2013-07-11,2014-07-11,2015-07-11,2016-07-11,2017-07-11,2018-07-11,2019-07-11,2020-07-11,2009-07-12,2010-07-12,2011-07-12,2012-07-12,2013-07-12,2014-07-12,2015-07-12,2016-07-12,2017-07-12,2018-07-12,2019-07-12,2020-07-12,2009-07-13,2010-07-13,2011-07-13,2012-07-13,2013-07-13,2014-07-13,2015-07-13,2016-07-13,2017-07-13,2018-07-13,2019-07-13,2020-07-13,2009-07-14,2010-07-14,2011-07-14,2012-07-14,2013-07-14,2014-07-14,2015-07-14,2016-07-14,2017-07-14,2018-07-14,2019-07-14,2020-07-14,2009-07-15,2010-07-15,2011-07-15,2012-07-15,2013-07-15,2014-07-15,2015-07-15,2016-07-15,2017-07-15,2018-07-15,2019-07-15,2020-07-15,2009-07-16,2010-07-16,2011-07-16,2012-07-16,2013-07-16,2014-07-16,2015-07-16,2016-07-16,2017-07-16,2018-07-16,2019-07-16,2020-07-16,2009-07-17,2010-07-17,2011-07-17,2012-07-17,2013-07-17,2014-07-17,2015-07-17,2016-07-17,2017-07-17,2018-07-17,2019-07-17,2020-07-17,2009-07-18,2010-07-18,2011-07-18,2012-07-18,2013-07-18,2014-07-18,2015-07-18,2016-07-18,2017-07-18,2018-07-18,2019-07-18,2020-07-18,2009-07-19,2010-07-19,2011-07-19,2012-07-19,2013-07-19,2014-07-19,2015-07-19,2016-07-19,2017-07-19,2018-07-19,2019-07-19,2020-07-19,2009-07-20,2010-07-20,2011-07-20,2012-07-20,2013-07-20,2014-07-20,2015-07-20,2016-07-20,2017-07-20,2018-07-20,2019-07-20,2020-07-20,2009-07-21,2010-07-21,2011-07-21,2012-07-21,2013-07-21,2014-07-21,2015-07-21,2016-07-21,2017-07-21,2018-07-21,2019-07-21,2020-07-21,2009-07-22,2010-07-22,2011-07-22,2012-07-22,2013-07-22,2014-07-22,2015-07-22,2016-07-22,2017-07-22,2018-07-22,2019-07-22,2020-07-22,2009-07-23,2010-07-23,2011-07-23,2012-07-23,2013-07-23,2014-07-23,2015-07-23,2016-07-23,2017-07-23,2018-07-23,2019-07-23,2020-07-23,2009-07-24,2010-07-24,2011-07-24,2012-07-24,2013-07-24,2014-07-24,2015-07-24,2016-07-24,2017-07-24,2018-07-24,2019-07-24,2020-07-24,2009-07-25,2010-07-25,2011-07-25,2012-07-25,2013-07-25,2014-07-25,2015-07-25,2016-07-25,2017-07-25,2018-07-25,2019-07-25,2020-07-25,2009-07-26,2010-07-26,2011-07-26,2012-07-26,2013-07-26,2014-07-26,2015-07-26,2016-07-26,2017-07-26,2018-07-26,2019-07-26,2020-07-26,2009-07-27,2010-07-27,2011-07-27,2012-07-27,2013-07-27,2014-07-27,2015-07-27,2016-07-27,2017-07-27,2018-07-27,2019-07-27,2020-07-27,2009-07-28,2010-07-28,2011-07-28,2012-07-28,2013-07-28,2014-07-28,2015-07-28,2016-07-28,2017-07-28,2018-07-28,2019-07-28,2020-07-28,2009-07-29,2010-07-29,2011-07-29,2012-07-29,2013-07-29,2014-07-29,2015-07-29,2016-07-29,2017-07-29,2018-07-29,2019-07-29,2020-07-29,2009-07-30,2010-07-30,2011-07-30,2012-07-30,2013-07-30,2014-07-30,2015-07-30,2016-07-30,2017-07-30,2018-07-30,2019-07-30,2020-07-30,2009-07-31,2010-07-31,2011-07-31,2012-07-31,2013-07-31,2014-07-31,2015-07-31,2016-07-31,2017-07-31,2018-07-31,2019-07-31,2020-07-31,2009-08-01,2010-08-01,2011-08-01,2012-08-01,2013-08-01,2014-08-01,2015-08-01,2016-08-01,2017-08-01,2018-08-01,2019-08-01,2020-08-01,2009-08-02,2010-08-02,2011-08-02,2012-08-02,2013-08-02,2014-08-02,2015-08-02,2016-08-02,2017-08-02,2018-08-02,2019-08-02,2020-08-02,2009-08-03,2010-08-03,2011-08-03,2012-08-03,2013-08-03,2014-08-03,2015-08-03,2016-08-03,2017-08-03,2018-08-03,2019-08-03,2020-08-03,2009-08-04,2010-08-04,2011-08-04,2012-08-04,2013-08-04,2014-08-04,2015-08-04,2016-08-04,2017-08-04,2018-08-04,2019-08-04,2020-08-04,2009-08-05,2010-08-05,2011-08-05,2012-08-05,2013-08-05,2014-08-05,2015-08-05,2016-08-05,2017-08-05,2018-08-05,2019-08-05,2020-08-05,2009-08-06,2010-08-06,2011-08-06,2012-08-06,2013-08-06,2014-08-06,2015-08-06,2016-08-06,2017-08-06,2018-08-06,2019-08-06,2020-08-06,2009-08-07,2010-08-07,2011-08-07,2012-08-07,2013-08-07,2014-08-07,2015-08-07,2016-08-07,2017-08-07,2018-08-07,2019-08-07,2020-08-07,2009-08-08,2010-08-08,2011-08-08,2012-08-08,2013-08-08,2014-08-08,2015-08-08,2016-08-08,2017-08-08,2018-08-08,2019-08-08,2020-08-08,2009-08-09,2010-08-09,2011-08-09,2012-08-09,2013-08-09,2014-08-09,2015-08-09,2016-08-09,2017-08-09,2018-08-09,2019-08-09,2020-08-09,2009-08-10,2010-08-10,2011-08-10,2012-08-10,2013-08-10,2014-08-10,2015-08-10,2016-08-10,2017-08-10,2018-08-10,2019-08-10,2020-08-10,2009-08-11,2010-08-11,2011-08-11,2012-08-11,2013-08-11,2014-08-11,2015-08-11,2016-08-11,2017-08-11,2018-08-11,2019-08-11,2020-08-11,2009-08-12,2010-08-12,2011-08-12,2012-08-12,2013-08-12,2014-08-12,2015-08-12,2016-08-12,2017-08-12,2018-08-12,2019-08-12,2020-08-12,2009-08-13,2010-08-13,2011-08-13,2012-08-13,2013-08-13,2014-08-13,2015-08-13,2016-08-13,2017-08-13,2018-08-13,2019-08-13,2020-08-13,2009-08-14,2010-08-14,2011-08-14,2012-08-14,2013-08-14,2014-08-14,2015-08-14,2016-08-14,2017-08-14,2018-08-14,2019-08-14,2020-08-14,2009-08-15,2010-08-15,2011-08-15,2012-08-15,2013-08-15,2014-08-15,2015-08-15,2016-08-15,2017-08-15,2018-08-15,2019-08-15,2020-08-15,2009-08-16,2010-08-16,2011-08-16,2012-08-16,2013-08-16,2014-08-16,2015-08-16,2016-08-16,2017-08-16,2018-08-16,2019-08-16,2020-08-16,2009-08-17,2010-08-17,2011-08-17,2012-08-17,2013-08-17,2014-08-17,2015-08-17,2016-08-17,2017-08-17,2018-08-17,2019-08-17,2020-08-17,2009-08-18,2010-08-18,2011-08-18,2012-08-18,2013-08-18,2014-08-18,2015-08-18,2016-08-18,2017-08-18,2018-08-18,2019-08-18,2020-08-18,2009-08-19,2010-08-19,2011-08-19,2012-08-19,2013-08-19,2014-08-19,2015-08-19,2016-08-19,2017-08-19,2018-08-19,2019-08-19,2020-08-19,2009-08-20,2010-08-20,2011-08-20,2012-08-20,2013-08-20,2014-08-20,2015-08-20,2016-08-20,2017-08-20,2018-08-20,2019-08-20,2020-08-20,2009-08-21,2010-08-21,2011-08-21,2012-08-21,2013-08-21,2014-08-21,2015-08-21,2016-08-21,2017-08-21,2018-08-21,2019-08-21,2020-08-21,2009-08-22,2010-08-22,2011-08-22,2012-08-22,2013-08-22,2014-08-22,2015-08-22,2016-08-22,2017-08-22,2018-08-22,2019-08-22,2020-08-22,2009-08-23,2010-08-23,2011-08-23,2012-08-23,2013-08-23,2014-08-23,2015-08-23,2016-08-23,2017-08-23,2018-08-23,2019-08-23,2020-08-23,2009-08-24,2010-08-24,2011-08-24,2012-08-24,2013-08-24,2014-08-24,2015-08-24,2016-08-24,2017-08-24,2018-08-24,2019-08-24,2020-08-24,2009-08-25,2010-08-25,2011-08-25,2012-08-25,2013-08-25,2014-08-25,2015-08-25,2016-08-25,2017-08-25,2018-08-25,2019-08-25,2020-08-25,2009-08-26,2010-08-26,2011-08-26,2012-08-26,2013-08-26,2014-08-26,2015-08-26,2016-08-26,2017-08-26,2018-08-26,2019-08-26,2020-08-26,2009-08-27,2010-08-27,2011-08-27,2012-08-27,2013-08-27,2014-08-27,2015-08-27,2016-08-27,2017-08-27,2018-08-27,2019-08-27,2020-08-27,2009-08-28,2010-08-28,2011-08-28,2012-08-28,2013-08-28,2014-08-28,2015-08-28,2016-08-28,2017-08-28,2018-08-28,2019-08-28,2020-08-28,2009-08-29,2010-08-29,2011-08-29,2012-08-29,2013-08-29,2014-08-29,2015-08-29,2016-08-29,2017-08-29,2018-08-29,2019-08-29,2020-08-29,2009-08-30,2010-08-30,2011-08-30,2012-08-30,2013-08-30,2014-08-30,2015-08-30,2016-08-30,2017-08-30,2018-08-30,2019-08-30,2020-08-30,2009-08-31,2010-08-31,2011-08-31,2012-08-31,2013-08-31,2014-08-31,2015-08-31,2016-08-31,2017-08-31,2018-08-31,2019-08-31,2020-08-31,2009-09-01,2010-09-01,2011-09-01,2012-09-01,2013-09-01,2014-09-01,2015-09-01,2016-09-01,2017-09-01,2018-09-01,2019-09-01,2020-09-01,2009-09-02,2010-09-02,2011-09-02,2012-09-02,2013-09-02,2014-09-02,2015-09-02,2016-09-02,2017-09-02,2018-09-02,2019-09-02,2020-09-02,2009-09-03,2010-09-03,2011-09-03,2012-09-03,2013-09-03,2014-09-03,2015-09-03,2016-09-03,2017-09-03,2018-09-03,2019-09-03,2020-09-03,2009-09-04,2010-09-04,2011-09-04,2012-09-04,2013-09-04,2014-09-04,2015-09-04,2016-09-04,2017-09-04,2018-09-04,2019-09-04,2020-09-04,2009-09-05,2010-09-05,2011-09-05,2012-09-05,2013-09-05,2014-09-05,2015-09-05,2016-09-05,2017-09-05,2018-09-05,2019-09-05,2020-09-05,2009-09-06,2010-09-06,2011-09-06,2012-09-06,2013-09-06,2014-09-06,2015-09-06,2016-09-06,2017-09-06,2018-09-06,2019-09-06,2020-09-06,2009-09-07,2010-09-07,2011-09-07,2012-09-07,2013-09-07,2014-09-07,2015-09-07,2016-09-07,2017-09-07,2018-09-07,2019-09-07,2020-09-07,2009-09-08,2010-09-08,2011-09-08,2012-09-08,2013-09-08,2014-09-08,2015-09-08,2016-09-08,2017-09-08,2018-09-08,2019-09-08,2020-09-08,2009-09-09,2010-09-09,2011-09-09,2012-09-09,2013-09-09,2014-09-09,2015-09-09,2016-09-09,2017-09-09,2018-09-09,2019-09-09,2020-09-09,2009-09-10,2010-09-10,2011-09-10,2012-09-10,2013-09-10,2014-09-10,2015-09-10,2016-09-10,2017-09-10,2018-09-10,2019-09-10,2020-09-10,2009-09-11,2010-09-11,2011-09-11,2012-09-11,2013-09-11,2014-09-11,2015-09-11,2016-09-11,2017-09-11,2018-09-11,2019-09-11,2020-09-11,2009-09-12,2010-09-12,2011-09-12,2012-09-12,2013-09-12,2014-09-12,2015-09-12,2016-09-12,2017-09-12,2018-09-12,2019-09-12,2020-09-12,2009-09-13,2010-09-13,2011-09-13,2012-09-13,2013-09-13,2014-09-13,2015-09-13,2016-09-13,2017-09-13,2018-09-13,2019-09-13,2020-09-13,2009-09-14,2010-09-14,2011-09-14,2012-09-14,2013-09-14,2014-09-14,2015-09-14,2016-09-14,2017-09-14,2018-09-14,2019-09-14,2020-09-14,2009-09-15,2010-09-15,2011-09-15,2012-09-15,2013-09-15,2014-09-15,2015-09-15,2016-09-15,2017-09-15,2018-09-15,2019-09-15,2020-09-15,2009-09-16,2010-09-16,2011-09-16,2012-09-16,2013-09-16,2014-09-16,2015-09-16,2016-09-16,2017-09-16,2018-09-16,2019-09-16,2020-09-16,2009-09-17,2010-09-17,2011-09-17,2012-09-17,2013-09-17,2014-09-17,2015-09-17,2016-09-17,2017-09-17,2018-09-17,2019-09-17,2020-09-17,2009-09-18,2010-09-18,2011-09-18,2012-09-18,2013-09-18,2014-09-18,2015-09-18,2016-09-18,2017-09-18,2018-09-18,2019-09-18,2020-09-18,2009-09-19,2010-09-19,2011-09-19,2012-09-19,2013-09-19,2014-09-19,2015-09-19,2016-09-19,2017-09-19,2018-09-19,2019-09-19,2020-09-19,2009-09-20,2010-09-20,2011-09-20,2012-09-20,2013-09-20,2014-09-20,2015-09-20,2016-09-20,2017-09-20,2018-09-20,2019-09-20,2020-09-20,2009-09-21,2010-09-21,2011-09-21,2012-09-21,2013-09-21,2014-09-21,2015-09-21,2016-09-21,2017-09-21,2018-09-21,2019-09-21,2020-09-21,2009-09-22,2010-09-22,2011-09-22,2012-09-22,2013-09-22,2014-09-22,2015-09-22,2016-09-22,2017-09-22,2018-09-22,2019-09-22,2020-09-22,2009-09-23,2010-09-23,2011-09-23,2012-09-23,2013-09-23,2014-09-23,2015-09-23,2016-09-23,2017-09-23,2018-09-23,2019-09-23,2020-09-23,2009-09-24,2010-09-24,2011-09-24,2012-09-24,2013-09-24,2014-09-24,2015-09-24,2016-09-24,2017-09-24,2018-09-24,2019-09-24,2020-09-24,2009-09-25,2010-09-25,2011-09-25,2012-09-25,2013-09-25,2014-09-25,2015-09-25,2016-09-25,2017-09-25,2018-09-25,2019-09-25,2020-09-25,2009-09-26,2010-09-26,2011-09-26,2012-09-26,2013-09-26,2014-09-26,2015-09-26,2016-09-26,2017-09-26,2018-09-26,2019-09-26,2020-09-26,2009-09-27,2010-09-27,2011-09-27,2012-09-27,2013-09-27,2014-09-27,2015-09-27,2016-09-27,2017-09-27,2018-09-27,2019-09-27,2020-09-27,2009-09-28,2010-09-28,2011-09-28,2012-09-28,2013-09-28,2014-09-28,2015-09-28,2016-09-28,2017-09-28,2018-09-28,2019-09-28,2020-09-28,2009-09-29,2010-09-29,2011-09-29,2012-09-29,2013-09-29,2014-09-29,2015-09-29,2016-09-29,2017-09-29,2018-09-29,2019-09-29,2020-09-29,2009-09-30,2010-09-30,2011-09-30,2012-09-30,2013-09-30,2014-09-30,2015-09-30,2016-09-30,2017-09-30,2018-09-30,2019-09-30,2020-09-30,2009-10-01,2010-10-01,2011-10-01,2012-10-01,2013-10-01,2014-10-01,2015-10-01,2016-10-01,2017-10-01,2018-10-01,2019-10-01,2020-10-01,2009-10-02,2010-10-02,2011-10-02,2012-10-02,2013-10-02,2014-10-02,2015-10-02,2016-10-02,2017-10-02,2018-10-02,2019-10-02,2020-10-02,2009-10-03,2010-10-03,2011-10-03,2012-10-03,2013-10-03,2014-10-03,2015-10-03,2016-10-03,2017-10-03,2018-10-03,2019-10-03,2020-10-03,2009-10-04,2010-10-04,2011-10-04,2012-10-04,2013-10-04,2014-10-04,2015-10-04,2016-10-04,2017-10-04,2018-10-04,2019-10-04,2020-10-04,2009-10-05,2010-10-05,2011-10-05,2012-10-05,2013-10-05,2014-10-05,2015-10-05,2016-10-05,2017-10-05,2018-10-05,2019-10-05,2020-10-05,2009-10-06,2010-10-06,2011-10-06,2012-10-06,2013-10-06,2014-10-06,2015-10-06,2016-10-06,2017-10-06,2018-10-06,2019-10-06,2020-10-06,2009-10-07,2010-10-07,2011-10-07,2012-10-07,2013-10-07,2014-10-07,2015-10-07,2016-10-07,2017-10-07,2018-10-07,2019-10-07,2020-10-07,2009-10-08,2010-10-08,2011-10-08,2012-10-08,2013-10-08,2014-10-08,2015-10-08,2016-10-08,2017-10-08,2018-10-08,2019-10-08,2020-10-08,2009-10-09,2010-10-09,2011-10-09,2012-10-09,2013-10-09,2014-10-09,2015-10-09,2016-10-09,2017-10-09,2018-10-09,2019-10-09,2020-10-09,2009-10-10,2010-10-10,2011-10-10,2012-10-10,2013-10-10,2014-10-10,2015-10-10,2016-10-10,2017-10-10,2018-10-10,2019-10-10,2020-10-10,2009-10-11,2010-10-11,2011-10-11,2012-10-11,2013-10-11,2014-10-11,2015-10-11,2016-10-11,2017-10-11,2018-10-11,2019-10-11,2020-10-11,2009-10-12,2010-10-12,2011-10-12,2012-10-12,2013-10-12,2014-10-12,2015-10-12,2016-10-12,2017-10-12,2018-10-12,2019-10-12,2020-10-12,2009-10-13,2010-10-13,2011-10-13,2012-10-13,2013-10-13,2014-10-13,2015-10-13,2016-10-13,2017-10-13,2018-10-13,2019-10-13,2020-10-13,2009-10-14,2010-10-14,2011-10-14,2012-10-14,2013-10-14,2014-10-14,2015-10-14,2016-10-14,2017-10-14,2018-10-14,2019-10-14,2020-10-14,2009-10-15,2010-10-15,2011-10-15,2012-10-15,2013-10-15,2014-10-15,2015-10-15,2016-10-15,2017-10-15,2018-10-15,2019-10-15,2020-10-15,2009-10-16,2010-10-16,2011-10-16,2012-10-16,2013-10-16,2014-10-16,2015-10-16,2016-10-16,2017-10-16,2018-10-16,2019-10-16,2020-10-16,2009-10-17,2010-10-17,2011-10-17,2012-10-17,2013-10-17,2014-10-17,2015-10-17,2016-10-17,2017-10-17,2018-10-17,2019-10-17,2020-10-17,2009-10-18,2010-10-18,2011-10-18,2012-10-18,2013-10-18,2014-10-18,2015-10-18,2016-10-18,2017-10-18,2018-10-18,2019-10-18,2020-10-18,2009-10-19,2010-10-19,2011-10-19,2012-10-19,2013-10-19,2014-10-19,2015-10-19,2016-10-19,2017-10-19,2018-10-19,2019-10-19,2020-10-19,2009-10-20,2010-10-20,2011-10-20,2012-10-20,2013-10-20,2014-10-20,2015-10-20,2016-10-20,2017-10-20,2018-10-20,2019-10-20,2020-10-20,2009-10-21,2010-10-21,2011-10-21,2012-10-21,2013-10-21,2014-10-21,2015-10-21,2016-10-21,2017-10-21,2018-10-21,2019-10-21,2020-10-21,2009-10-22,2010-10-22,2011-10-22,2012-10-22,2013-10-22,2014-10-22,2015-10-22,2016-10-22,2017-10-22,2018-10-22,2019-10-22,2020-10-22,2009-10-23,2010-10-23,2011-10-23,2012-10-23,2013-10-23,2014-10-23,2015-10-23,2016-10-23,2017-10-23,2018-10-23,2019-10-23,2020-10-23,2009-10-24,2010-10-24,2011-10-24,2012-10-24,2013-10-24,2014-10-24,2015-10-24,2016-10-24,2017-10-24,2018-10-24,2019-10-24,2020-10-24,2009-10-25,2010-10-25,2011-10-25,2012-10-25,2013-10-25,2014-10-25,2015-10-25,2016-10-25,2017-10-25,2018-10-25,2019-10-25,2020-10-25,2009-10-26,2010-10-26,2011-10-26,2012-10-26,2013-10-26,2014-10-26,2015-10-26,2016-10-26,2017-10-26,2018-10-26,2019-10-26,2020-10-26,2009-10-27,2010-10-27,2011-10-27,2012-10-27,2013-10-27,2014-10-27,2015-10-27,2016-10-27,2017-10-27,2018-10-27,2019-10-27,2020-10-27,2009-10-28,2010-10-28,2011-10-28,2012-10-28,2013-10-28,2014-10-28,2015-10-28,2016-10-28,2017-10-28,2018-10-28,2019-10-28,2020-10-28,2009-10-29,2010-10-29,2011-10-29,2012-10-29,2013-10-29,2014-10-29,2015-10-29,2016-10-29,2017-10-29,2018-10-29,2019-10-29,2020-10-29,2009-10-30,2010-10-30,2011-10-30,2012-10-30,2013-10-30,2014-10-30,2015-10-30,2016-10-30,2017-10-30,2018-10-30,2019-10-30,2020-10-30,2009-10-31,2010-10-31,2011-10-31,2012-10-31,2013-10-31,2014-10-31,2015-10-31,2016-10-31,2017-10-31,2018-10-31,2019-10-31,2020-10-31,2009-11-01,2010-11-01,2011-11-01,2012-11-01,2013-11-01,2014-11-01,2015-11-01,2016-11-01,2017-11-01,2018-11-01,2019-11-01,2020-11-01,2009-11-02,2010-11-02,2011-11-02,2012-11-02,2013-11-02,2014-11-02,2015-11-02,2016-11-02,2017-11-02,2018-11-02,2019-11-02,2020-11-02,2009-11-03,2010-11-03,2011-11-03,2012-11-03,2013-11-03,2014-11-03,2015-11-03,2016-11-03,2017-11-03,2018-11-03,2019-11-03,2020-11-03,2009-11-04,2010-11-04,2011-11-04,2012-11-04,2013-11-04,2014-11-04,2015-11-04,2016-11-04,2017-11-04,2018-11-04,2019-11-04,2020-11-04,2009-11-05,2010-11-05,2011-11-05,2012-11-05,2013-11-05,2014-11-05,2015-11-05,2016-11-05,2017-11-05,2018-11-05,2019-11-05,2020-11-05,2009-11-06,2010-11-06,2011-11-06,2012-11-06,2013-11-06,2014-11-06,2015-11-06,2016-11-06,2017-11-06,2018-11-06,2019-11-06,2020-11-06,2009-11-07,2010-11-07,2011-11-07,2012-11-07,2013-11-07,2014-11-07,2015-11-07,2016-11-07,2017-11-07,2018-11-07,2019-11-07,2020-11-07,2009-11-08,2010-11-08,2011-11-08,2012-11-08,2013-11-08,2014-11-08,2015-11-08,2016-11-08,2017-11-08,2018-11-08,2019-11-08,2020-11-08,2009-11-09,2010-11-09,2011-11-09,2012-11-09,2013-11-09,2014-11-09,2015-11-09,2016-11-09,2017-11-09,2018-11-09,2019-11-09,2020-11-09,2009-11-10,2010-11-10,2011-11-10,2012-11-10,2013-11-10,2014-11-10,2015-11-10,2016-11-10,2017-11-10,2018-11-10,2019-11-10,2020-11-10,2009-11-11,2010-11-11,2011-11-11,2012-11-11,2013-11-11,2014-11-11,2015-11-11,2016-11-11,2017-11-11,2018-11-11,2019-11-11,2020-11-11,2009-11-12,2010-11-12,2011-11-12,2012-11-12,2013-11-12,2014-11-12,2015-11-12,2016-11-12,2017-11-12,2018-11-12,2019-11-12,2020-11-12,2009-11-13,2010-11-13,2011-11-13,2012-11-13,2013-11-13,2014-11-13,2015-11-13,2016-11-13,2017-11-13,2018-11-13,2019-11-13,2020-11-13,2009-11-14,2010-11-14,2011-11-14,2012-11-14,2013-11-14,2014-11-14,2015-11-14,2016-11-14,2017-11-14,2018-11-14,2019-11-14,2020-11-14,2009-11-15,2010-11-15,2011-11-15,2012-11-15,2013-11-15,2014-11-15,2015-11-15,2016-11-15,2017-11-15,2018-11-15,2019-11-15,2020-11-15,2009-11-16,2010-11-16,2011-11-16,2012-11-16,2013-11-16,2014-11-16,2015-11-16,2016-11-16,2017-11-16,2018-11-16,2019-11-16,2020-11-16,2009-11-17,2010-11-17,2011-11-17,2012-11-17,2013-11-17,2014-11-17,2015-11-17,2016-11-17,2017-11-17,2018-11-17,2019-11-17,2020-11-17,2009-11-18,2010-11-18,2011-11-18,2012-11-18,2013-11-18,2014-11-18,2015-11-18,2016-11-18,2017-11-18,2018-11-18,2019-11-18,2020-11-18,2009-11-19,2010-11-19,2011-11-19,2012-11-19,2013-11-19,2014-11-19,2015-11-19,2016-11-19,2017-11-19,2018-11-19,2019-11-19,2020-11-19,2009-11-20,2010-11-20,2011-11-20,2012-11-20,2013-11-20,2014-11-20,2015-11-20,2016-11-20,2017-11-20,2018-11-20,2019-11-20,2020-11-20,2009-11-21,2010-11-21,2011-11-21,2012-11-21,2013-11-21,2014-11-21,2015-11-21,2016-11-21,2017-11-21,2018-11-21,2019-11-21,2020-11-21,2009-11-22,2010-11-22,2011-11-22,2012-11-22,2013-11-22,2014-11-22,2015-11-22,2016-11-22,2017-11-22,2018-11-22,2019-11-22,2020-11-22,2009-11-23,2010-11-23,2011-11-23,2012-11-23,2013-11-23,2014-11-23,2015-11-23,2016-11-23,2017-11-23,2018-11-23,2019-11-23,2020-11-23,2009-11-24,2010-11-24,2011-11-24,2012-11-24,2013-11-24,2014-11-24,2015-11-24,2016-11-24,2017-11-24,2018-11-24,2019-11-24,2020-11-24,2009-11-25,2010-11-25,2011-11-25,2012-11-25,2013-11-25,2014-11-25,2015-11-25,2016-11-25,2017-11-25,2018-11-25,2019-11-25,2020-11-25,2009-11-26,2010-11-26,2011-11-26,2012-11-26,2013-11-26,2014-11-26,2015-11-26,2016-11-26,2017-11-26,2018-11-26,2019-11-26,2020-11-26,2009-11-27,2010-11-27,2011-11-27,2012-11-27,2013-11-27,2014-11-27,2015-11-27,2016-11-27,2017-11-27,2018-11-27,2019-11-27,2020-11-27,2009-11-28,2010-11-28,2011-11-28,2012-11-28,2013-11-28,2014-11-28,2015-11-28,2016-11-28,2017-11-28,2018-11-28,2019-11-28,2020-11-28,2009-11-29,2010-11-29,2011-11-29,2012-11-29,2013-11-29,2014-11-29,2015-11-29,2016-11-29,2017-11-29,2018-11-29,2019-11-29,2020-11-29,2009-11-30,2010-11-30,2011-11-30,2012-11-30,2013-11-30,2014-11-30,2015-11-30,2016-11-30,2017-11-30,2018-11-30,2019-11-30,2020-11-30,2009-12-01,2010-12-01,2011-12-01,2012-12-01,2013-12-01,2014-12-01,2015-12-01,2016-12-01,2017-12-01,2018-12-01,2019-12-01,2020-12-01,2009-12-02,2010-12-02,2011-12-02,2012-12-02,2013-12-02,2014-12-02,2015-12-02,2016-12-02,2017-12-02,2018-12-02,2019-12-02,2020-12-02,2009-12-03,2010-12-03,2011-12-03,2012-12-03,2013-12-03,2014-12-03,2015-12-03,2016-12-03,2017-12-03,2018-12-03,2019-12-03,2020-12-03,2009-12-04,2010-12-04,2011-12-04,2012-12-04,2013-12-04,2014-12-04,2015-12-04,2016-12-04,2017-12-04,2018-12-04,2019-12-04,2020-12-04,2009-12-05,2010-12-05,2011-12-05,2012-12-05,2013-12-05,2014-12-05,2015-12-05,2016-12-05,2017-12-05,2018-12-05,2019-12-05,2020-12-05,2009-12-06,2010-12-06,2011-12-06,2012-12-06,2013-12-06,2014-12-06,2015-12-06,2016-12-06,2017-12-06,2018-12-06,2019-12-06,2020-12-06,2009-12-07,2010-12-07,2011-12-07,2012-12-07,2013-12-07,2014-12-07,2015-12-07,2016-12-07,2017-12-07,2018-12-07,2019-12-07,2020-12-07,2009-12-08,2010-12-08,2011-12-08,2012-12-08,2013-12-08,2014-12-08,2015-12-08,2016-12-08,2017-12-08,2018-12-08,2019-12-08,2020-12-08,2009-12-09,2010-12-09,2011-12-09,2012-12-09,2013-12-09,2014-12-09,2015-12-09,2016-12-09,2017-12-09,2018-12-09,2019-12-09,2020-12-09,2009-12-10,2010-12-10,2011-12-10,2012-12-10,2013-12-10,2014-12-10,2015-12-10,2016-12-10,2017-12-10,2018-12-10,2019-12-10,2020-12-10,2009-12-11,2010-12-11,2011-12-11,2012-12-11,2013-12-11,2014-12-11,2015-12-11,2016-12-11,2017-12-11,2018-12-11,2019-12-11,2020-12-11,2009-12-12,2010-12-12,2011-12-12,2012-12-12,2013-12-12,2014-12-12,2015-12-12,2016-12-12,2017-12-12,2018-12-12,2019-12-12,2020-12-12,2009-12-13,2010-12-13,2011-12-13,2012-12-13,2013-12-13,2014-12-13,2015-12-13,2016-12-13,2017-12-13,2018-12-13,2019-12-13,2020-12-13,2009-12-14,2010-12-14,2011-12-14,2012-12-14,2013-12-14,2014-12-14,2015-12-14,2016-12-14,2017-12-14,2018-12-14,2019-12-14,2020-12-14,2009-12-15,2010-12-15,2011-12-15,2012-12-15,2013-12-15,2014-12-15,2015-12-15,2016-12-15,2017-12-15,2018-12-15,2019-12-15,2020-12-15,2009-12-16,2010-12-16,2011-12-16,2012-12-16,2013-12-16,2014-12-16,2015-12-16,2016-12-16,2017-12-16,2018-12-16,2019-12-16,2020-12-16,2009-12-17,2010-12-17,2011-12-17,2012-12-17,2013-12-17,2014-12-17,2015-12-17,2016-12-17,2017-12-17,2018-12-17,2019-12-17,2020-12-17,2009-12-18,2010-12-18,2011-12-18,2012-12-18,2013-12-18,2014-12-18,2015-12-18,2016-12-18,2017-12-18,2018-12-18,2019-12-18,2020-12-18,2009-12-19,2010-12-19,2011-12-19,2012-12-19,2013-12-19,2014-12-19,2015-12-19,2016-12-19,2017-12-19,2018-12-19,2019-12-19,2020-12-19,2009-12-20,2010-12-20,2011-12-20,2012-12-20,2013-12-20,2014-12-20,2015-12-20,2016-12-20,2017-12-20,2018-12-20,2019-12-20,2020-12-20,2009-12-21,2010-12-21,2011-12-21,2012-12-21,2013-12-21,2014-12-21,2015-12-21,2016-12-21,2017-12-21,2018-12-21,2019-12-21,2020-12-21,2009-12-22,2010-12-22,2011-12-22,2012-12-22,2013-12-22,2014-12-22,2015-12-22,2016-12-22,2017-12-22,2018-12-22,2019-12-22,2020-12-22,2009-12-23,2010-12-23,2011-12-23,2012-12-23,2013-12-23,2014-12-23,2015-12-23,2016-12-23,2017-12-23,2018-12-23,2019-12-23,2020-12-23,2009-12-24,2010-12-24,2011-12-24,2012-12-24,2013-12-24,2014-12-24,2015-12-24,2016-12-24,2017-12-24,2018-12-24,2019-12-24,2020-12-24,2009-12-25,2010-12-25,2011-12-25,2012-12-25,2013-12-25,2014-12-25,2015-12-25,2016-12-25,2017-12-25,2018-12-25,2019-12-25,2020-12-25,2009-12-26,2010-12-26,2011-12-26,2012-12-26,2013-12-26,2014-12-26,2015-12-26,2016-12-26,2017-12-26,2018-12-26,2019-12-26,2020-12-26,2009-12-27,2010-12-27,2011-12-27,2012-12-27,2013-12-27,2014-12-27,2015-12-27,2016-12-27,2017-12-27,2018-12-27,2019-12-27,2020-12-27,2009-12-28,2010-12-28,2011-12-28,2012-12-28,2013-12-28,2014-12-28,2015-12-28,2016-12-28,2017-12-28,2018-12-28,2019-12-28,2020-12-28,2009-12-29,2010-12-29,2011-12-29,2012-12-29,2013-12-29,2014-12-29,2015-12-29,2016-12-29,2017-12-29,2018-12-29,2019-12-29,2020-12-29,2009-12-30,2010-12-30,2011-12-30,2012-12-30,2013-12-30,2014-12-30,2015-12-30,2016-12-30,2017-12-30,2018-12-30,2019-12-30,2020-12-30,2009-12-31,2010-12-31,2011-12-31,2012-12-31,2013-12-31,2014-12-31,2015-12-31,2016-12-31,2017-12-31,2018-12-31,2019-12-31,2020-12-31
Country,Germany,Germany,Germany,Germany,Germany,Germany,Germany,Germany,Germany,Germany,Germany,Germany,Germany,Germany,Germany,Germany,Germany,Germany,Germany,Germany,Germany,Germany,Germany,Germany,Germany,Germany,Germany,Germany,Germany,Germany,Germany,Germany,Germany,Germany,Germany,Germany,Germany,Germany,Germany,Germany,Germany,Germany,Germany,Germany,Germany,Germany,Germany,Germany,Germany,Germany,Germany,Germany,Germany,Germany,Germany,Germany,Germany,Germany,Germany,Germany,Germany,Germany,Germany,Germany,Germany,Germany,Germany,Germany,Germany,Germany,Germany,Germany,Germany,Germany,Germany,Germany,Germany,Germany,Germany,Germany,Germany,Germany,Germany,Germany,Germany,Germany,Germany,Germany,Germany,Germany,Germany,Germany,Germany,Germany,Germany,Germany,Germany,Germany,Germany,Germany,Germany,Germany,Germany,Germany,Germany,Germany,Germany,Germany,Germany,Germany,Germany,Germany,Germany,Germany,Germany,Germany,Germany,Germany,Germany,Germany,Germany,Germany,Germany,Germany,Germany,Germany,Germany,Germany,Germany,Germany,Germany,Germany,Germany,Germany,Germany,Germany,Germany,Germany,Germany,Germany,Germany,Germany,Germany,Germany,Germany,Germany,Germany,Germany,Germany,Germany,Germany,Germany,Germany,Germany,Germany,Germany,Germany,Germany,Germany,Germany,Germany,Germany,Germany,Germany,Germany,Germany,Germany,Germany,Germany,Germany,Germany,Germany,Germany,Germany,Germany,Germany,Germany,Germany,Germany,Germany,Germany,Germany,Germany,Germany,Germany,Germany,Germany,Germany,Germany,Germany,Germany,Germany,Germany,Germany,Germany,Germany,Germany,Germany,Germany,Germany,Germany,Germany,Germany,Germany,Germany,Germany,Germany,Germany,Germany,Germany,Germany,Germany,Germany,Germany,Germany,Germany,Germany,Germany,Germany,Germany,Germany,Germany,Germany,Germany,Germany,Germany,Germany,Germany,Germany,Germany,Germany,Germany,Germany,Germany,Germany,Germany,Germany,Germany,Germany,Germany,Germany,Germany,Germany,Germany,Germany,Germany,Germany,Germany,Germany,Germany,Germany,Germany,Germany,Germany,Germany,Germany,Germany,Germany,Germany,Germany,Germany,Germany,Germany,Germany,Germany,Germany,Germany,Germany,Germany,Germany,Germany,Germany,Germany,Germany,Germany,Germany,Germany,Germany,Germany,Germany,Germany,Germany,Germany,Germany,Germany,Germany,Germany,Germany,Germany,Germany,Germany,Germany,Germany,Germany,Germany,Germany,Germany,Germany,Germany,Germany,Germany,Germany,Germany,Germany,Germany,Germany,Germany,Germany,Germany,Germany,Germany,Germany,Germany,Germany,Germany,Germany,Germany,Germany,Germany,Germany,Germany,Germany,Germany,Germany,Germany,Germany,Germany,Germany,Germany,Germany,Germany,Germany,Germany,Germany,Germany,Germany,Germany,Germany,Germany,Germany,Germany,Germany,Germany,Germany,Germany,Germany,Germany,Germany,Germany,Germany,Germany,Germany,Germany,Germany,Germany,Germany,Germany,Germany,Germany,Germany,Germany,Germany,Germany,Germany,Germany,Germany,Germany,Germany,Germany,Germany,Germany,Germany,Germany,Germany,Germany,Germany,Germany,Germany,Germany,Germany,Germany,Germany,Germany,Germany,Germany,Germany,Germany,Germany,Germany,Germany,Germany,Germany,Germany,Germany,Germany,Germany,Germany,Germany,Germany,Germany,Germany,Germany,Germany,Germany,Germany,Germany,Germany,Germany,Germany,Germany,Germany,Germany,Germany,Germany,Germany,Germany,Germany,Germany,Germany,Germany,Germany,Germany,Germany,Germany,Germany,Germany,Germany,Germany,Germany,Germany,Germany,Germany,Germany,Germany,Germany,Germany,Germany,Germany,Germany,Germany,Germany,Germany,Germany,Germany,Germany,Germany,Germany,Germany,Germany,Germany,Germany,Germany,Germany,Germany,Germany,Germany,Germany,Germany,Germany,Germany,Germany,Germany,Germany,Germany,Germany,Germany,Germany,Germany,Germany,Germany,Germany,Germany,Germany,Germany,Germany,Germany,Germany,Germany,Germany,Germany,Germany,Germany,Germany,Germany,Germany,Germany,Germany,Germany,Germany,Germany,Germany,Germany,Germany,Germany,Germany,Germany,Germany,Germany,Germany,Germany,Germany,Germany,Germany,Germany,Germany,Germany,Germany,Germany,Germany,Germany,Germany,Germany,Germany,Germany,Germany,Germany,Germany,Germany,Germany,Germany,Germany,Germany,Germany,Germany,Germany,Germany,Germany,Germany,Germany,Germany,Germany,Germany,Germany,Germany,Germany,Germany,Germany,Germany,Germany,Germany,Germany,Germany,Germany,Germany,Germany,Germany,Germany,Germany,Germany,Germany,Germany,Germany,Germany,Germany,Germany,Germany,Germany,Germany,Germany,Germany,Germany,Germany,Germany,Germany,Germany,Germany,Germany,Germany,Germany,Germany,Germany,Germany,Germany,Germany,Germany,Germany,Germany,Germany,Germany,Germany,Germany,Germany,Germany,Germany,Germany,Germany,Germany,Germany,Germany,Germany,Germany,Germany,Germany,Germany,Germany,Germany,Germany,Germany,Germany,Germany,Germany,Germany,Germany,Germany,Germany,Germany,Germany,Germany,Germany,Germany,Germany,Germany,Germany,Germany,Germany,Germany,Germany,Germany,Germany,Germany,Germany,Germany,Germany,Germany,Germany,Germany,Germany,Germany,Germany,Germany,Germany,Germany,Germany,Germany,Germany,Germany,Germany,Germany,Germany,Germany,Germany,Germany,Germany,Germany,Germany,Germany,Germany,Germany,Germany,Germany,Germany,Germany,Germany,Germany,Germany,Germany,Germany,Germany,Germany,Germany,Germany,Germany,Germany,Germany,Germany,Germany,Germany,Germany,Germany,Germany,Germany,Germany,Germany,Germany,Germany,Germany,Germany,Germany,Germany,Germany,Germany,Germany,Germany,Germany,Germany,Germany,Germany,Germany,Germany,Germany,Germany,Germany,Germany,Germany,Germany,Germany,Germany,Germany,Germany,Germany,Germany,Germany,Germany,Germany,Germany,Germany,Germany,Germany,Germany,Germany,Germany,Germany,Germany,Germany,Germany,Germany,Germany,Germany,Germany,Germany,Germany,Germany,Germany,Germany,Germany,Germany,Germany,Germany,Germany,Germany,Germany,Germany,Germany,Germany,Germany,Germany,Germany,Germany,Germany,Germany,Germany,Germany,Germany,Germany,Germany,Germany,Germany,Germany,Germany,Germany,Germany,Germany,Germany,Germany,Germany,Germany,Germany,Germany,Germany,Germany,Germany,Germany,Germany,Germany,Germany,Germany,Germany,Germany,Germany,Germany,Germany,Germany,Germany,Germany,Germany,Germany,Germany,Germany,Germany,Germany,Germany,Germany,Germany,Germany,Germany,Germany,Germany,Germany,Germany,Germany,Germany,Germany,Germany,Germany,Germany,Germany,Germany,Germany,Germany,Germany,Germany,Germany,Germany,Germany,Germany,Germany,Germany,Germany,Germany,Germany,Germany,Germany,Germany,Germany,Germany,Germany,Germany,Germany,Germany,Germany,Germany,Germany,Germany,Germany,Germany,Germany,Germany,Germany,Germany,Germany,Germany,Germany,Germany,Germany,Germany,Germany,Germany,Germany,Germany,Germany,Germany,Germany,Germany,Germany,Germany,Germany,Germany,Germany,Germany,Germany,Germany,Germany,Germany,Germany,Germany,Germany,Germany,Germany,Germany,Germany,Germany,Germany,Germany,Germany,Germany,Germany,Germany,Germany,Germany,Germany,Germany,Germany,Germany,Germany,Germany,Germany,Germany,Germany,Germany,Germany,Germany,Germany,Germany,Germany,Germany,Germany,Germany,Germany,Germany,Germany,Germany,Germany,Germany,Germany,Germany,Germany,Germany,Germany,Germany,Germany,Germany,Germany,Germany,Germany,Germany,Germany,Germany,Germany,Germany,Germany,Germany,Germany,Germany,Germany,Germany,Germany,Germany,Germany,Germany,Germany,Germany,Germany,Germany,Germany,Germany,Germany,Germany,Germany,Germany,Germany,Germany,Germany,Germany,Germany,Germany,Germany,Germany,Germany,Germany,Germany,Germany,Germany,Germany,Germany,Germany,Germany,Germany,Germany,Germany,Germany,Germany,Germany,Germany,Germany,Germany,Germany,Germany,Germany,Germany,Germany,Germany,Germany,Germany,Germany,Germany,Germany,Germany,Germany,Germany,Germany,Germany,Germany,Germany,Germany,Germany,Germany,Germany,Germany,Germany,Germany,Germany,Germany,Germany,Germany,Germany,Germany,Germany,Germany,Germany,Germany,Germany,Germany,Germany,Germany,Germany,Germany,Germany,Germany,Germany,Germany,Germany,Germany,Germany,Germany,Germany,Germany,Germany,Germany,Germany,Germany,Germany,Germany,Germany,Germany,Germany,Germany,Germany,Germany,Germany,Germany,Germany,Germany,Germany,Germany,Germany,Germany,Germany,Germany,Germany,Germany,Germany,Germany,Germany,Germany,Germany,Germany,Germany,Germany,Germany,Germany,Germany,Germany,Germany,Germany,Germany,Germany,Germany,Germany,Germany,Germany,Germany,Germany,Germany,Germany,Germany,Germany,Germany,Germany,Germany,Germany,Germany,Germany,Germany,Germany,Germany,Germany,Germany,Germany,Germany,Germany,Germany,Germany,Germany,Germany,Germany,Germany,Germany,Germany,Germany,Germany,Germany,Germany,Germany,Germany,Germany,Germany,Germany,Germany,Germany,Germany,Germany,Germany,Germany,Germany,Germany,Germany,Germany,Germany,Germany,Germany,Germany,Germany,Germany,Germany,Germany,Germany,Germany,Germany,Germany,Germany,Germany,Germany,Germany,Germany,Germany,Germany,Germany,Germany,Germany,Germany,Germany,Germany,Germany,Germany,Germany,Germany,Germany,Germany,Germany,Germany,Germany,Germany,Germany,Germany,Germany,Germany,Germany,Germany,Germany,Germany,Germany,Germany,Germany,Germany,Germany,Germany,Germany,Germany,Germany,Germany,Germany,Germany,Germany,Germany,Germany,Germany,Germany,Germany,Germany,Germany,Germany,Germany,Germany,Germany,Germany,Germany,Germany,Germany,Germany,Germany,Germany,Germany,Germany,Germany,Germany,Germany,Germany,Germany,Germany,Germany,Germany,Germany,Germany,Germany,Germany,Germany,Germany,Germany,Germany,Germany,Germany,Germany,Germany,Germany,Germany,Germany,Germany,Germany,Germany,Germany,Germany,Germany,Germany,Germany,Germany,Germany,Germany,Germany,Germany,Germany,Germany,Germany,Germany,Germany,Germany,Germany,Germany,Germany,Germany,Germany,Germany,Germany,Germany,Germany,Germany,Germany,Germany,Germany,Germany,Germany,Germany,Germany,Germany,Germany,Germany,Germany,Germany,Germany,Germany,Germany,Germany,Germany,Germany,Germany,Germany,Germany,Germany,Germany,Germany,Germany,Germany,Germany,Germany,Germany,Germany,Germany,Germany,Germany,Germany,Germany,Germany,Germany,Germany,Germany,Germany,Germany,Germany,Germany,Germany,Germany,Germany,Germany,Germany,Germany,Germany,Germany,Germany,Germany,Germany,Germany,Germany,Germany,Germany,Germany,Germany,Germany,Germany,Germany,Germany,Germany,Germany,Germany,Germany,Germany,Germany,Germany,Germany,Germany,Germany,Germany,Germany,Germany,Germany,Germany,Germany,Germany,Germany,Germany,Germany,Germany,Germany,Germany,Germany,Germany,Germany,Germany,Germany,Germany,Germany,Germany,Germany,Germany,Germany,Germany,Germany,Germany,Germany,Germany,Germany,Germany,Germany,Germany,Germany,Germany,Germany,Germany,Germany,Germany,Germany,Germany,Germany,Germany,Germany,Germany,Germany,Germany,Germany,Germany,Germany,Germany,Germany,Germany,Germany,Germany,Germany,Germany,Germany,Germany,Germany,Germany,Germany,Germany,Germany,Germany,Germany,Germany,Germany,Germany,Germany,Germany,Germany,Germany,Germany,Germany,Germany,Germany,Germany,Germany,Germany,Germany,Germany,Germany,Germany,Germany,Germany,Germany,Germany,Germany,Germany,Germany,Germany,Germany,Germany,Germany,Germany,Germany,Germany,Germany,Germany,Germany,Germany,Germany,Germany,Germany,Germany,Germany,Germany,Germany,Germany,Germany,Germany,Germany,Germany,Germany,Germany,Germany,Germany,Germany,Germany,Germany,Germany,Germany,Germany,Germany,Germany,Germany,Germany,Germany,Germany,Germany,Germany,Germany,Germany,Germany,Germany,Germany,Germany,Germany,Germany,Germany,Germany,Germany,Germany,Germany,Germany,Germany,Germany,Germany,Germany,Germany,Germany,Germany,Germany,Germany,Germany,Germany,Germany,Germany,Germany,Germany,Germany,Germany,Germany,Germany,Germany,Germany,Germany,Germany,Germany,Germany,Germany,Germany,Germany,Germany,Germany,Germany,Germany,Germany,Germany,Germany,Germany,Germany,Germany,Germany,Germany,Germany,Germany,Germany,Germany,Germany,Germany,Germany,Germany,Germany,Germany,Germany,Germany,Germany,Germany,Germany,Germany,Germany,Germany,Germany,Germany,Germany,Germany,Germany,Germany,Germany,Germany,Germany,Germany,Germany,Germany,Germany,Germany,Germany,Germany,Germany,Germany,Germany,Germany,Germany,Germany,Germany,Germany,Germany,Germany,Germany,Germany,Germany,Germany,Germany,Germany,Germany,Germany,Germany,Germany,Germany,Germany,Germany,Germany,Germany,Germany,Germany,Germany,Germany,Germany,Germany,Germany,Germany,Germany,Germany,Germany,Germany,Germany,Germany,Germany,Germany,Germany,Germany,Germany,Germany,Germany,Germany,Germany,Germany,Germany,Germany,Germany,Germany,Germany,Germany,Germany,Germany,Germany,Germany,Germany,Germany,Germany,Germany,Germany,Germany,Germany,Germany,Germany,Germany,Germany,Germany,Germany,Germany,Germany,Germany,Germany,Germany,Germany,Germany,Germany,Germany,Germany,Germany,Germany,Germany,Germany,Germany,Germany,Germany,Germany,Germany,Germany,Germany,Germany,Germany,Germany,Germany,Germany,Germany,Germany,Germany,Germany,Germany,Germany,Germany,Germany,Germany,Germany,Germany,Germany,Germany,Germany,Germany,Germany,Germany,Germany,Germany,Germany,Germany,Germany,Germany,Germany,Germany,Germany,Germany,Germany,Germany,Germany,Germany,Germany,Germany,Germany,Germany,Germany,Germany,Germany,Germany,Germany,Germany,Germany,Germany,Germany,Germany,Germany,Germany,Germany,Germany,Germany,Germany,Germany,Germany,Germany,Germany,Germany,Germany,Germany,Germany,Germany,Germany,Germany,Germany,Germany,Germany,Germany,Germany,Germany,Germany,Germany,Germany,Germany,Germany,Germany,Germany,Germany,Germany,Germany,Germany,Germany,Germany,Germany,Germany,Germany,Germany,Germany,Germany,Germany,Germany,Germany,Germany,Germany,Germany,Germany,Germany,Germany,Germany,Germany,Germany,Germany,Germany,Germany,Germany,Germany,Germany,Germany,Germany,Germany,Germany,Germany,Germany,Germany,Germany,Germany,Germany,Germany,Germany,Germany,Germany,Germany,Germany,Germany,Germany,Germany,Germany,Germany,Germany,Germany,Germany,Germany,Germany,Germany,Germany,Germany,Germany,Germany,Germany,Germany,Germany,Germany,Germany,Germany,Germany,Germany,Germany,Germany,Germany,Germany,Germany,Germany,Germany,Germany,Germany,Germany,Germany,Germany,Germany,Germany,Germany,Germany,Germany,Germany,Germany,Germany,Germany,Germany,Germany,Germany,Germany,Germany,Germany,Germany,Germany,Germany,Germany,Germany,Germany,Germany,Germany,Germany,Germany,Germany,Germany,Germany,Germany,Germany,Germany,Germany,Germany,Germany,Germany,Germany,Germany,Germany,Germany,Germany,Germany,Germany,Germany,Germany,Germany,Germany,Germany,Germany,Germany,Germany,Germany,Germany,Germany,Germany,Germany,Germany,Germany,Germany,Germany,Germany,Germany,Germany,Germany,Germany,Germany,Germany,Germany,Germany,Germany,Germany,Germany,Germany,Germany,Germany,Germany,Germany,Germany,Germany,Germany,Germany,Germany,Germany,Germany,Germany,Germany,Germany,Germany,Germany,Germany,Germany,Germany,Germany,Germany,Germany,Germany,Germany,Germany,Germany,Germany,Germany,Germany,Germany,Germany,Germany,Germany,Germany,Germany,Germany,Germany,Germany,Germany,Germany,Germany,Germany,Germany,Germany,Germany,Germany,Germany,Germany,Germany,Germany,Germany,Germany,Germany,Germany,Germany,Germany,Germany,Germany,Germany,Germany,Germany,Germany,Germany,Germany,Germany,Germany,Germany,Germany,Germany,Germany,Germany,Germany,Germany,Germany,Germany,Germany,Germany,Germany,Germany,Germany,Germany,Germany,Germany,Germany,Germany,Germany,Germany,Germany,Germany,Germany,Germany,Germany,Germany,Germany,Germany,Germany,Germany,Germany,Germany,Germany,Germany,Germany,Germany,Germany,Germany,Germany,Germany,Germany,Germany,Germany,Germany,Germany,Germany,Germany,Germany,Germany,Germany,Germany,Germany,Germany,Germany,Germany,Germany,Germany,Germany,Germany,Germany,Germany,Germany,Germany,Germany,Germany,Germany,Germany,Germany,Germany,Germany,Germany,Germany,Germany,Germany,Germany,Germany,Germany,Germany,Germany,Germany,Germany,Germany,Germany,Germany,Germany,Germany,Germany,Germany,Germany,Germany,Germany,Germany,Germany,Germany,Germany,Germany,Germany,Germany,Germany,Germany,Germany,Germany,Germany,Germany,Germany,Germany,Germany,Germany,Germany,Germany,Germany,Germany,Germany,Germany,Germany,Germany,Germany,Germany,Germany,Germany,Germany,Germany,Germany,Germany,Germany,Germany,Germany,Germany,Germany,Germany,Germany,Germany,Germany,Germany,Germany,Germany,Germany,Germany,Germany,Germany,Germany,Germany,Germany,Germany,Germany,Germany,Germany,Germany,Germany,Germany,Germany,Germany,Germany,Germany,Germany,Germany,Germany,Germany,Germany,Germany,Germany,Germany,Germany,Germany,Germany,Germany,Germany,Germany,Germany,Germany,Germany,Germany,Germany,Germany,Germany,Germany,Germany,Germany,Germany,Germany,Germany,Germany,Germany,Germany,Germany,Germany,Germany,Germany,Germany,Germany,Germany,Germany,Germany,Germany,Germany,Germany,Germany,Germany,Germany,Germany,Germany,Germany,Germany,Germany,Germany,Germany,Germany,Germany,Germany,Germany,Germany,Germany,Germany,Germany,Germany,Germany,Germany,Germany,Germany,Germany,Germany,Germany,Germany,Germany,Germany,Germany,Germany,Germany,Germany,Germany,Germany,Germany,Germany,Germany,Germany,Germany,Germany,Germany,Germany,Germany,Germany,Germany,Germany,Germany,Germany,Germany,Germany,Germany,Germany,Germany,Germany,Germany,Germany,Germany,Germany,Germany,Germany,Germany,Germany,Germany,Germany,Germany,Germany,Germany,Germany,Germany,Germany,Germany,Germany,Germany,Germany,Germany,Germany,Germany,Germany,Germany,Germany,Germany,Germany,Germany,Germany,Germany,Germany,Germany,Germany,Germany,Germany,Germany,Germany,Germany,Germany,Germany,Germany,Germany,Germany,Germany,Germany,Germany,Germany,Germany,Germany,Germany,Germany,Germany,Germany,Germany,Germany,Germany,Germany,Germany,Germany,Germany,Germany,Germany,Germany,Germany,Germany,Germany,Germany,Germany,Germany,Germany,Germany,Germany,Germany,Germany,Germany,Germany,Germany,Germany,Germany,Germany,Germany,Germany,Germany,Germany,Germany,Germany,Germany,Germany,Germany,Germany,Germany,Germany,Germany,Germany,Germany,Germany,Germany,Germany,Germany,Germany,Germany,Germany,Germany,Germany,Germany,Germany,Germany,Germany,Germany,Germany,Germany,Germany,Germany,Germany,Germany,Germany,Germany,Germany,Germany,Germany,Germany,Germany,Germany,Germany,Germany,Germany,Germany,Germany,Germany,Germany,Germany,Germany,Germany,Germany,Germany,Germany,Germany,Germany,Germany,Germany,Germany,Germany,Germany,Germany,Germany,Germany,Germany,Germany,Germany,Germany,Germany,Germany,Germany,Germany,Germany,Germany,Germany,Germany,Germany,Germany,Germany,Germany,Germany,Germany,Germany,Germany,Germany,Germany,Germany,Germany,Germany,Germany,Germany,Germany,Germany,Germany,Germany,Germany,Germany,Germany,Germany,Germany,Germany,Germany,Germany,Germany,Germany,Germany,Germany,Germany,Germany,Germany,Germany,Germany,Germany,Germany,Germany,Germany,Germany,Germany,Germany,Germany,Germany,Germany,Germany,Germany,Germany,Germany,Germany,Germany,Germany,Germany,Germany,Germany,Germany,Germany,Germany,Germany,Germany,Germany,Germany,Germany,Germany,Germany,Germany,Germany,Germany,Germany,Germany,Germany,Germany,Germany,Germany,Germany,Germany,Germany,Germany,Germany,Germany,Germany,Germany,Germany,Germany,Germany,Germany,Germany,Germany,Germany,Germany,Germany,Germany,Germany,Germany,Germany,Germany,Germany,Germany,Germany,Germany,Germany,Germany,Germany,Germany,Germany,Germany,Germany,Germany,Germany,Germany,Germany,Germany,Germany,Germany,Germany,Germany,Germany,Germany,Germany,Germany,Germany,Germany,Germany,Germany,Germany,Germany,Germany,Germany,Germany,Germany,Germany,Germany,Germany,Germany,Germany,Germany,Germany,Germany,Germany,Germany,Germany,Germany,Germany,Germany,Germany,Germany,Germany,Germany,Germany,Germany,Germany,Germany,Germany,Germany,Germany,Germany,Germany,Germany,Germany,Germany,Germany,Germany,Germany,Germany,Germany,Germany,Germany,Germany,Germany,Germany,Germany,Germany,Germany,Germany,Germany,Germany,Germany,Germany,Germany,Germany,Germany,Germany,Germany,Germany,Germany,Germany,Germany,Germany,Germany,Germany,Germany,Germany,Germany,Germany,Germany,Germany,Germany,Germany,Germany,Germany,Germany,Germany,Germany,Germany,Germany,Germany,Germany,Germany,Germany,Germany,Germany,Germany,Germany,Germany,Germany,Germany,Germany,Germany,Germany,Germany,Germany,Germany,Germany,Germany,Germany,Germany,Germany,Germany,Germany,Germany,Germany,Germany,Germany,Germany,Germany,Germany,Germany,Germany,Germany,Germany,Germany,Germany,Germany,Germany,Germany,Germany,Germany,Germany,Germany,Germany,Germany,Germany,Germany,Germany,Germany,Germany,Germany,Germany,Germany,Germany,Germany,Germany,Germany,Germany,Germany,Germany,Germany,Germany,Germany,Germany,Germany,Germany,Germany,Germany,Germany,Germany,Germany,Germany,Germany,Germany,Germany,Germany,Germany,Germany,Germany,Germany,Germany,Germany,Germany,Germany,Germany,Germany,Germany,Germany,Germany,Germany,Germany,Germany,Germany,Germany,Germany,Germany,Germany,Germany,Germany,Germany,Germany,Germany,Germany,Germany,Germany,Germany,Germany,Germany,Germany,Germany,Germany,Germany,Germany,Germany,Germany,Germany,Germany,Germany,Germany,Germany,Germany,Germany,Germany,Germany,Germany,Germany,Germany,Germany,Germany,Germany,Germany,Germany,Germany,Germany,Germany,Germany,Germany,Germany,Germany,Germany,Germany,Germany,Germany,Germany,Germany,Germany,Germany,Germany,Germany,Germany,Germany,Germany,Germany,Germany,Germany,Germany,Germany,Germany,Germany,Germany,Germany,Germany,Germany,Germany,Germany,Germany,Germany,Germany,Germany,Germany,Germany,Germany,Germany,Germany,Germany,Germany,Germany,Germany,Germany,Germany,Germany,Germany,Germany,Germany,Germany,Germany,Germany,Germany,Germany,Germany,Germany,Germany,Germany,Germany,Germany,Germany,Germany,Germany,Germany,Germany,Germany,Germany,Germany,Germany,Germany,Germany,Germany,Germany,Germany,Germany,Germany,Germany,Germany,Germany,Germany,Germany,Germany,Germany,Germany,Germany,Germany,Germany,Germany,Germany,Germany,Germany,Germany,Germany,Germany,Germany,Germany,Germany,Germany,Germany,Germany,Germany,Germany,Germany,Germany,Germany,Germany,Germany,Germany,Germany,Germany,Germany,Germany,Germany,Germany,Germany,Germany,Germany,Germany,Germany,Germany,Germany,Germany,Germany,Germany,Germany,Germany,Germany,Germany,Germany,Germany,Germany,Germany,Germany,Germany,Germany,Germany,Germany,Germany,Germany,Germany,Germany,Germany,Germany,Germany,Germany,Germany,Germany,Germany,Germany,Germany,Germany,Germany,Germany,Germany,Germany,Germany,Germany,Germany,Germany,Germany,Germany,Germany,Germany,Germany,Germany,Germany,Germany,Germany,Germany,Germany,Germany,Germany,Germany,Germany,Germany,Germany,Germany,Germany,Germany,Germany,Germany,Germany,Germany,Germany,Germany,Germany,Germany,Germany,Germany,Germany,Germany,Germany,Germany,Germany,Germany,Germany,Germany,Germany,Germany,Germany,Germany,Germany,Germany,Germany,Germany,Germany,Germany,Germany,Germany,Germany,Germany,Germany,Germany,Germany,Germany,Germany,Germany,Germany,Germany,Germany,Germany,Germany,Germany,Germany,Germany,Germany,Germany,Germany,Germany,Germany,Germany,Germany,Germany,Germany,Germany,Germany,Germany,Germany,Germany,Germany,Germany,Germany,Germany,Germany,Germany,Germany,Germany,Germany,Germany,Germany,Germany,Germany,Germany,Germany,Germany,Germany,Germany,Germany,Germany,Germany,Germany,Germany,Germany,Germany,Germany,Germany,Germany,Germany,Germany,Germany,Germany,Germany,Germany,Germany,Germany,Germany,Germany,Germany,Germany,Germany,Germany,Germany,Germany,Germany,Germany,Germany,Germany,Germany,Germany,Germany,Germany,Germany,Germany,Germany,Germany,Germany,Germany,Germany,Germany,Germany,Germany,Germany,Germany,Germany,Germany,Germany,Germany,Germany,Germany,Germany,Germany,Germany,Germany,Germany,Germany,Germany,Germany,Germany,Germany,Germany,Germany,Germany,Germany,Germany,Germany,Germany,Germany,Germany,Germany,Germany,Germany,Germany,Germany,Germany,Germany,Germany,Germany,Germany,Germany,Germany,Germany,Germany,Germany,Germany,Germany,Germany,Germany,Germany,Germany,Germany,Germany,Germany,Germany,Germany,Germany,Germany,Germany,Germany,Germany,Germany,Germany,Germany,Germany,Germany,Germany,Germany,Germany,Germany,Germany,Germany,Germany,Germany,Germany,Germany,Germany,Germany,Germany,Germany,Germany,Germany,Germany,Germany,Germany,Germany,Germany,Germany,Germany,Germany,Germany,Germany,Germany,Germany,Germany,Germany,Germany,Germany,Germany,Germany,Germany,Germany,Germany,Germany,Germany,Germany,Germany,Germany,Germany,Germany,Germany,Germany,Germany,Germany,Germany,Germany,Germany,Germany,Germany,Germany,Germany,Germany,Germany,Germany,Germany,Germany,Germany,Germany,Germany,Germany,Germany,Germany,Germany,Germany,Germany,Germany,Germany,Germany,Germany,Germany,Germany,Germany,Germany,Germany,Germany,Germany,Germany,Germany,Germany,Germany,Germany,Germany,Germany,Germany,Germany,Germany,Germany,Germany,Germany,Germany,Germany,Germany,Germany,Germany,Germany,Germany,Germany,Germany,Germany,Germany,Germany,Germany,Germany,Germany,Germany,Germany,Germany,Germany,Germany,Germany,Germany,Germany,Germany,Germany,Germany,Germany,Germany,Germany,Germany,Germany,Germany,Germany,Germany,Germany,Germany,Germany,Germany,Germany,Germany,Germany,Germany,Germany,Germany,Germany,Germany,Germany,Germany,Germany,Germany,Germany,Germany,Germany,Germany,Germany,Germany,Germany,Germany,Germany,Germany,Germany,Germany,Germany,Germany,Germany,Germany,Germany,Germany,Germany,Germany,Germany,Germany,Germany,Germany,Germany,Germany,Germany,Germany,Germany,Germany,Germany,Germany,Germany,Germany,Germany,Germany,Germany,Germany,Germany,Germany,Germany,Germany,Germany,Germany,Germany,Germany,Germany,Germany,Germany,Germany,Germany,Germany,Germany,Germany,Germany,Germany,Germany,Germany,Germany,Germany,Germany,Germany,Germany,Germany,Germany,Germany,Germany,Germany,Germany,Germany,Germany,Germany,Germany,Germany,Germany,Germany,Germany,Germany,Germany,Germany,Germany,Germany,Germany,Germany,Germany,Germany,Germany,Germany,Germany,Germany,Germany,Germany,Germany,Germany,Germany,Germany,Germany,Germany,Germany,Germany,Germany,Germany,Germany,Germany,Germany,Germany,Germany,Germany,Germany,Germany,Germany,Germany,Germany,Germany,Germany,Germany,Germany,Germany,Germany,Germany,Germany,Germany,Germany,Germany,Germany,Germany,Germany,Germany,Germany,Germany,Germany,Germany,Germany,Germany,Germany,Germany,Germany,Germany,Germany,Germany,Germany,Germany,Germany,Germany,Germany,Germany,Germany,Germany,Germany,Germany,Germany,Germany,Germany,Germany,Germany,Germany,Germany,Germany,Germany,Germany,Germany,Germany,Germany,Germany,Germany,Germany,Germany,Germany,Germany,Germany,Germany,Germany,Germany,Germany,Germany,Germany,Germany,Germany,Germany,Germany,Germany,Germany,Germany,Germany,Germany,Germany,Germany,Germany,Germany,Germany,Germany,Germany,Germany,Germany,Germany,Germany,Germany,Germany,Germany,Germany,Germany,Germany,Germany,Germany,Germany,Germany,Germany,Germany,Germany,Germany,Germany,Germany,Germany,Germany,Germany,Germany,Germany,Germany,Germany,Germany,Germany,Germany,Germany,Germany,Germany,Germany,Germany,Germany,Germany,Germany,Germany,Germany,Germany,Germany,Germany,Germany,Germany,Germany,Germany,Germany,Germany,Germany,Germany,Germany,Germany,Germany,Germany,Germany,Germany,Germany,Germany,Germany,Germany,Germany,Germany,Germany,Germany,Germany,Germany,Germany,Germany,Germany,Germany,Germany,Germany,Germany,Germany,Germany,Germany,Germany,Germany,Germany,Germany,Germany,Germany,Germany,Germany,Germany,Germany,Germany,Germany,Germany,Germany,Germany,Germany,Germany,Germany,Germany,Germany,Germany,Germany,Germany,Germany,Germany,Germany,Germany,Germany,Germany,Germany,Germany,Germany,Germany,Germany,Germany,Germany,Germany,Germany,Germany,Germany,Germany,Germany,Germany,Germany,Germany,Germany,Germany,Germany,Germany,Germany,Germany,Germany,Germany,Germany,Germany,Germany,Germany,Germany,Germany,Germany,Germany,Germany,Germany,Germany,Germany,Germany,Germany,Germany,Germany,Germany,Germany,Germany,Germany,Germany,Germany,Germany,Germany,Germany,Germany,Germany,Germany,Germany,Germany,Germany,Germany,Germany,Germany,Germany,Germany,Germany,Germany,Germany,Germany,Germany,Germany,Germany,Germany,Germany,Germany,Germany,Germany,Germany,Germany,Germany,Germany,Germany,Germany,Germany,Germany,Germany,Germany,Germany,Germany,Germany,Germany,Germany,Germany,Germany,Germany,Germany,Germany,Germany,Germany,Germany,Germany,Germany,Germany,Germany,Germany,Germany,Germany,Germany,Germany,Germany,Germany,Germany,Germany,Germany,Germany,Germany,Germany,Germany,Germany,Germany,Germany,Germany,Germany,Germany,Germany,Germany,Germany,Germany,Germany,Germany,Germany,Germany,Germany,Germany,Germany,Germany,Germany,Germany,Germany,Germany,Germany,Germany,Germany,Germany,Germany,Germany,Germany,Germany,Germany,Germany,Germany,Germany,Germany,Germany,Germany,Germany,Germany,Germany,Germany,Germany,Germany,Germany,Germany,Germany,Germany,Germany,Germany,Germany,Germany,Germany,Germany,Germany,Germany,Germany,Germany,Germany,Germany,Germany,Germany,Germany,Germany,Germany,Germany,Germany,Germany,Germany,Germany,Germany,Germany,Germany,Germany,Germany,Germany,Germany,Germany,Germany,Germany,Germany,Germany,Germany,Germany,Germany,Germany,Germany,Germany,Germany,Germany,Germany,Germany,Germany,Germany,Germany,Germany,Germany,Germany,Germany,Germany,Germany,Germany,Germany,Germany,Germany,Germany,Germany,Germany,Germany,Germany,Germany,Germany,Germany,Germany,Germany,Germany,Germany,Germany,Germany,Germany,Germany,Germany,Germany,Germany,Germany,Germany,Germany,Germany,Germany,Germany,Germany,Germany,Germany,Germany,Germany,Germany,Germany,Germany,Germany,Germany,Germany,Germany,Germany,Germany,Germany,Germany,Germany,Germany,Germany,Germany,Germany,Germany,Germany,Germany,Germany,Germany,Germany,Germany,Germany,Germany,Germany,Germany,Germany,Germany,Germany,Germany,Germany,Germany,Germany,Germany,Germany,Germany,Germany,Germany,Germany,Germany,Germany,Germany,Germany,Germany,Germany,Germany,Germany,Germany,Germany,Germany,Germany,Germany,Germany,Germany,Germany,Germany,Germany,Germany,Germany,Germany,Germany,Germany,Germany,Germany,Germany,Germany,Germany,Germany,Germany,Germany,Germany,Germany,Germany,Germany,Germany,Germany,Germany,Germany,Germany,Germany,Germany,Germany,Germany,Germany,Germany,Germany,Germany,Germany,Germany,Germany,Germany,Germany,Germany,Germany,Germany,Germany,Germany,Germany,Germany,Germany,Germany,Germany,Germany,Germany,Germany,Germany,Germany,Germany,Germany,Germany,Germany,Germany,Germany,Germany,Germany,Germany,Germany,Germany,Germany,Germany,Germany,Germany,Germany,Germany,Germany,Germany,Germany,Germany,Germany,Germany,Germany,Germany,Germany,Germany,Germany,Germany,Germany,Germany,Germany,Germany,Germany,Germany,Germany,Germany,Germany,Germany,Germany,Germany,Germany,Germany,Germany,Germany,Germany,Germany,Germany,Germany,Germany,Germany,Germany,Germany,Germany,Germany,Germany,Germany,Germany,Germany,Germany,Germany,Germany,Germany,Germany,Germany,Germany,Germany,Germany,Germany,Germany,Germany,Germany,Germany,Germany,Germany,Germany,Germany,Germany,Germany,Germany,Germany,Germany,Germany,Germany,Germany,Germany,Germany,Germany,Germany,Germany,Germany,Germany,Germany,Germany,Germany,Germany,Germany,Germany,Germany,Germany,Germany,Germany,Germany,Germany,Germany,Germany,Germany,Germany,Germany,Germany,Germany,Germany,Germany,Germany,Germany,Germany,Germany,Germany,Germany,Germany,Germany,Germany,Germany,Germany,Germany,Germany,Germany,Germany,Germany,Germany,Germany,Germany,Germany,Germany,Germany,Germany,Germany,Germany,Germany,Germany,Germany,Germany,Germany,Germany,Germany,Germany,Germany,Germany,Germany,Germany,Germany,Germany,Germany,Germany,Germany,Germany,Germany,Germany,Germany,Germany,Germany,Germany,Germany,Germany,Germany,Germany,Germany,Germany,Germany,Germany,Germany,Germany,Germany,Germany,Germany,Germany,Germany,Germany,Germany,Germany,Germany,Germany,Germany,Germany,Germany,Germany,Germany,Germany,Germany,Germany,Germany,Germany,Germany,Germany,Germany,Germany,Germany,Germany,Germany,Germany,Germany,Germany,Germany,Germany,Germany,Germany,Germany,Germany,Germany,Germany,Germany,Germany,Germany,Germany,Germany,Germany,Germany,Germany,Germany,Germany,Germany,Germany,Germany,Germany,Germany,Germany,Germany,Germany,Germany,Germany,Germany,Germany,Germany,Germany,Germany,Germany,Germany,Germany,Germany,Germany,Germany,Germany,Germany,Germany,Germany,Germany,Germany,Germany,Germany,Germany,Germany,Germany,Germany,Germany,Germany,Germany,Germany,Germany,Germany,Germany,Germany,Germany,Germany,Germany,Germany,Germany,Germany,Germany,Germany,Germany,Germany,Germany,Germany,Germany,Germany,Germany,Germany,Germany,Germany,Germany,Germany,Germany,Germany,Germany,Germany,Germany,Germany,Germany,Germany,Germany,Germany,Germany,Germany,Germany,Germany,Germany,Germany,Germany,Germany,Germany,Germany,Germany,Germany,Germany,Germany,Germany,Germany,Germany,Germany,Germany,Germany,Germany,Germany,Germany,Germany,Germany,Germany,Germany,Germany,Germany,Germany,Germany,Germany,Germany,Germany,Germany,Germany,Germany,Germany,Germany,Germany,Germany,Germany,Germany,Germany,Germany,Germany,Germany,Germany,Germany,Germany,Germany,Germany,Germany,Germany,Germany,Germany,Germany,Germany,Germany,Germany,Germany,Germany,Germany,Germany,Germany,Germany,Germany,Germany,Germany,Germany,Germany,Germany,Germany,Germany,Germany,Germany,Germany,Germany,Germany,Germany,Germany,Germany,Germany,Germany,Germany,Germany,Germany,Germany,Germany,Germany,Germany,Germany,Germany,Germany,Germany,Germany,Germany,Germany,Germany,Germany,Germany,Germany,Germany,Germany,Germany,Germany,Germany,Germany,Germany,Germany,Germany,Germany,Germany,Germany,Germany,Germany,Germany,Germany,Germany,Germany,Germany,Germany,Germany,Germany,Germany,Germany,Germany,Germany,Germany,Germany,Germany,Germany,Germany,Germany,Germany,Germany,Germany,Germany,Germany,Germany,Germany,Germany,Germany,Germany,Germany,Germany,Germany,Germany,Germany,Germany,Germany,Germany,Germany,Germany,Germany,Germany,Germany,Germany,Germany,Germany,Germany,Germany,Germany,Germany,Germany,Germany,Germany,Germany,Germany,Germany,Germany,Germany,Germany,Germany,Germany,Germany,Germany,Germany,Germany,Germany,Germany,Germany,Germany,Germany,Germany,Germany,Germany,Germany,Germany,Germany,Germany,Germany,Germany,Germany,Germany,Germany,Germany,Germany,Germany,Germany,Germany,Germany,Germany,Germany,Germany,Germany,Germany,Germany,Germany,Germany,Germany,Germany,Germany,Germany,Germany,Germany,Germany,Germany,Germany,Germany,Germany,Germany,Germany,Germany,Germany,Germany,Germany,Germany,Germany,Germany,Germany,Germany,Germany,Germany,Germany,Germany,Germany,Germany,Germany,Germany,Germany,Germany,Germany,Germany,Germany,Germany,Germany,Germany,Germany,Germany,Germany,Germany,Germany,Germany,Germany,Germany,Germany,Germany,Germany,Germany,Germany,Germany,Germany,Germany,Germany,Germany,Germany,Germany,Germany,Germany,Germany,Germany,Germany,Germany,Germany,Germany,Germany,Germany,Germany,Germany,Germany,Germany,Germany,Germany,Germany,Germany,Germany,Germany,Germany,Germany,Germany,Germany,Germany,Germany,Germany,Germany,Germany,Germany,Germany,Germany,Germany,Germany,Germany,Germany,Germany,Germany,Germany,Germany,Germany,Germany,Germany,Germany,Germany,Germany,Germany,Germany,Germany,Germany,Germany,Germany,Germany,Germany,Germany,Germany,Germany,Germany,Germany,Germany,Germany,Germany,Germany,Germany,Germany,Germany,Germany,Germany,Germany,Germany,Germany,Germany,Germany,Germany,Germany,Germany,Germany,Germany,Germany,Germany,Germany,Germany,Germany,Germany,Germany,Germany,Germany,Germany,Germany,Germany,Germany,Germany,Germany,Germany,Germany,Germany,Germany,Germany,Germany,Germany,Germany,Germany,Germany,Germany,Germany,Germany,Germany,Germany,Germany,Germany,Germany,Germany,Germany,Germany,Germany,Germany,Germany,Germany,Germany,Germany,Germany,Germany,Germany,Germany,Germany,Germany,Germany,Germany,Germany,Germany,Germany,Germany,Germany,Germany,Germany,Germany,Germany,Germany,Germany,Germany,Germany,Germany,Germany,Germany,Germany,Germany,Germany,Germany,Germany,Germany,Germany,Germany,Germany,Germany,Germany,Germany,Germany,Germany,Germany,Germany,Germany,Germany,Germany,Germany,Germany,Germany,Germany,Germany,Germany,Germany,Germany,Germany,Germany,Germany,Germany,Germany,Germany,Germany,Germany,Germany,Germany,Germany,Germany,Germany
City,Monchengladbach,Monchengladbach,Monchengladbach,Monchengladbach,Monchengladbach,Monchengladbach,Monchengladbach,Monchengladbach,Monchengladbach,Monchengladbach,Monchengladbach,Monchengladbach,Monchengladbach,Monchengladbach,Monchengladbach,Monchengladbach,Monchengladbach,Monchengladbach,Monchengladbach,Monchengladbach,Monchengladbach,Monchengladbach,Monchengladbach,Monchengladbach,Monchengladbach,Monchengladbach,Monchengladbach,Monchengladbach,Monchengladbach,Monchengladbach,Monchengladbach,Monchengladbach,Monchengladbach,Monchengladbach,Monchengladbach,Monchengladbach,Monchengladbach,Monchengladbach,Monchengladbach,Monchengladbach,Monchengladbach,Monchengladbach,Monchengladbach,Monchengladbach,Monchengladbach,Monchengladbach,Monchengladbach,Monchengladbach,Monchengladbach,Monchengladbach,Monchengladbach,Monchengladbach,Monchengladbach,Monchengladbach,Monchengladbach,Monchengladbach,Monchengladbach,Monchengladbach,Monchengladbach,Monchengladbach,Monchengladbach,Monchengladbach,Monchengladbach,Monchengladbach,Monchengladbach,Monchengladbach,Monchengladbach,Monchengladbach,Monchengladbach,Monchengladbach,Monchengladbach,Monchengladbach,Monchengladbach,Monchengladbach,Monchengladbach,Monchengladbach,Monchengladbach,Monchengladbach,Monchengladbach,Monchengladbach,Monchengladbach,Monchengladbach,Monchengladbach,Monchengladbach,Monchengladbach,Monchengladbach,Monchengladbach,Monchengladbach,Monchengladbach,Monchengladbach,Monchengladbach,Monchengladbach,Monchengladbach,Monchengladbach,Monchengladbach,Monchengladbach,Monchengladbach,Monchengladbach,Monchengladbach,Monchengladbach,Monchengladbach,Monchengladbach,Monchengladbach,Monchengladbach,Monchengladbach,Monchengladbach,Monchengladbach,Monchengladbach,Monchengladbach,Monchengladbach,Monchengladbach,Monchengladbach,Monchengladbach,Monchengladbach,Monchengladbach,Monchengladbach,Monchengladbach,Monchengladbach,Monchengladbach,Monchengladbach,Monchengladbach,Monchengladbach,Monchengladbach,Monchengladbach,Monchengladbach,Monchengladbach,Monchengladbach,Monchengladbach,Monchengladbach,Monchengladbach,Monchengladbach,Monchengladbach,Monchengladbach,Monchengladbach,Monchengladbach,Monchengladbach,Monchengladbach,Monchengladbach,Monchengladbach,Monchengladbach,Monchengladbach,Monchengladbach,Monchengladbach,Monchengladbach,Monchengladbach,Monchengladbach,Monchengladbach,Monchengladbach,Monchengladbach,Monchengladbach,Monchengladbach,Monchengladbach,Monchengladbach,Monchengladbach,Monchengladbach,Monchengladbach,Monchengladbach,Monchengladbach,Monchengladbach,Monchengladbach,Monchengladbach,Monchengladbach,Monchengladbach,Monchengladbach,Monchengladbach,Monchengladbach,Monchengladbach,Monchengladbach,Monchengladbach,Monchengladbach,Monchengladbach,Monchengladbach,Monchengladbach,Monchengladbach,Monchengladbach,Monchengladbach,Monchengladbach,Monchengladbach,Monchengladbach,Monchengladbach,Monchengladbach,Monchengladbach,Monchengladbach,Monchengladbach,Monchengladbach,Monchengladbach,Monchengladbach,Monchengladbach,Monchengladbach,Monchengladbach,Monchengladbach,Monchengladbach,Monchengladbach,Monchengladbach,Monchengladbach,Monchengladbach,Monchengladbach,Monchengladbach,Monchengladbach,Monchengladbach,Monchengladbach,Monchengladbach,Monchengladbach,Monchengladbach,Monchengladbach,Monchengladbach,Monchengladbach,Monchengladbach,Monchengladbach,Monchengladbach,Monchengladbach,Monchengladbach,Monchengladbach,Monchengladbach,Monchengladbach,Monchengladbach,Monchengladbach,Monchengladbach,Monchengladbach,Monchengladbach,Monchengladbach,Monchengladbach,Monchengladbach,Monchengladbach,Monchengladbach,Monchengladbach,Monchengladbach,Monchengladbach,Monchengladbach,Monchengladbach,Monchengladbach,Monchengladbach,Monchengladbach,Monchengladbach,Monchengladbach,Monchengladbach,Monchengladbach,Monchengladbach,Monchengladbach,Monchengladbach,Monchengladbach,Monchengladbach,Monchengladbach,Monchengladbach,Monchengladbach,Monchengladbach,Monchengladbach,Monchengladbach,Monchengladbach,Monchengladbach,Monchengladbach,Monchengladbach,Monchengladbach,Monchengladbach,Monchengladbach,Monchengladbach,Monchengladbach,Monchengladbach,Monchengladbach,Monchengladbach,Monchengladbach,Monchengladbach,Monchengladbach,Monchengladbach,Monchengladbach,Monchengladbach,Monchengladbach,Monchengladbach,Monchengladbach,Monchengladbach,Monchengladbach,Monchengladbach,Monchengladbach,Monchengladbach,Monchengladbach,Monchengladbach,Monchengladbach,Monchengladbach,Monchengladbach,Monchengladbach,Monchengladbach,Monchengladbach,Monchengladbach,Monchengladbach,Monchengladbach,Monchengladbach,Monchengladbach,Monchengladbach,Monchengladbach,Monchengladbach,Monchengladbach,Monchengladbach,Monchengladbach,Monchengladbach,Monchengladbach,Monchengladbach,Monchengladbach,Monchengladbach,Monchengladbach,Monchengladbach,Monchengladbach,Monchengladbach,Monchengladbach,Monchengladbach,Monchengladbach,Monchengladbach,Monchengladbach,Monchengladbach,Monchengladbach,Monchengladbach,Monchengladbach,Monchengladbach,Monchengladbach,Monchengladbach,Monchengladbach,Monchengladbach,Monchengladbach,Monchengladbach,Monchengladbach,Monchengladbach,Monchengladbach,Monchengladbach,Monchengladbach,Monchengladbach,Monchengladbach,Monchengladbach,Monchengladbach,Monchengladbach,Monchengladbach,Monchengladbach,Monchengladbach,Monchengladbach,Monchengladbach,Monchengladbach,Monchengladbach,Monchengladbach,Monchengladbach,Monchengladbach,Monchengladbach,Monchengladbach,Monchengladbach,Monchengladbach,Monchengladbach,Monchengladbach,Monchengladbach,Monchengladbach,Monchengladbach,Monchengladbach,Monchengladbach,Monchengladbach,Monchengladbach,Monchengladbach,Monchengladbach,Monchengladbach,Monchengladbach,Monchengladbach,Monchengladbach,Monchengladbach,Monchengladbach,Monchengladbach,Monchengladbach,Monchengladbach,Monchengladbach,Monchengladbach,Monchengladbach,Monchengladbach,Monchengladbach,Monchengladbach,Monchengladbach,Monchengladbach,Monchengladbach,Monchengladbach,Monchengladbach,Monchengladbach,Monchengladbach,Monchengladbach,Monchengladbach,Monchengladbach,Monchengladbach,Monchengladbach,Monchengladbach,Monchengladbach,Monchengladbach,Monchengladbach,Monchengladbach,Monchengladbach,Monchengladbach,Monchengladbach,Monchengladbach,Monchengladbach,Monchengladbach,Monchengladbach,Monchengladbach,Monchengladbach,Monchengladbach,Monchengladbach,Monchengladbach,Monchengladbach,Monchengladbach,Monchengladbach,Monchengladbach,Monchengladbach,Monchengladbach,Monchengladbach,Monchengladbach,Monchengladbach,Monchengladbach,Monchengladbach,Monchengladbach,Monchengladbach,Monchengladbach,Monchengladbach,Monchengladbach,Monchengladbach,Monchengladbach,Monchengladbach,Monchengladbach,Monchengladbach,Monchengladbach,Monchengladbach,Monchengladbach,Monchengladbach,Monchengladbach,Monchengladbach,Monchengladbach,Monchengladbach,Monchengladbach,Monchengladbach,Monchengladbach,Monchengladbach,Monchengladbach,Monchengladbach,Monchengladbach,Monchengladbach,Monchengladbach,Monchengladbach,Monchengladbach,Monchengladbach,Monchengladbach,Monchengladbach,Monchengladbach,Monchengladbach,Monchengladbach,Monchengladbach,Monchengladbach,Monchengladbach,Monchengladbach,Monchengladbach,Monchengladbach,Monchengladbach,Monchengladbach,Monchengladbach,Monchengladbach,Monchengladbach,Monchengladbach,Monchengladbach,Monchengladbach,Monchengladbach,Monchengladbach,Monchengladbach,Monchengladbach,Monchengladbach,Monchengladbach,Monchengladbach,Monchengladbach,Monchengladbach,Monchengladbach,Monchengladbach,Monchengladbach,Monchengladbach,Monchengladbach,Monchengladbach,Monchengladbach,Monchengladbach,Monchengladbach,Monchengladbach,Monchengladbach,Monchengladbach,Monchengladbach,Monchengladbach,Monchengladbach,Monchengladbach,Monchengladbach,Monchengladbach,Monchengladbach,Monchengladbach,Monchengladbach,Monchengladbach,Monchengladbach,Monchengladbach,Monchengladbach,Monchengladbach,Monchengladbach,Monchengladbach,Monchengladbach,Monchengladbach,Monchengladbach,Monchengladbach,Monchengladbach,Monchengladbach,Monchengladbach,Monchengladbach,Monchengladbach,Monchengladbach,Monchengladbach,Monchengladbach,Monchengladbach,Monchengladbach,Monchengladbach,Monchengladbach,Monchengladbach,Monchengladbach,Monchengladbach,Monchengladbach,Monchengladbach,Monchengladbach,Monchengladbach,Monchengladbach,Monchengladbach,Monchengladbach,Monchengladbach,Monchengladbach,Monchengladbach,Monchengladbach,Monchengladbach,Monchengladbach,Monchengladbach,Monchengladbach,Monchengladbach,Monchengladbach,Monchengladbach,Monchengladbach,Monchengladbach,Monchengladbach,Monchengladbach,Monchengladbach,Monchengladbach,Monchengladbach,Monchengladbach,Monchengladbach,Monchengladbach,Monchengladbach,Monchengladbach,Monchengladbach,Monchengladbach,Monchengladbach,Monchengladbach,Monchengladbach,Monchengladbach,Monchengladbach,Monchengladbach,Monchengladbach,Monchengladbach,Monchengladbach,Monchengladbach,Monchengladbach,Monchengladbach,Monchengladbach,Monchengladbach,Monchengladbach,Monchengladbach,Monchengladbach,Monchengladbach,Monchengladbach,Monchengladbach,Monchengladbach,Monchengladbach,Monchengladbach,Monchengladbach,Monchengladbach,Monchengladbach,Monchengladbach,Monchengladbach,Monchengladbach,Monchengladbach,Monchengladbach,Monchengladbach,Monchengladbach,Monchengladbach,Monchengladbach,Monchengladbach,Monchengladbach,Monchengladbach,Monchengladbach,Monchengladbach,Monchengladbach,Monchengladbach,Monchengladbach,Monchengladbach,Monchengladbach,Monchengladbach,Monchengladbach,Monchengladbach,Monchengladbach,Monchengladbach,Monchengladbach,Monchengladbach,Monchengladbach,Monchengladbach,Monchengladbach,Monchengladbach,Monchengladbach,Monchengladbach,Monchengladbach,Monchengladbach,Monchengladbach,Monchengladbach,Monchengladbach,Monchengladbach,Monchengladbach,Monchengladbach,Monchengladbach,Monchengladbach,Monchengladbach,Monchengladbach,Monchengladbach,Monchengladbach,Monchengladbach,Monchengladbach,Monchengladbach,Monchengladbach,Monchengladbach,Monchengladbach,Monchengladbach,Monchengladbach,Monchengladbach,Monchengladbach,Monchengladbach,Monchengladbach,Monchengladbach,Monchengladbach,Monchengladbach,Monchengladbach,Monchengladbach,Monchengladbach,Monchengladbach,Monchengladbach,Monchengladbach,Monchengladbach,Monchengladbach,Monchengladbach,Monchengladbach,Monchengladbach,Monchengladbach,Monchengladbach,Monchengladbach,Monchengladbach,Monchengladbach,Monchengladbach,Monchengladbach,Monchengladbach,Monchengladbach,Monchengladbach,Monchengladbach,Monchengladbach,Monchengladbach,Monchengladbach,Monchengladbach,Monchengladbach,Monchengladbach,Monchengladbach,Monchengladbach,Monchengladbach,Monchengladbach,Monchengladbach,Monchengladbach,Monchengladbach,Monchengladbach,Monchengladbach,Monchengladbach,Monchengladbach,Monchengladbach,Monchengladbach,Monchengladbach,Monchengladbach,Monchengladbach,Monchengladbach,Monchengladbach,Monchengladbach,Monchengladbach,Monchengladbach,Monchengladbach,Monchengladbach,Monchengladbach,Monchengladbach,Monchengladbach,Monchengladbach,Monchengladbach,Monchengladbach,Monchengladbach,Monchengladbach,Monchengladbach,Monchengladbach,Monchengladbach,Monchengladbach,Monchengladbach,Monchengladbach,Monchengladbach,Monchengladbach,Monchengladbach,Monchengladbach,Monchengladbach,Monchengladbach,Monchengladbach,Monchengladbach,Monchengladbach,Monchengladbach,Monchengladbach,Monchengladbach,Monchengladbach,Monchengladbach,Monchengladbach,Monchengladbach,Monchengladbach,Monchengladbach,Monchengladbach,Monchengladbach,Monchengladbach,Monchengladbach,Monchengladbach,Monchengladbach,Monchengladbach,Monchengladbach,Monchengladbach,Monchengladbach,Monchengladbach,Monchengladbach,Monchengladbach,Monchengladbach,Monchengladbach,Monchengladbach,Monchengladbach,Monchengladbach,Monchengladbach,Monchengladbach,Monchengladbach,Monchengladbach,Monchengladbach,Monchengladbach,Monchengladbach,Monchengladbach,Monchengladbach,Monchengladbach,Monchengladbach,Monchengladbach,Monchengladbach,Monchengladbach,Monchengladbach,Monchengladbach,Monchengladbach,Monchengladbach,Monchengladbach,Monchengladbach,Monchengladbach,Monchengladbach,Monchengladbach,Monchengladbach,Monchengladbach,Monchengladbach,Monchengladbach,Monchengladbach,Monchengladbach,Monchengladbach,Monchengladbach,Monchengladbach,Monchengladbach,Monchengladbach,Monchengladbach,Monchengladbach,Monchengladbach,Monchengladbach,Monchengladbach,Monchengladbach,Monchengladbach,Monchengladbach,Monchengladbach,Monchengladbach,Monchengladbach,Monchengladbach,Monchengladbach,Monchengladbach,Monchengladbach,Monchengladbach,Monchengladbach,Monchengladbach,Monchengladbach,Monchengladbach,Monchengladbach,Monchengladbach,Monchengladbach,Monchengladbach,Monchengladbach,Monchengladbach,Monchengladbach,Monchengladbach,Monchengladbach,Monchengladbach,Monchengladbach,Monchengladbach,Monchengladbach,Monchengladbach,Monchengladbach,Monchengladbach,Monchengladbach,Monchengladbach,Monchengladbach,Monchengladbach,Monchengladbach,Monchengladbach,Monchengladbach,Monchengladbach,Monchengladbach,Monchengladbach,Monchengladbach,Monchengladbach,Monchengladbach,Monchengladbach,Monchengladbach,Monchengladbach,Monchengladbach,Monchengladbach,Monchengladbach,Monchengladbach,Monchengladbach,Monchengladbach,Monchengladbach,Monchengladbach,Monchengladbach,Monchengladbach,Monchengladbach,Monchengladbach,Monchengladbach,Monchengladbach,Monchengladbach,Monchengladbach,Monchengladbach,Monchengladbach,Monchengladbach,Monchengladbach,Monchengladbach,Monchengladbach,Monchengladbach,Monchengladbach,Monchengladbach,Monchengladbach,Monchengladbach,Monchengladbach,Monchengladbach,Monchengladbach,Monchengladbach,Monchengladbach,Monchengladbach,Monchengladbach,Monchengladbach,Monchengladbach,Monchengladbach,Monchengladbach,Monchengladbach,Monchengladbach,Monchengladbach,Monchengladbach,Monchengladbach,Monchengladbach,Monchengladbach,Monchengladbach,Monchengladbach,Monchengladbach,Monchengladbach,Monchengladbach,Monchengladbach,Monchengladbach,Monchengladbach,Monchengladbach,Monchengladbach,Monchengladbach,Monchengladbach,Monchengladbach,Monchengladbach,Monchengladbach,Monchengladbach,Monchengladbach,Monchengladbach,Monchengladbach,Monchengladbach,Monchengladbach,Monchengladbach,Monchengladbach,Monchengladbach,Monchengladbach,Monchengladbach,Monchengladbach,Monchengladbach,Monchengladbach,Monchengladbach,Monchengladbach,Monchengladbach,Monchengladbach,Monchengladbach,Monchengladbach,Monchengladbach,Monchengladbach,Monchengladbach,Monchengladbach,Monchengladbach,Monchengladbach,Monchengladbach,Monchengladbach,Monchengladbach,Monchengladbach,Monchengladbach,Monchengladbach,Monchengladbach,Monchengladbach,Monchengladbach,Monchengladbach,Monchengladbach,Monchengladbach,Monchengladbach,Monchengladbach,Monchengladbach,Monchengladbach,Monchengladbach,Monchengladbach,Monchengladbach,Monchengladbach,Monchengladbach,Monchengladbach,Monchengladbach,Monchengladbach,Monchengladbach,Monchengladbach,Monchengladbach,Monchengladbach,Monchengladbach,Monchengladbach,Monchengladbach,Monchengladbach,Monchengladbach,Monchengladbach,Monchengladbach,Monchengladbach,Monchengladbach,Monchengladbach,Monchengladbach,Monchengladbach,Monchengladbach,Monchengladbach,Monchengladbach,Monchengladbach,Monchengladbach,Monchengladbach,Monchengladbach,Monchengladbach,Monchengladbach,Monchengladbach,Monchengladbach,Monchengladbach,Monchengladbach,Monchengladbach,Monchengladbach,Monchengladbach,Monchengladbach,Monchengladbach,Monchengladbach,Monchengladbach,Monchengladbach,Monchengladbach,Monchengladbach,Monchengladbach,Monchengladbach,Monchengladbach,Monchengladbach,Monchengladbach,Monchengladbach,Monchengladbach,Monchengladbach,Monchengladbach,Monchengladbach,Monchengladbach,Monchengladbach,Monchengladbach,Monchengladbach,Monchengladbach,Monchengladbach,Monchengladbach,Monchengladbach,Monchengladbach,Monchengladbach,Monchengladbach,Monchengladbach,Monchengladbach,Monchengladbach,Monchengladbach,Monchengladbach,Monchengladbach,Monchengladbach,Monchengladbach,Monchengladbach,Monchengladbach,Monchengladbach,Monchengladbach,Monchengladbach,Monchengladbach,Monchengladbach,Monchengladbach,Monchengladbach,Monchengladbach,Monchengladbach,Monchengladbach,Monchengladbach,Monchengladbach,Monchengladbach,Monchengladbach,Monchengladbach,Monchengladbach,Monchengladbach,Monchengladbach,Monchengladbach,Monchengladbach,Monchengladbach,Monchengladbach,Monchengladbach,Monchengladbach,Monchengladbach,Monchengladbach,Monchengladbach,Monchengladbach,Monchengladbach,Monchengladbach,Monchengladbach,Monchengladbach,Monchengladbach,Monchengladbach,Monchengladbach,Monchengladbach,Monchengladbach,Monchengladbach,Monchengladbach,Monchengladbach,Monchengladbach,Monchengladbach,Monchengladbach,Monchengladbach,Monchengladbach,Monchengladbach,Monchengladbach,Monchengladbach,Monchengladbach,Monchengladbach,Monchengladbach,Monchengladbach,Monchengladbach,Monchengladbach,Monchengladbach,Monchengladbach,Monchengladbach,Monchengladbach,Monchengladbach,Monchengladbach,Monchengladbach,Monchengladbach,Monchengladbach,Monchengladbach,Monchengladbach,Monchengladbach,Monchengladbach,Monchengladbach,Monchengladbach,Monchengladbach,Monchengladbach,Monchengladbach,Monchengladbach,Monchengladbach,Monchengladbach,Monchengladbach,Monchengladbach,Monchengladbach,Monchengladbach,Monchengladbach,Monchengladbach,Monchengladbach,Monchengladbach,Monchengladbach,Monchengladbach,Monchengladbach,Monchengladbach,Monchengladbach,Monchengladbach,Monchengladbach,Monchengladbach,Monchengladbach,Monchengladbach,Monchengladbach,Monchengladbach,Monchengladbach,Monchengladbach,Monchengladbach,Monchengladbach,Monchengladbach,Monchengladbach,Monchengladbach,Monchengladbach,Monchengladbach,Monchengladbach,Monchengladbach,Monchengladbach,Monchengladbach,Monchengladbach,Monchengladbach,Monchengladbach,Monchengladbach,Monchengladbach,Monchengladbach,Monchengladbach,Monchengladbach,Monchengladbach,Monchengladbach,Monchengladbach,Monchengladbach,Monchengladbach,Monchengladbach,Monchengladbach,Monchengladbach,Monchengladbach,Monchengladbach,Monchengladbach,Monchengladbach,Monchengladbach,Monchengladbach,Monchengladbach,Monchengladbach,Monchengladbach,Monchengladbach,Monchengladbach,Monchengladbach,Monchengladbach,Monchengladbach,Monchengladbach,Monchengladbach,Monchengladbach,Monchengladbach,Monchengladbach,Monchengladbach,Monchengladbach,Monchengladbach,Monchengladbach,Monchengladbach,Monchengladbach,Monchengladbach,Monchengladbach,Monchengladbach,Monchengladbach,Monchengladbach,Monchengladbach,Monchengladbach,Monchengladbach,Monchengladbach,Monchengladbach,Monchengladbach,Monchengladbach,Monchengladbach,Monchengladbach,Monchengladbach,Monchengladbach,Monchengladbach,Monchengladbach,Monchengladbach,Monchengladbach,Monchengladbach,Monchengladbach,Monchengladbach,Monchengladbach,Monchengladbach,Monchengladbach,Monchengladbach,Monchengladbach,Monchengladbach,Monchengladbach,Monchengladbach,Monchengladbach,Monchengladbach,Monchengladbach,Monchengladbach,Monchengladbach,Monchengladbach,Monchengladbach,Monchengladbach,Monchengladbach,Monchengladbach,Monchengladbach,Monchengladbach,Monchengladbach,Monchengladbach,Monchengladbach,Monchengladbach,Monchengladbach,Monchengladbach,Monchengladbach,Monchengladbach,Monchengladbach,Monchengladbach,Monchengladbach,Monchengladbach,Monchengladbach,Monchengladbach,Monchengladbach,Monchengladbach,Monchengladbach,Monchengladbach,Monchengladbach,Monchengladbach,Monchengladbach,Monchengladbach,Monchengladbach,Monchengladbach,Monchengladbach,Monchengladbach,Monchengladbach,Monchengladbach,Monchengladbach,Monchengladbach,Monchengladbach,Monchengladbach,Monchengladbach,Monchengladbach,Monchengladbach,Monchengladbach,Monchengladbach,Monchengladbach,Monchengladbach,Monchengladbach,Monchengladbach,Monchengladbach,Monchengladbach,Monchengladbach,Monchengladbach,Monchengladbach,Monchengladbach,Monchengladbach,Monchengladbach,Monchengladbach,Monchengladbach,Monchengladbach,Monchengladbach,Monchengladbach,Monchengladbach,Monchengladbach,Monchengladbach,Monchengladbach,Monchengladbach,Monchengladbach,Monchengladbach,Monchengladbach,Monchengladbach,Monchengladbach,Monchengladbach,Monchengladbach,Monchengladbach,Monchengladbach,Monchengladbach,Monchengladbach,Monchengladbach,Monchengladbach,Monchengladbach,Monchengladbach,Monchengladbach,Monchengladbach,Monchengladbach,Monchengladbach,Monchengladbach,Monchengladbach,Monchengladbach,Monchengladbach,Monchengladbach,Monchengladbach,Monchengladbach,Monchengladbach,Monchengladbach,Monchengladbach,Monchengladbach,Monchengladbach,Monchengladbach,Monchengladbach,Monchengladbach,Monchengladbach,Monchengladbach,Monchengladbach,Monchengladbach,Monchengladbach,Monchengladbach,Monchengladbach,Monchengladbach,Monchengladbach,Monchengladbach,Monchengladbach,Monchengladbach,Monchengladbach,Monchengladbach,Monchengladbach,Monchengladbach,Monchengladbach,Monchengladbach,Monchengladbach,Monchengladbach,Monchengladbach,Monchengladbach,Monchengladbach,Monchengladbach,Monchengladbach,Monchengladbach,Monchengladbach,Monchengladbach,Monchengladbach,Monchengladbach,Monchengladbach,Monchengladbach,Monchengladbach,Monchengladbach,Monchengladbach,Monchengladbach,Monchengladbach,Monchengladbach,Monchengladbach,Monchengladbach,Monchengladbach,Monchengladbach,Monchengladbach,Monchengladbach,Monchengladbach,Monchengladbach,Monchengladbach,Monchengladbach,Monchengladbach,Monchengladbach,Monchengladbach,Monchengladbach,Monchengladbach,Monchengladbach,Monchengladbach,Monchengladbach,Monchengladbach,Monchengladbach,Monchengladbach,Monchengladbach,Monchengladbach,Monchengladbach,Monchengladbach,Monchengladbach,Monchengladbach,Monchengladbach,Monchengladbach,Monchengladbach,Monchengladbach,Monchengladbach,Monchengladbach,Monchengladbach,Monchengladbach,Monchengladbach,Monchengladbach,Monchengladbach,Monchengladbach,Monchengladbach,Monchengladbach,Monchengladbach,Monchengladbach,Monchengladbach,Monchengladbach,Monchengladbach,Monchengladbach,Monchengladbach,Monchengladbach,Monchengladbach,Monchengladbach,Monchengladbach,Monchengladbach,Monchengladbach,Monchengladbach,Monchengladbach,Monchengladbach,Monchengladbach,Monchengladbach,Monchengladbach,Monchengladbach,Monchengladbach,Monchengladbach,Monchengladbach,Monchengladbach,Monchengladbach,Monchengladbach,Monchengladbach,Monchengladbach,Monchengladbach,Monchengladbach,Monchengladbach,Monchengladbach,Monchengladbach,Monchengladbach,Monchengladbach,Monchengladbach,Monchengladbach,Monchengladbach,Monchengladbach,Monchengladbach,Monchengladbach,Monchengladbach,Monchengladbach,Monchengladbach,Monchengladbach,Monchengladbach,Monchengladbach,Monchengladbach,Monchengladbach,Monchengladbach,Monchengladbach,Monchengladbach,Monchengladbach,Monchengladbach,Monchengladbach,Monchengladbach,Monchengladbach,Monchengladbach,Monchengladbach,Monchengladbach,Monchengladbach,Monchengladbach,Monchengladbach,Monchengladbach,Monchengladbach,Monchengladbach,Monchengladbach,Monchengladbach,Monchengladbach,Monchengladbach,Monchengladbach,Monchengladbach,Monchengladbach,Monchengladbach,Monchengladbach,Monchengladbach,Monchengladbach,Monchengladbach,Monchengladbach,Monchengladbach,Monchengladbach,Monchengladbach,Monchengladbach,Monchengladbach,Monchengladbach,Monchengladbach,Monchengladbach,Monchengladbach,Monchengladbach,Monchengladbach,Monchengladbach,Monchengladbach,Monchengladbach,Monchengladbach,Monchengladbach,Monchengladbach,Monchengladbach,Monchengladbach,Monchengladbach,Monchengladbach,Monchengladbach,Monchengladbach,Monchengladbach,Monchengladbach,Monchengladbach,Monchengladbach,Monchengladbach,Monchengladbach,Monchengladbach,Monchengladbach,Monchengladbach,Monchengladbach,Monchengladbach,Monchengladbach,Monchengladbach,Monchengladbach,Monchengladbach,Monchengladbach,Monchengladbach,Monchengladbach,Monchengladbach,Monchengladbach,Monchengladbach,Monchengladbach,Monchengladbach,Monchengladbach,Monchengladbach,Monchengladbach,Monchengladbach,Monchengladbach,Monchengladbach,Monchengladbach,Monchengladbach,Monchengladbach,Monchengladbach,Monchengladbach,Monchengladbach,Monchengladbach,Monchengladbach,Monchengladbach,Monchengladbach,Monchengladbach,Monchengladbach,Monchengladbach,Monchengladbach,Monchengladbach,Monchengladbach,Monchengladbach,Monchengladbach,Monchengladbach,Monchengladbach,Monchengladbach,Monchengladbach,Monchengladbach,Monchengladbach,Monchengladbach,Monchengladbach,Monchengladbach,Monchengladbach,Monchengladbach,Monchengladbach,Monchengladbach,Monchengladbach,Monchengladbach,Monchengladbach,Monchengladbach,Monchengladbach,Monchengladbach,Monchengladbach,Monchengladbach,Monchengladbach,Monchengladbach,Monchengladbach,Monchengladbach,Monchengladbach,Monchengladbach,Monchengladbach,Monchengladbach,Monchengladbach,Monchengladbach,Monchengladbach,Monchengladbach,Monchengladbach,Monchengladbach,Monchengladbach,Monchengladbach,Monchengladbach,Monchengladbach,Monchengladbach,Monchengladbach,Monchengladbach,Monchengladbach,Monchengladbach,Monchengladbach,Monchengladbach,Monchengladbach,Monchengladbach,Monchengladbach,Monchengladbach,Monchengladbach,Monchengladbach,Monchengladbach,Monchengladbach,Monchengladbach,Monchengladbach,Monchengladbach,Monchengladbach,Monchengladbach,Monchengladbach,Monchengladbach,Monchengladbach,Monchengladbach,Monchengladbach,Monchengladbach,Monchengladbach,Monchengladbach,Monchengladbach,Monchengladbach,Monchengladbach,Monchengladbach,Monchengladbach,Monchengladbach,Monchengladbach,Monchengladbach,Monchengladbach,Monchengladbach,Monchengladbach,Monchengladbach,Monchengladbach,Monchengladbach,Monchengladbach,Monchengladbach,Monchengladbach,Monchengladbach,Monchengladbach,Monchengladbach,Monchengladbach,Monchengladbach,Monchengladbach,Monchengladbach,Monchengladbach,Monchengladbach,Monchengladbach,Monchengladbach,Monchengladbach,Monchengladbach,Monchengladbach,Monchengladbach,Monchengladbach,Monchengladbach,Monchengladbach,Monchengladbach,Monchengladbach,Monchengladbach,Monchengladbach,Monchengladbach,Monchengladbach,Monchengladbach,Monchengladbach,Monchengladbach,Monchengladbach,Monchengladbach,Monchengladbach,Monchengladbach,Monchengladbach,Monchengladbach,Monchengladbach,Monchengladbach,Monchengladbach,Monchengladbach,Monchengladbach,Monchengladbach,Monchengladbach,Monchengladbach,Monchengladbach,Monchengladbach,Monchengladbach,Monchengladbach,Monchengladbach,Monchengladbach,Monchengladbach,Monchengladbach,Monchengladbach,Monchengladbach,Monchengladbach,Monchengladbach,Monchengladbach,Monchengladbach,Monchengladbach,Monchengladbach,Monchengladbach,Monchengladbach,Monchengladbach,Monchengladbach,Monchengladbach,Monchengladbach,Monchengladbach,Monchengladbach,Monchengladbach,Monchengladbach,Monchengladbach,Monchengladbach,Monchengladbach,Monchengladbach,Monchengladbach,Monchengladbach,Monchengladbach,Monchengladbach,Monchengladbach,Monchengladbach,Monchengladbach,Monchengladbach,Monchengladbach,Monchengladbach,Monchengladbach,Monchengladbach,Monchengladbach,Monchengladbach,Monchengladbach,Monchengladbach,Monchengladbach,Monchengladbach,Monchengladbach,Monchengladbach,Monchengladbach,Monchengladbach,Monchengladbach,Monchengladbach,Monchengladbach,Monchengladbach,Monchengladbach,Monchengladbach,Monchengladbach,Monchengladbach,Monchengladbach,Monchengladbach,Monchengladbach,Monchengladbach,Monchengladbach,Monchengladbach,Monchengladbach,Monchengladbach,Monchengladbach,Monchengladbach,Monchengladbach,Monchengladbach,Monchengladbach,Monchengladbach,Monchengladbach,Monchengladbach,Monchengladbach,Monchengladbach,Monchengladbach,Monchengladbach,Monchengladbach,Monchengladbach,Monchengladbach,Monchengladbach,Monchengladbach,Monchengladbach,Monchengladbach,Monchengladbach,Monchengladbach,Monchengladbach,Monchengladbach,Monchengladbach,Monchengladbach,Monchengladbach,Monchengladbach,Monchengladbach,Monchengladbach,Monchengladbach,Monchengladbach,Monchengladbach,Monchengladbach,Monchengladbach,Monchengladbach,Monchengladbach,Monchengladbach,Monchengladbach,Monchengladbach,Monchengladbach,Monchengladbach,Monchengladbach,Monchengladbach,Monchengladbach,Monchengladbach,Monchengladbach,Monchengladbach,Monchengladbach,Monchengladbach,Monchengladbach,Monchengladbach,Monchengladbach,Monchengladbach,Monchengladbach,Monchengladbach,Monchengladbach,Monchengladbach,Monchengladbach,Monchengladbach,Monchengladbach,Monchengladbach,Monchengladbach,Monchengladbach,Monchengladbach,Monchengladbach,Monchengladbach,Monchengladbach,Monchengladbach,Monchengladbach,Monchengladbach,Monchengladbach,Monchengladbach,Monchengladbach,Monchengladbach,Monchengladbach,Monchengladbach,Monchengladbach,Monchengladbach,Monchengladbach,Monchengladbach,Monchengladbach,Monchengladbach,Monchengladbach,Monchengladbach,Monchengladbach,Monchengladbach,Monchengladbach,Monchengladbach,Monchengladbach,Monchengladbach,Monchengladbach,Monchengladbach,Monchengladbach,Monchengladbach,Monchengladbach,Monchengladbach,Monchengladbach,Monchengladbach,Monchengladbach,Monchengladbach,Monchengladbach,Monchengladbach,Monchengladbach,Monchengladbach,Monchengladbach,Monchengladbach,Monchengladbach,Monchengladbach,Monchengladbach,Monchengladbach,Monchengladbach,Monchengladbach,Monchengladbach,Monchengladbach,Monchengladbach,Monchengladbach,Monchengladbach,Monchengladbach,Monchengladbach,Monchengladbach,Monchengladbach,Monchengladbach,Monchengladbach,Monchengladbach,Monchengladbach,Monchengladbach,Monchengladbach,Monchengladbach,Monchengladbach,Monchengladbach,Monchengladbach,Monchengladbach,Monchengladbach,Monchengladbach,Monchengladbach,Monchengladbach,Monchengladbach,Monchengladbach,Monchengladbach,Monchengladbach,Monchengladbach,Monchengladbach,Monchengladbach,Monchengladbach,Monchengladbach,Monchengladbach,Monchengladbach,Monchengladbach,Monchengladbach,Monchengladbach,Monchengladbach,Monchengladbach,Monchengladbach,Monchengladbach,Monchengladbach,Monchengladbach,Monchengladbach,Monchengladbach,Monchengladbach,Monchengladbach,Monchengladbach,Monchengladbach,Monchengladbach,Monchengladbach,Monchengladbach,Monchengladbach,Monchengladbach,Monchengladbach,Monchengladbach,Monchengladbach,Monchengladbach,Monchengladbach,Monchengladbach,Monchengladbach,Monchengladbach,Monchengladbach,Monchengladbach,Monchengladbach,Monchengladbach,Monchengladbach,Monchengladbach,Monchengladbach,Monchengladbach,Monchengladbach,Monchengladbach,Monchengladbach,Monchengladbach,Monchengladbach,Monchengladbach,Monchengladbach,Monchengladbach,Monchengladbach,Monchengladbach,Monchengladbach,Monchengladbach,Monchengladbach,Monchengladbach,Monchengladbach,Monchengladbach,Monchengladbach,Monchengladbach,Monchengladbach,Monchengladbach,Monchengladbach,Monchengladbach,Monchengladbach,Monchengladbach,Monchengladbach,Monchengladbach,Monchengladbach,Monchengladbach,Monchengladbach,Monchengladbach,Monchengladbach,Monchengladbach,Monchengladbach,Monchengladbach,Monchengladbach,Monchengladbach,Monchengladbach,Monchengladbach,Monchengladbach,Monchengladbach,Monchengladbach,Monchengladbach,Monchengladbach,Monchengladbach,Monchengladbach,Monchengladbach,Monchengladbach,Monchengladbach,Monchengladbach,Monchengladbach,Monchengladbach,Monchengladbach,Monchengladbach,Monchengladbach,Monchengladbach,Monchengladbach,Monchengladbach,Monchengladbach,Monchengladbach,Monchengladbach,Monchengladbach,Monchengladbach,Monchengladbach,Monchengladbach,Monchengladbach,Monchengladbach,Monchengladbach,Monchengladbach,Monchengladbach,Monchengladbach,Monchengladbach,Monchengladbach,Monchengladbach,Monchengladbach,Monchengladbach,Monchengladbach,Monchengladbach,Monchengladbach,Monchengladbach,Monchengladbach,Monchengladbach,Monchengladbach,Monchengladbach,Monchengladbach,Monchengladbach,Monchengladbach,Monchengladbach,Monchengladbach,Monchengladbach,Monchengladbach,Monchengladbach,Monchengladbach,Monchengladbach,Monchengladbach,Monchengladbach,Monchengladbach,Monchengladbach,Monchengladbach,Monchengladbach,Monchengladbach,Monchengladbach,Monchengladbach,Monchengladbach,Monchengladbach,Monchengladbach,Monchengladbach,Monchengladbach,Monchengladbach,Monchengladbach,Monchengladbach,Monchengladbach,Monchengladbach,Monchengladbach,Monchengladbach,Monchengladbach,Monchengladbach,Monchengladbach,Monchengladbach,Monchengladbach,Monchengladbach,Monchengladbach,Monchengladbach,Monchengladbach,Monchengladbach,Monchengladbach,Monchengladbach,Monchengladbach,Monchengladbach,Monchengladbach,Monchengladbach,Monchengladbach,Monchengladbach,Monchengladbach,Monchengladbach,Monchengladbach,Monchengladbach,Monchengladbach,Monchengladbach,Monchengladbach,Monchengladbach,Monchengladbach,Monchengladbach,Monchengladbach,Monchengladbach,Monchengladbach,Monchengladbach,Monchengladbach,Monchengladbach,Monchengladbach,Monchengladbach,Monchengladbach,Monchengladbach,Monchengladbach,Monchengladbach,Monchengladbach,Monchengladbach,Monchengladbach,Monchengladbach,Monchengladbach,Monchengladbach,Monchengladbach,Monchengladbach,Monchengladbach,Monchengladbach,Monchengladbach,Monchengladbach,Monchengladbach,Monchengladbach,Monchengladbach,Monchengladbach,Monchengladbach,Monchengladbach,Monchengladbach,Monchengladbach,Monchengladbach,Monchengladbach,Monchengladbach,Monchengladbach,Monchengladbach,Monchengladbach,Monchengladbach,Monchengladbach,Monchengladbach,Monchengladbach,Monchengladbach,Monchengladbach,Monchengladbach,Monchengladbach,Monchengladbach,Monchengladbach,Monchengladbach,Monchengladbach,Monchengladbach,Monchengladbach,Monchengladbach,Monchengladbach,Monchengladbach,Monchengladbach,Monchengladbach,Monchengladbach,Monchengladbach,Monchengladbach,Monchengladbach,Monchengladbach,Monchengladbach,Monchengladbach,Monchengladbach,Monchengladbach,Monchengladbach,Monchengladbach,Monchengladbach,Monchengladbach,Monchengladbach,Monchengladbach,Monchengladbach,Monchengladbach,Monchengladbach,Monchengladbach,Monchengladbach,Monchengladbach,Monchengladbach,Monchengladbach,Monchengladbach,Monchengladbach,Monchengladbach,Monchengladbach,Monchengladbach,Monchengladbach,Monchengladbach,Monchengladbach,Monchengladbach,Monchengladbach,Monchengladbach,Monchengladbach,Monchengladbach,Monchengladbach,Monchengladbach,Monchengladbach,Monchengladbach,Monchengladbach,Monchengladbach,Monchengladbach,Monchengladbach,Monchengladbach,Monchengladbach,Monchengladbach,Monchengladbach,Monchengladbach,Monchengladbach,Monchengladbach,Monchengladbach,Monchengladbach,Monchengladbach,Monchengladbach,Monchengladbach,Monchengladbach,Monchengladbach,Monchengladbach,Monchengladbach,Monchengladbach,Monchengladbach,Monchengladbach,Monchengladbach,Monchengladbach,Monchengladbach,Monchengladbach,Monchengladbach,Monchengladbach,Monchengladbach,Monchengladbach,Monchengladbach,Monchengladbach,Monchengladbach,Monchengladbach,Monchengladbach,Monchengladbach,Monchengladbach,Monchengladbach,Monchengladbach,Monchengladbach,Monchengladbach,Monchengladbach,Monchengladbach,Monchengladbach,Monchengladbach,Monchengladbach,Monchengladbach,Monchengladbach,Monchengladbach,Monchengladbach,Monchengladbach,Monchengladbach,Monchengladbach,Monchengladbach,Monchengladbach,Monchengladbach,Monchengladbach,Monchengladbach,Monchengladbach,Monchengladbach,Monchengladbach,Monchengladbach,Monchengladbach,Monchengladbach,Monchengladbach,Monchengladbach,Monchengladbach,Monchengladbach,Monchengladbach,Monchengladbach,Monchengladbach,Monchengladbach,Monchengladbach,Monchengladbach,Monchengladbach,Monchengladbach,Monchengladbach,Monchengladbach,Monchengladbach,Monchengladbach,Monchengladbach,Monchengladbach,Monchengladbach,Monchengladbach,Monchengladbach,Monchengladbach,Monchengladbach,Monchengladbach,Monchengladbach,Monchengladbach,Monchengladbach,Monchengladbach,Monchengladbach,Monchengladbach,Monchengladbach,Monchengladbach,Monchengladbach,Monchengladbach,Monchengladbach,Monchengladbach,Monchengladbach,Monchengladbach,Monchengladbach,Monchengladbach,Monchengladbach,Monchengladbach,Monchengladbach,Monchengladbach,Monchengladbach,Monchengladbach,Monchengladbach,Monchengladbach,Monchengladbach,Monchengladbach,Monchengladbach,Monchengladbach,Monchengladbach,Monchengladbach,Monchengladbach,Monchengladbach,Monchengladbach,Monchengladbach,Monchengladbach,Monchengladbach,Monchengladbach,Monchengladbach,Monchengladbach,Monchengladbach,Monchengladbach,Monchengladbach,Monchengladbach,Monchengladbach,Monchengladbach,Monchengladbach,Monchengladbach,Monchengladbach,Monchengladbach,Monchengladbach,Monchengladbach,Monchengladbach,Monchengladbach,Monchengladbach,Monchengladbach,Monchengladbach,Monchengladbach,Monchengladbach,Monchengladbach,Monchengladbach,Monchengladbach,Monchengladbach,Monchengladbach,Monchengladbach,Monchengladbach,Monchengladbach,Monchengladbach,Monchengladbach,Monchengladbach,Monchengladbach,Monchengladbach,Monchengladbach,Monchengladbach,Monchengladbach,Monchengladbach,Monchengladbach,Monchengladbach,Monchengladbach,Monchengladbach,Monchengladbach,Monchengladbach,Monchengladbach,Monchengladbach,Monchengladbach,Monchengladbach,Monchengladbach,Monchengladbach,Monchengladbach,Monchengladbach,Monchengladbach,Monchengladbach,Monchengladbach,Monchengladbach,Monchengladbach,Monchengladbach,Monchengladbach,Monchengladbach,Monchengladbach,Monchengladbach,Monchengladbach,Monchengladbach,Monchengladbach,Monchengladbach,Monchengladbach,Monchengladbach,Monchengladbach,Monchengladbach,Monchengladbach,Monchengladbach,Monchengladbach,Monchengladbach,Monchengladbach,Monchengladbach,Monchengladbach,Monchengladbach,Monchengladbach,Monchengladbach,Monchengladbach,Monchengladbach,Monchengladbach,Monchengladbach,Monchengladbach,Monchengladbach,Monchengladbach,Monchengladbach,Monchengladbach,Monchengladbach,Monchengladbach,Monchengladbach,Monchengladbach,Monchengladbach,Monchengladbach,Monchengladbach,Monchengladbach,Monchengladbach,Monchengladbach,Monchengladbach,Monchengladbach,Monchengladbach,Monchengladbach,Monchengladbach,Monchengladbach,Monchengladbach,Monchengladbach,Monchengladbach,Monchengladbach,Monchengladbach,Monchengladbach,Monchengladbach,Monchengladbach,Monchengladbach,Monchengladbach,Monchengladbach,Monchengladbach,Monchengladbach,Monchengladbach,Monchengladbach,Monchengladbach,Monchengladbach,Monchengladbach,Monchengladbach,Monchengladbach,Monchengladbach,Monchengladbach,Monchengladbach,Monchengladbach,Monchengladbach,Monchengladbach,Monchengladbach,Monchengladbach,Monchengladbach,Monchengladbach,Monchengladbach,Monchengladbach,Monchengladbach,Monchengladbach,Monchengladbach,Monchengladbach,Monchengladbach,Monchengladbach,Monchengladbach,Monchengladbach,Monchengladbach,Monchengladbach,Monchengladbach,Monchengladbach,Monchengladbach,Monchengladbach,Monchengladbach,Monchengladbach,Monchengladbach,Monchengladbach,Monchengladbach,Monchengladbach,Monchengladbach,Monchengladbach,Monchengladbach,Monchengladbach,Monchengladbach,Monchengladbach,Monchengladbach,Monchengladbach,Monchengladbach,Monchengladbach,Monchengladbach,Monchengladbach,Monchengladbach,Monchengladbach,Monchengladbach,Monchengladbach,Monchengladbach,Monchengladbach,Monchengladbach,Monchengladbach,Monchengladbach,Monchengladbach,Monchengladbach,Monchengladbach,Monchengladbach,Monchengladbach,Monchengladbach,Monchengladbach,Monchengladbach,Monchengladbach,Monchengladbach,Monchengladbach,Monchengladbach,Monchengladbach,Monchengladbach,Monchengladbach,Monchengladbach,Monchengladbach,Monchengladbach,Monchengladbach,Monchengladbach,Monchengladbach,Monchengladbach,Monchengladbach,Monchengladbach,Monchengladbach,Monchengladbach,Monchengladbach,Monchengladbach,Monchengladbach,Monchengladbach,Monchengladbach,Monchengladbach,Monchengladbach,Monchengladbach,Monchengladbach,Monchengladbach,Monchengladbach,Monchengladbach,Monchengladbach,Monchengladbach,Monchengladbach,Monchengladbach,Monchengladbach,Monchengladbach,Monchengladbach,Monchengladbach,Monchengladbach,Monchengladbach,Monchengladbach,Monchengladbach,Monchengladbach,Monchengladbach,Monchengladbach,Monchengladbach,Monchengladbach,Monchengladbach,Monchengladbach,Monchengladbach,Monchengladbach,Monchengladbach,Monchengladbach,Monchengladbach,Monchengladbach,Monchengladbach,Monchengladbach,Monchengladbach,Monchengladbach,Monchengladbach,Monchengladbach,Monchengladbach,Monchengladbach,Monchengladbach,Monchengladbach,Monchengladbach,Monchengladbach,Monchengladbach,Monchengladbach,Monchengladbach,Monchengladbach,Monchengladbach,Monchengladbach,Monchengladbach,Monchengladbach,Monchengladbach,Monchengladbach,Monchengladbach,Monchengladbach,Monchengladbach,Monchengladbach,Monchengladbach,Monchengladbach,Monchengladbach,Monchengladbach,Monchengladbach,Monchengladbach,Monchengladbach,Monchengladbach,Monchengladbach,Monchengladbach,Monchengladbach,Monchengladbach,Monchengladbach,Monchengladbach,Monchengladbach,Monchengladbach,Monchengladbach,Monchengladbach,Monchengladbach,Monchengladbach,Monchengladbach,Monchengladbach,Monchengladbach,Monchengladbach,Monchengladbach,Monchengladbach,Monchengladbach,Monchengladbach,Monchengladbach,Monchengladbach,Monchengladbach,Monchengladbach,Monchengladbach,Monchengladbach,Monchengladbach,Monchengladbach,Monchengladbach,Monchengladbach,Monchengladbach,Monchengladbach,Monchengladbach,Monchengladbach,Monchengladbach,Monchengladbach,Monchengladbach,Monchengladbach,Monchengladbach,Monchengladbach,Monchengladbach,Monchengladbach,Monchengladbach,Monchengladbach,Monchengladbach,Monchengladbach,Monchengladbach,Monchengladbach,Monchengladbach,Monchengladbach,Monchengladbach,Monchengladbach,Monchengladbach,Monchengladbach,Monchengladbach,Monchengladbach,Monchengladbach,Monchengladbach,Monchengladbach,Monchengladbach,Monchengladbach,Monchengladbach,Monchengladbach,Monchengladbach,Monchengladbach,Monchengladbach,Monchengladbach,Monchengladbach,Monchengladbach,Monchengladbach,Monchengladbach,Monchengladbach,Monchengladbach,Monchengladbach,Monchengladbach,Monchengladbach,Monchengladbach,Monchengladbach,Monchengladbach,Monchengladbach,Monchengladbach,Monchengladbach,Monchengladbach,Monchengladbach,Monchengladbach,Monchengladbach,Monchengladbach,Monchengladbach,Monchengladbach,Monchengladbach,Monchengladbach,Monchengladbach,Monchengladbach,Monchengladbach,Monchengladbach,Monchengladbach,Monchengladbach,Monchengladbach,Monchengladbach,Monchengladbach,Monchengladbach,Monchengladbach,Monchengladbach,Monchengladbach,Monchengladbach,Monchengladbach,Monchengladbach,Monchengladbach,Monchengladbach,Monchengladbach,Monchengladbach,Monchengladbach,Monchengladbach,Monchengladbach,Monchengladbach,Monchengladbach,Monchengladbach,Monchengladbach,Monchengladbach,Monchengladbach,Monchengladbach,Monchengladbach,Monchengladbach,Monchengladbach,Monchengladbach,Monchengladbach,Monchengladbach,Monchengladbach,Monchengladbach,Monchengladbach,Monchengladbach,Monchengladbach,Monchengladbach,Monchengladbach,Monchengladbach,Monchengladbach,Monchengladbach,Monchengladbach,Monchengladbach,Monchengladbach,Monchengladbach,Monchengladbach,Monchengladbach,Monchengladbach,Monchengladbach,Monchengladbach,Monchengladbach,Monchengladbach,Monchengladbach,Monchengladbach,Monchengladbach,Monchengladbach,Monchengladbach,Monchengladbach,Monchengladbach,Monchengladbach,Monchengladbach,Monchengladbach,Monchengladbach,Monchengladbach,Monchengladbach,Monchengladbach,Monchengladbach,Monchengladbach,Monchengladbach,Monchengladbach,Monchengladbach,Monchengladbach,Monchengladbach,Monchengladbach,Monchengladbach,Monchengladbach,Monchengladbach,Monchengladbach,Monchengladbach,Monchengladbach,Monchengladbach,Monchengladbach,Monchengladbach,Monchengladbach,Monchengladbach,Monchengladbach,Monchengladbach,Monchengladbach,Monchengladbach,Monchengladbach,Monchengladbach,Monchengladbach,Monchengladbach,Monchengladbach,Monchengladbach,Monchengladbach,Monchengladbach,Monchengladbach,Monchengladbach,Monchengladbach,Monchengladbach,Monchengladbach,Monchengladbach,Monchengladbach,Monchengladbach,Monchengladbach,Monchengladbach,Monchengladbach,Monchengladbach,Monchengladbach,Monchengladbach,Monchengladbach,Monchengladbach,Monchengladbach,Monchengladbach,Monchengladbach,Monchengladbach,Monchengladbach,Monchengladbach,Monchengladbach,Monchengladbach,Monchengladbach,Monchengladbach,Monchengladbach,Monchengladbach,Monchengladbach,Monchengladbach,Monchengladbach,Monchengladbach,Monchengladbach,Monchengladbach,Monchengladbach,Monchengladbach,Monchengladbach,Monchengladbach,Monchengladbach,Monchengladbach,Monchengladbach,Monchengladbach,Monchengladbach,Monchengladbach,Monchengladbach,Monchengladbach,Monchengladbach,Monchengladbach,Monchengladbach,Monchengladbach,Monchengladbach,Monchengladbach,Monchengladbach,Monchengladbach,Monchengladbach,Monchengladbach,Monchengladbach,Monchengladbach,Monchengladbach,Monchengladbach,Monchengladbach,Monchengladbach,Monchengladbach,Monchengladbach,Monchengladbach,Monchengladbach,Monchengladbach,Monchengladbach,Monchengladbach,Monchengladbach,Monchengladbach,Monchengladbach,Monchengladbach,Monchengladbach,Monchengladbach,Monchengladbach,Monchengladbach,Monchengladbach,Monchengladbach,Monchengladbach,Monchengladbach,Monchengladbach,Monchengladbach,Monchengladbach,Monchengladbach,Monchengladbach,Monchengladbach,Monchengladbach,Monchengladbach,Monchengladbach,Monchengladbach,Monchengladbach,Monchengladbach,Monchengladbach,Monchengladbach,Monchengladbach,Monchengladbach,Monchengladbach,Monchengladbach,Monchengladbach,Monchengladbach,Monchengladbach,Monchengladbach,Monchengladbach,Monchengladbach,Monchengladbach,Monchengladbach,Monchengladbach,Monchengladbach,Monchengladbach,Monchengladbach,Monchengladbach,Monchengladbach,Monchengladbach,Monchengladbach,Monchengladbach,Monchengladbach,Monchengladbach,Monchengladbach,Monchengladbach,Monchengladbach,Monchengladbach,Monchengladbach,Monchengladbach,Monchengladbach,Monchengladbach,Monchengladbach,Monchengladbach,Monchengladbach,Monchengladbach,Monchengladbach,Monchengladbach,Monchengladbach,Monchengladbach,Monchengladbach,Monchengladbach,Monchengladbach,Monchengladbach,Monchengladbach,Monchengladbach,Monchengladbach,Monchengladbach,Monchengladbach,Monchengladbach,Monchengladbach,Monchengladbach,Monchengladbach,Monchengladbach,Monchengladbach,Monchengladbach,Monchengladbach,Monchengladbach,Monchengladbach,Monchengladbach,Monchengladbach,Monchengladbach,Monchengladbach,Monchengladbach,Monchengladbach,Monchengladbach,Monchengladbach,Monchengladbach,Monchengladbach,Monchengladbach,Monchengladbach,Monchengladbach,Monchengladbach,Monchengladbach,Monchengladbach,Monchengladbach,Monchengladbach,Monchengladbach,Monchengladbach,Monchengladbach,Monchengladbach,Monchengladbach,Monchengladbach,Monchengladbach,Monchengladbach,Monchengladbach,Monchengladbach,Monchengladbach,Monchengladbach,Monchengladbach,Monchengladbach,Monchengladbach,Monchengladbach,Monchengladbach,Monchengladbach,Monchengladbach,Monchengladbach,Monchengladbach,Monchengladbach,Monchengladbach,Monchengladbach,Monchengladbach,Monchengladbach,Monchengladbach,Monchengladbach,Monchengladbach,Monchengladbach,Monchengladbach,Monchengladbach,Monchengladbach,Monchengladbach,Monchengladbach,Monchengladbach,Monchengladbach,Monchengladbach,Monchengladbach,Monchengladbach,Monchengladbach,Monchengladbach,Monchengladbach,Monchengladbach,Monchengladbach,Monchengladbach,Monchengladbach,Monchengladbach,Monchengladbach,Monchengladbach,Monchengladbach,Monchengladbach,Monchengladbach,Monchengladbach,Monchengladbach,Monchengladbach,Monchengladbach,Monchengladbach,Monchengladbach,Monchengladbach,Monchengladbach,Monchengladbach,Monchengladbach,Monchengladbach,Monchengladbach,Monchengladbach,Monchengladbach,Monchengladbach,Monchengladbach,Monchengladbach,Monchengladbach,Monchengladbach,Monchengladbach,Monchengladbach,Monchengladbach,Monchengladbach,Monchengladbach,Monchengladbach,Monchengladbach,Monchengladbach,Monchengladbach,Monchengladbach,Monchengladbach,Monchengladbach,Monchengladbach,Monchengladbach,Monchengladbach,Monchengladbach,Monchengladbach,Monchengladbach,Monchengladbach,Monchengladbach,Monchengladbach,Monchengladbach,Monchengladbach,Monchengladbach,Monchengladbach,Monchengladbach,Monchengladbach,Monchengladbach,Monchengladbach,Monchengladbach,Monchengladbach,Monchengladbach,Monchengladbach,Monchengladbach,Monchengladbach,Monchengladbach,Monchengladbach,Monchengladbach,Monchengladbach,Monchengladbach,Monchengladbach,Monchengladbach,Monchengladbach,Monchengladbach,Monchengladbach,Monchengladbach,Monchengladbach,Monchengladbach,Monchengladbach,Monchengladbach,Monchengladbach,Monchengladbach,Monchengladbach,Monchengladbach,Monchengladbach,Monchengladbach,Monchengladbach,Monchengladbach,Monchengladbach,Monchengladbach,Monchengladbach,Monchengladbach,Monchengladbach,Monchengladbach,Monchengladbach,Monchengladbach,Monchengladbach,Monchengladbach,Monchengladbach,Monchengladbach,Monchengladbach,Monchengladbach,Monchengladbach,Monchengladbach,Monchengladbach,Monchengladbach,Monchengladbach,Monchengladbach,Monchengladbach,Monchengladbach,Monchengladbach,Monchengladbach,Monchengladbach,Monchengladbach,Monchengladbach,Monchengladbach,Monchengladbach,Monchengladbach,Monchengladbach,Monchengladbach,Monchengladbach,Monchengladbach,Monchengladbach,Monchengladbach,Monchengladbach,Monchengladbach,Monchengladbach,Monchengladbach,Monchengladbach,Monchengladbach,Monchengladbach,Monchengladbach,Monchengladbach,Monchengladbach,Monchengladbach,Monchengladbach,Monchengladbach,Monchengladbach,Monchengladbach,Monchengladbach,Monchengladbach,Monchengladbach,Monchengladbach,Monchengladbach,Monchengladbach,Monchengladbach,Monchengladbach,Monchengladbach,Monchengladbach,Monchengladbach,Monchengladbach,Monchengladbach,Monchengladbach,Monchengladbach,Monchengladbach,Monchengladbach,Monchengladbach,Monchengladbach,Monchengladbach,Monchengladbach,Monchengladbach,Monchengladbach,Monchengladbach,Monchengladbach,Monchengladbach,Monchengladbach,Monchengladbach,Monchengladbach,Monchengladbach,Monchengladbach,Monchengladbach,Monchengladbach,Monchengladbach,Monchengladbach,Monchengladbach,Monchengladbach,Monchengladbach,Monchengladbach,Monchengladbach,Monchengladbach,Monchengladbach,Monchengladbach,Monchengladbach,Monchengladbach,Monchengladbach,Monchengladbach,Monchengladbach,Monchengladbach,Monchengladbach,Monchengladbach,Monchengladbach,Monchengladbach,Monchengladbach,Monchengladbach,Monchengladbach,Monchengladbach,Monchengladbach,Monchengladbach,Monchengladbach,Monchengladbach,Monchengladbach,Monchengladbach,Monchengladbach,Monchengladbach,Monchengladbach,Monchengladbach,Monchengladbach,Monchengladbach,Monchengladbach,Monchengladbach,Monchengladbach,Monchengladbach,Monchengladbach,Monchengladbach,Monchengladbach,Monchengladbach,Monchengladbach,Monchengladbach,Monchengladbach,Monchengladbach,Monchengladbach,Monchengladbach,Monchengladbach,Monchengladbach,Monchengladbach,Monchengladbach,Monchengladbach,Monchengladbach,Monchengladbach,Monchengladbach,Monchengladbach,Monchengladbach,Monchengladbach,Monchengladbach,Monchengladbach,Monchengladbach,Monchengladbach,Monchengladbach,Monchengladbach,Monchengladbach,Monchengladbach,Monchengladbach,Monchengladbach,Monchengladbach,Monchengladbach,Monchengladbach,Monchengladbach,Monchengladbach,Monchengladbach,Monchengladbach,Monchengladbach,Monchengladbach,Monchengladbach,Monchengladbach,Monchengladbach,Monchengladbach,Monchengladbach,Monchengladbach,Monchengladbach,Monchengladbach,Monchengladbach,Monchengladbach,Monchengladbach,Monchengladbach,Monchengladbach,Monchengladbach,Monchengladbach,Monchengladbach,Monchengladbach,Monchengladbach,Monchengladbach,Monchengladbach,Monchengladbach,Monchengladbach,Monchengladbach,Monchengladbach,Monchengladbach,Monchengladbach,Monchengladbach,Monchengladbach,Monchengladbach,Monchengladbach,Monchengladbach,Monchengladbach,Monchengladbach,Monchengladbach,Monchengladbach,Monchengladbach,Monchengladbach,Monchengladbach,Monchengladbach,Monchengladbach,Monchengladbach,Monchengladbach,Monchengladbach,Monchengladbach,Monchengladbach,Monchengladbach,Monchengladbach,Monchengladbach,Monchengladbach,Monchengladbach,Monchengladbach,Monchengladbach,Monchengladbach,Monchengladbach,Monchengladbach,Monchengladbach,Monchengladbach,Monchengladbach,Monchengladbach,Monchengladbach,Monchengladbach,Monchengladbach,Monchengladbach,Monchengladbach,Monchengladbach,Monchengladbach,Monchengladbach,Monchengladbach,Monchengladbach,Monchengladbach,Monchengladbach,Monchengladbach,Monchengladbach,Monchengladbach,Monchengladbach,Monchengladbach,Monchengladbach,Monchengladbach,Monchengladbach,Monchengladbach,Monchengladbach,Monchengladbach,Monchengladbach,Monchengladbach,Monchengladbach,Monchengladbach,Monchengladbach,Monchengladbach,Monchengladbach,Monchengladbach,Monchengladbach,Monchengladbach,Monchengladbach,Monchengladbach,Monchengladbach,Monchengladbach,Monchengladbach,Monchengladbach,Monchengladbach,Monchengladbach,Monchengladbach,Monchengladbach,Monchengladbach,Monchengladbach,Monchengladbach,Monchengladbach,Monchengladbach,Monchengladbach,Monchengladbach,Monchengladbach,Monchengladbach,Monchengladbach,Monchengladbach,Monchengladbach,Monchengladbach,Monchengladbach,Monchengladbach,Monchengladbach,Monchengladbach,Monchengladbach,Monchengladbach,Monchengladbach,Monchengladbach,Monchengladbach,Monchengladbach,Monchengladbach,Monchengladbach,Monchengladbach,Monchengladbach,Monchengladbach,Monchengladbach,Monchengladbach,Monchengladbach,Monchengladbach,Monchengladbach,Monchengladbach,Monchengladbach,Monchengladbach,Monchengladbach,Monchengladbach,Monchengladbach,Monchengladbach,Monchengladbach,Monchengladbach,Monchengladbach,Monchengladbach,Monchengladbach,Monchengladbach,Monchengladbach,Monchengladbach,Monchengladbach,Monchengladbach,Monchengladbach,Monchengladbach,Monchengladbach,Monchengladbach,Monchengladbach,Monchengladbach,Monchengladbach,Monchengladbach,Monchengladbach,Monchengladbach,Monchengladbach,Monchengladbach,Monchengladbach,Monchengladbach,Monchengladbach,Monchengladbach,Monchengladbach,Monchengladbach,Monchengladbach,Monchengladbach,Monchengladbach,Monchengladbach,Monchengladbach,Monchengladbach,Monchengladbach,Monchengladbach,Monchengladbach,Monchengladbach,Monchengladbach,Monchengladbach,Monchengladbach,Monchengladbach,Monchengladbach,Monchengladbach,Monchengladbach,Monchengladbach,Monchengladbach,Monchengladbach,Monchengladbach,Monchengladbach,Monchengladbach,Monchengladbach,Monchengladbach,Monchengladbach,Monchengladbach,Monchengladbach,Monchengladbach,Monchengladbach,Monchengladbach,Monchengladbach,Monchengladbach,Monchengladbach,Monchengladbach,Monchengladbach,Monchengladbach,Monchengladbach,Monchengladbach,Monchengladbach,Monchengladbach,Monchengladbach,Monchengladbach,Monchengladbach,Monchengladbach,Monchengladbach,Monchengladbach,Monchengladbach,Monchengladbach,Monchengladbach,Monchengladbach,Monchengladbach,Monchengladbach,Monchengladbach,Monchengladbach,Monchengladbach,Monchengladbach,Monchengladbach,Monchengladbach,Monchengladbach,Monchengladbach,Monchengladbach,Monchengladbach,Monchengladbach,Monchengladbach,Monchengladbach,Monchengladbach,Monchengladbach,Monchengladbach,Monchengladbach,Monchengladbach,Monchengladbach,Monchengladbach,Monchengladbach,Monchengladbach,Monchengladbach,Monchengladbach,Monchengladbach,Monchengladbach,Monchengladbach,Monchengladbach,Monchengladbach,Monchengladbach,Monchengladbach,Monchengladbach,Monchengladbach,Monchengladbach,Monchengladbach,Monchengladbach,Monchengladbach,Monchengladbach,Monchengladbach,Monchengladbach,Monchengladbach,Monchengladbach,Monchengladbach,Monchengladbach,Monchengladbach,Monchengladbach,Monchengladbach,Monchengladbach,Monchengladbach,Monchengladbach,Monchengladbach,Monchengladbach,Monchengladbach,Monchengladbach,Monchengladbach,Monchengladbach,Monchengladbach,Monchengladbach,Monchengladbach,Monchengladbach,Monchengladbach,Monchengladbach,Monchengladbach,Monchengladbach,Monchengladbach,Monchengladbach,Monchengladbach,Monchengladbach,Monchengladbach,Monchengladbach,Monchengladbach,Monchengladbach,Monchengladbach,Monchengladbach,Monchengladbach,Monchengladbach,Monchengladbach,Monchengladbach,Monchengladbach,Monchengladbach,Monchengladbach,Monchengladbach,Monchengladbach,Monchengladbach,Monchengladbach,Monchengladbach,Monchengladbach,Monchengladbach,Monchengladbach,Monchengladbach,Monchengladbach,Monchengladbach,Monchengladbach,Monchengladbach,Monchengladbach,Monchengladbach,Monchengladbach,Monchengladbach,Monchengladbach,Monchengladbach,Monchengladbach,Monchengladbach,Monchengladbach,Monchengladbach,Monchengladbach,Monchengladbach,Monchengladbach,Monchengladbach,Monchengladbach,Monchengladbach,Monchengladbach,Monchengladbach,Monchengladbach,Monchengladbach,Monchengladbach,Monchengladbach,Monchengladbach,Monchengladbach,Monchengladbach,Monchengladbach,Monchengladbach,Monchengladbach,Monchengladbach,Monchengladbach,Monchengladbach,Monchengladbach,Monchengladbach,Monchengladbach,Monchengladbach,Monchengladbach,Monchengladbach,Monchengladbach,Monchengladbach,Monchengladbach,Monchengladbach,Monchengladbach,Monchengladbach,Monchengladbach,Monchengladbach,Monchengladbach,Monchengladbach,Monchengladbach,Monchengladbach,Monchengladbach,Monchengladbach,Monchengladbach,Monchengladbach,Monchengladbach,Monchengladbach,Monchengladbach,Monchengladbach,Monchengladbach,Monchengladbach,Monchengladbach,Monchengladbach,Monchengladbach,Monchengladbach,Monchengladbach,Monchengladbach,Monchengladbach,Monchengladbach,Monchengladbach,Monchengladbach,Monchengladbach,Monchengladbach,Monchengladbach,Monchengladbach,Monchengladbach,Monchengladbach,Monchengladbach,Monchengladbach,Monchengladbach,Monchengladbach,Monchengladbach,Monchengladbach,Monchengladbach,Monchengladbach,Monchengladbach,Monchengladbach,Monchengladbach,Monchengladbach,Monchengladbach,Monchengladbach,Monchengladbach,Monchengladbach,Monchengladbach,Monchengladbach,Monchengladbach,Monchengladbach,Monchengladbach,Monchengladbach,Monchengladbach,Monchengladbach,Monchengladbach,Monchengladbach,Monchengladbach,Monchengladbach,Monchengladbach,Monchengladbach,Monchengladbach,Monchengladbach,Monchengladbach,Monchengladbach,Monchengladbach,Monchengladbach,Monchengladbach,Monchengladbach,Monchengladbach,Monchengladbach,Monchengladbach,Monchengladbach,Monchengladbach,Monchengladbach,Monchengladbach,Monchengladbach,Monchengladbach,Monchengladbach,Monchengladbach,Monchengladbach,Monchengladbach,Monchengladbach,Monchengladbach,Monchengladbach,Monchengladbach,Monchengladbach,Monchengladbach,Monchengladbach,Monchengladbach,Monchengladbach,Monchengladbach,Monchengladbach,Monchengladbach,Monchengladbach,Monchengladbach,Monchengladbach,Monchengladbach,Monchengladbach,Monchengladbach,Monchengladbach,Monchengladbach,Monchengladbach,Monchengladbach,Monchengladbach,Monchengladbach,Monchengladbach,Monchengladbach,Monchengladbach,Monchengladbach,Monchengladbach,Monchengladbach,Monchengladbach,Monchengladbach,Monchengladbach,Monchengladbach,Monchengladbach,Monchengladbach,Monchengladbach,Monchengladbach,Monchengladbach,Monchengladbach,Monchengladbach,Monchengladbach,Monchengladbach,Monchengladbach,Monchengladbach,Monchengladbach,Monchengladbach,Monchengladbach,Monchengladbach,Monchengladbach,Monchengladbach,Monchengladbach,Monchengladbach,Monchengladbach,Monchengladbach,Monchengladbach,Monchengladbach,Monchengladbach,Monchengladbach,Monchengladbach,Monchengladbach,Monchengladbach,Monchengladbach,Monchengladbach,Monchengladbach,Monchengladbach,Monchengladbach,Monchengladbach,Monchengladbach,Monchengladbach,Monchengladbach,Monchengladbach,Monchengladbach,Monchengladbach,Monchengladbach,Monchengladbach,Monchengladbach,Monchengladbach,Monchengladbach,Monchengladbach,Monchengladbach,Monchengladbach,Monchengladbach,Monchengladbach,Monchengladbach,Monchengladbach,Monchengladbach,Monchengladbach,Monchengladbach,Monchengladbach,Monchengladbach,Monchengladbach,Monchengladbach,Monchengladbach,Monchengladbach,Monchengladbach,Monchengladbach,Monchengladbach,Monchengladbach,Monchengladbach,Monchengladbach,Monchengladbach,Monchengladbach,Monchengladbach,Monchengladbach,Monchengladbach,Monchengladbach,Monchengladbach,Monchengladbach,Monchengladbach,Monchengladbach,Monchengladbach,Monchengladbach,Monchengladbach,Monchengladbach,Monchengladbach,Monchengladbach,Monchengladbach,Monchengladbach,Monchengladbach,Monchengladbach,Monchengladbach,Monchengladbach,Monchengladbach,Monchengladbach,Monchengladbach,Monchengladbach,Monchengladbach,Monchengladbach,Monchengladbach,Monchengladbach,Monchengladbach,Monchengladbach,Monchengladbach,Monchengladbach,Monchengladbach,Monchengladbach,Monchengladbach,Monchengladbach,Monchengladbach,Monchengladbach,Monchengladbach,Monchengladbach,Monchengladbach,Monchengladbach,Monchengladbach,Monchengladbach,Monchengladbach,Monchengladbach,Monchengladbach,Monchengladbach,Monchengladbach,Monchengladbach,Monchengladbach,Monchengladbach,Monchengladbach,Monchengladbach,Monchengladbach,Monchengladbach,Monchengladbach,Monchengladbach,Monchengladbach,Monchengladbach,Monchengladbach,Monchengladbach,Monchengladbach,Monchengladbach,Monchengladbach,Monchengladbach,Monchengladbach,Monchengladbach,Monchengladbach,Monchengladbach,Monchengladbach,Monchengladbach,Monchengladbach,Monchengladbach,Monchengladbach,Monchengladbach,Monchengladbach,Monchengladbach,Monchengladbach,Monchengladbach,Monchengladbach,Monchengladbach,Monchengladbach,Monchengladbach,Monchengladbach,Monchengladbach,Monchengladbach,Monchengladbach,Monchengladbach,Monchengladbach,Monchengladbach,Monchengladbach,Monchengladbach,Monchengladbach,Monchengladbach,Monchengladbach,Monchengladbach,Monchengladbach,Monchengladbach,Monchengladbach,Monchengladbach,Monchengladbach,Monchengladbach,Monchengladbach,Monchengladbach,Monchengladbach,Monchengladbach,Monchengladbach,Monchengladbach,Monchengladbach,Monchengladbach,Monchengladbach,Monchengladbach,Monchengladbach,Monchengladbach,Monchengladbach,Monchengladbach,Monchengladbach,Monchengladbach,Monchengladbach,Monchengladbach,Monchengladbach,Monchengladbach,Monchengladbach,Monchengladbach,Monchengladbach,Monchengladbach,Monchengladbach,Monchengladbach,Monchengladbach,Monchengladbach,Monchengladbach,Monchengladbach,Monchengladbach,Monchengladbach,Monchengladbach,Monchengladbach,Monchengladbach,Monchengladbach,Monchengladbach,Monchengladbach,Monchengladbach,Monchengladbach,Monchengladbach,Monchengladbach,Monchengladbach,Monchengladbach,Monchengladbach,Monchengladbach,Monchengladbach,Monchengladbach,Monchengladbach,Monchengladbach,Monchengladbach,Monchengladbach,Monchengladbach,Monchengladbach,Monchengladbach,Monchengladbach,Monchengladbach,Monchengladbach,Monchengladbach,Monchengladbach,Monchengladbach,Monchengladbach,Monchengladbach,Monchengladbach,Monchengladbach,Monchengladbach,Monchengladbach,Monchengladbach,Monchengladbach,Monchengladbach,Monchengladbach,Monchengladbach,Monchengladbach,Monchengladbach,Monchengladbach,Monchengladbach,Monchengladbach,Monchengladbach,Monchengladbach,Monchengladbach,Monchengladbach,Monchengladbach,Monchengladbach,Monchengladbach,Monchengladbach,Monchengladbach,Monchengladbach,Monchengladbach,Monchengladbach,Monchengladbach,Monchengladbach,Monchengladbach,Monchengladbach,Monchengladbach,Monchengladbach,Monchengladbach,Monchengladbach,Monchengladbach,Monchengladbach,Monchengladbach,Monchengladbach,Monchengladbach,Monchengladbach,Monchengladbach,Monchengladbach,Monchengladbach,Monchengladbach,Monchengladbach,Monchengladbach,Monchengladbach,Monchengladbach,Monchengladbach,Monchengladbach,Monchengladbach,Monchengladbach,Monchengladbach,Monchengladbach,Monchengladbach,Monchengladbach,Monchengladbach,Monchengladbach,Monchengladbach,Monchengladbach,Monchengladbach,Monchengladbach,Monchengladbach,Monchengladbach,Monchengladbach,Monchengladbach,Monchengladbach,Monchengladbach,Monchengladbach,Monchengladbach,Monchengladbach,Monchengladbach,Monchengladbach,Monchengladbach,Monchengladbach,Monchengladbach,Monchengladbach,Monchengladbach,Monchengladbach,Monchengladbach,Monchengladbach,Monchengladbach,Monchengladbach,Monchengladbach,Monchengladbach,Monchengladbach,Monchengladbach,Monchengladbach,Monchengladbach,Monchengladbach,Monchengladbach,Monchengladbach,Monchengladbach,Monchengladbach,Monchengladbach,Monchengladbach,Monchengladbach,Monchengladbach,Monchengladbach,Monchengladbach,Monchengladbach,Monchengladbach,Monchengladbach,Monchengladbach,Monchengladbach,Monchengladbach,Monchengladbach,Monchengladbach,Monchengladbach,Monchengladbach,Monchengladbach,Monchengladbach,Monchengladbach,Monchengladbach,Monchengladbach,Monchengladbach,Monchengladbach,Monchengladbach,Monchengladbach,Monchengladbach,Monchengladbach,Monchengladbach,Monchengladbach,Monchengladbach,Monchengladbach,Monchengladbach,Monchengladbach,Monchengladbach,Monchengladbach,Monchengladbach,Monchengladbach,Monchengladbach,Monchengladbach,Monchengladbach,Monchengladbach,Monchengladbach,Monchengladbach,Monchengladbach,Monchengladbach,Monchengladbach,Monchengladbach,Monchengladbach,Monchengladbach,Monchengladbach,Monchengladbach,Monchengladbach,Monchengladbach,Monchengladbach,Monchengladbach,Monchengladbach,Monchengladbach,Monchengladbach,Monchengladbach,Monchengladbach,Monchengladbach,Monchengladbach,Monchengladbach,Monchengladbach,Monchengladbach,Monchengladbach,Monchengladbach,Monchengladbach,Monchengladbach,Monchengladbach,Monchengladbach,Monchengladbach,Monchengladbach,Monchengladbach,Monchengladbach,Monchengladbach,Monchengladbach,Monchengladbach,Monchengladbach,Monchengladbach,Monchengladbach,Monchengladbach,Monchengladbach,Monchengladbach,Monchengladbach,Monchengladbach,Monchengladbach,Monchengladbach,Monchengladbach,Monchengladbach,Monchengladbach,Monchengladbach,Monchengladbach,Monchengladbach,Monchengladbach,Monchengladbach,Monchengladbach,Monchengladbach,Monchengladbach,Monchengladbach,Monchengladbach,Monchengladbach,Monchengladbach,Monchengladbach,Monchengladbach,Monchengladbach,Monchengladbach,Monchengladbach,Monchengladbach,Monchengladbach,Monchengladbach,Monchengladbach,Monchengladbach,Monchengladbach,Monchengladbach,Monchengladbach,Monchengladbach,Monchengladbach,Monchengladbach,Monchengladbach,Monchengladbach,Monchengladbach,Monchengladbach,Monchengladbach,Monchengladbach,Monchengladbach,Monchengladbach,Monchengladbach,Monchengladbach,Monchengladbach,Monchengladbach,Monchengladbach,Monchengladbach,Monchengladbach,Monchengladbach,Monchengladbach,Monchengladbach,Monchengladbach,Monchengladbach,Monchengladbach,Monchengladbach,Monchengladbach,Monchengladbach,Monchengladbach,Monchengladbach,Monchengladbach,Monchengladbach,Monchengladbach,Monchengladbach,Monchengladbach,Monchengladbach,Monchengladbach,Monchengladbach,Monchengladbach,Monchengladbach,Monchengladbach,Monchengladbach,Monchengladbach,Monchengladbach,Monchengladbach,Monchengladbach,Monchengladbach,Monchengladbach,Monchengladbach,Monchengladbach,Monchengladbach,Monchengladbach,Monchengladbach,Monchengladbach,Monchengladbach,Monchengladbach,Monchengladbach,Monchengladbach,Monchengladbach,Monchengladbach,Monchengladbach,Monchengladbach,Monchengladbach,Monchengladbach,Monchengladbach,Monchengladbach,Monchengladbach,Monchengladbach,Monchengladbach,Monchengladbach,Monchengladbach,Monchengladbach,Monchengladbach,Monchengladbach,Monchengladbach,Monchengladbach,Monchengladbach,Monchengladbach,Monchengladbach,Monchengladbach,Monchengladbach,Monchengladbach,Monchengladbach,Monchengladbach,Monchengladbach,Monchengladbach,Monchengladbach,Monchengladbach,Monchengladbach,Monchengladbach,Monchengladbach,Monchengladbach,Monchengladbach,Monchengladbach,Monchengladbach,Monchengladbach,Monchengladbach,Monchengladbach,Monchengladbach,Monchengladbach,Monchengladbach,Monchengladbach,Monchengladbach,Monchengladbach,Monchengladbach,Monchengladbach,Monchengladbach,Monchengladbach,Monchengladbach,Monchengladbach,Monchengladbach,Monchengladbach,Monchengladbach,Monchengladbach,Monchengladbach,Monchengladbach,Monchengladbach,Monchengladbach,Monchengladbach,Monchengladbach,Monchengladbach,Monchengladbach,Monchengladbach,Monchengladbach,Monchengladbach,Monchengladbach,Monchengladbach,Monchengladbach,Monchengladbach,Monchengladbach,Monchengladbach,Monchengladbach,Monchengladbach,Monchengladbach,Monchengladbach,Monchengladbach,Monchengladbach,Monchengladbach,Monchengladbach,Monchengladbach,Monchengladbach,Monchengladbach,Monchengladbach,Monchengladbach,Monchengladbach,Monchengladbach,Monchengladbach,Monchengladbach,Monchengladbach,Monchengladbach,Monchengladbach,Monchengladbach,Monchengladbach,Monchengladbach,Monchengladbach,Monchengladbach,Monchengladbach,Monchengladbach,Monchengladbach,Monchengladbach,Monchengladbach,Monchengladbach,Monchengladbach,Monchengladbach,Monchengladbach,Monchengladbach,Monchengladbach,Monchengladbach,Monchengladbach,Monchengladbach,Monchengladbach,Monchengladbach,Monchengladbach,Monchengladbach,Monchengladbach,Monchengladbach,Monchengladbach,Monchengladbach,Monchengladbach,Monchengladbach,Monchengladbach,Monchengladbach,Monchengladbach,Monchengladbach,Monchengladbach,Monchengladbach,Monchengladbach,Monchengladbach,Monchengladbach,Monchengladbach,Monchengladbach,Monchengladbach,Monchengladbach,Monchengladbach,Monchengladbach,Monchengladbach,Monchengladbach,Monchengladbach,Monchengladbach,Monchengladbach,Monchengladbach,Monchengladbach,Monchengladbach,Monchengladbach,Monchengladbach,Monchengladbach,Monchengladbach,Monchengladbach,Monchengladbach,Monchengladbach,Monchengladbach,Monchengladbach,Monchengladbach,Monchengladbach,Monchengladbach,Monchengladbach,Monchengladbach,Monchengladbach,Monchengladbach,Monchengladbach,Monchengladbach,Monchengladbach,Monchengladbach,Monchengladbach,Monchengladbach,Monchengladbach,Monchengladbach,Monchengladbach,Monchengladbach,Monchengladbach,Monchengladbach,Monchengladbach,Monchengladbach,Monchengladbach,Monchengladbach,Monchengladbach,Monchengladbach,Monchengladbach,Monchengladbach,Monchengladbach,Monchengladbach,Monchengladbach,Monchengladbach,Monchengladbach,Monchengladbach,Monchengladbach,Monchengladbach,Monchengladbach,Monchengladbach,Monchengladbach,Monchengladbach,Monchengladbach,Monchengladbach,Monchengladbach,Monchengladbach,Monchengladbach,Monchengladbach,Monchengladbach,Monchengladbach,Monchengladbach,Monchengladbach,Monchengladbach,Monchengladbach,Monchengladbach,Monchengladbach,Monchengladbach,Monchengladbach,Monchengladbach,Monchengladbach,Monchengladbach,Monchengladbach,Monchengladbach,Monchengladbach,Monchengladbach,Monchengladbach,Monchengladbach,Monchengladbach,Monchengladbach,Monchengladbach,Monchengladbach,Monchengladbach,Monchengladbach,Monchengladbach,Monchengladbach,Monchengladbach,Monchengladbach,Monchengladbach,Monchengladbach,Monchengladbach,Monchengladbach,Monchengladbach,Monchengladbach,Monchengladbach,Monchengladbach,Monchengladbach,Monchengladbach,Monchengladbach,Monchengladbach,Monchengladbach,Monchengladbach,Monchengladbach,Monchengladbach,Monchengladbach,Monchengladbach,Monchengladbach,Monchengladbach,Monchengladbach,Monchengladbach,Monchengladbach,Monchengladbach,Monchengladbach,Monchengladbach,Monchengladbach,Monchengladbach,Monchengladbach,Monchengladbach,Monchengladbach,Monchengladbach,Monchengladbach,Monchengladbach,Monchengladbach,Monchengladbach,Monchengladbach,Monchengladbach,Monchengladbach,Monchengladbach,Monchengladbach,Monchengladbach,Monchengladbach,Monchengladbach,Monchengladbach,Monchengladbach,Monchengladbach,Monchengladbach,Monchengladbach,Monchengladbach,Monchengladbach,Monchengladbach,Monchengladbach,Monchengladbach,Monchengladbach,Monchengladbach,Monchengladbach,Monchengladbach,Monchengladbach,Monchengladbach,Monchengladbach,Monchengladbach,Monchengladbach,Monchengladbach,Monchengladbach,Monchengladbach,Monchengladbach,Monchengladbach,Monchengladbach,Monchengladbach,Monchengladbach,Monchengladbach,Monchengladbach,Monchengladbach,Monchengladbach,Monchengladbach,Monchengladbach,Monchengladbach,Monchengladbach,Monchengladbach,Monchengladbach,Monchengladbach,Monchengladbach,Monchengladbach,Monchengladbach,Monchengladbach,Monchengladbach,Monchengladbach,Monchengladbach,Monchengladbach,Monchengladbach,Monchengladbach,Monchengladbach,Monchengladbach,Monchengladbach,Monchengladbach,Monchengladbach,Monchengladbach,Monchengladbach,Monchengladbach,Monchengladbach,Monchengladbach,Monchengladbach,Monchengladbach,Monchengladbach,Monchengladbach,Monchengladbach,Monchengladbach,Monchengladbach,Monchengladbach,Monchengladbach,Monchengladbach,Monchengladbach,Monchengladbach,Monchengladbach,Monchengladbach,Monchengladbach,Monchengladbach,Monchengladbach,Monchengladbach,Monchengladbach,Monchengladbach,Monchengladbach,Monchengladbach,Monchengladbach,Monchengladbach,Monchengladbach,Monchengladbach,Monchengladbach,Monchengladbach,Monchengladbach,Monchengladbach,Monchengladbach,Monchengladbach,Monchengladbach,Monchengladbach,Monchengladbach,Monchengladbach,Monchengladbach,Monchengladbach,Monchengladbach,Monchengladbach,Monchengladbach,Monchengladbach,Monchengladbach,Monchengladbach,Monchengladbach,Monchengladbach,Monchengladbach,Monchengladbach,Monchengladbach,Monchengladbach,Monchengladbach,Monchengladbach,Monchengladbach,Monchengladbach,Monchengladbach,Monchengladbach,Monchengladbach,Monchengladbach,Monchengladbach,Monchengladbach,Monchengladbach,Monchengladbach,Monchengladbach,Monchengladbach,Monchengladbach,Monchengladbach,Monchengladbach,Monchengladbach,Monchengladbach,Monchengladbach,Monchengladbach,Monchengladbach
Maximum Temprature,-1 °c,0 °c,1 °c,12 °c,7 °c,7 °c,3 °c,8 °c,2 °c,9 °c,8 °c,4 °c,4 °c,1 °c,1 °c,1 °c,9 °c,6 °c,11 °c,8 °c,6 °c,3 °c,6 °c,6 °c,5 °c,3 °c,0 °c,-2 °c,1 °c,11 °c,10 °c,11 °c,4 °c,9 °c,3 °c,10 °c,4 °c,10 °c,3 °c,0 °c,-5 °c,-1 °c,7 °c,10 °c,9 °c,6 °c,4 °c,5 °c,11 °c,5 °c,6 °c,2 °c,-1 °c,-1 °c,-3 °c,8 °c,9 °c,6 °c,4 °c,7 °c,1 °c,9 °c,7 °c,6 °c,3 °c,-7 °c,-2 °c,6 °c,7 °c,9 °c,11 °c,4 °c,8 °c,-2 °c,7 °c,6 °c,6 °c,1 °c,-2 °c,-3 °c,8 °c,4 °c,10 °c,11 °c,5 °c,9 °c,0 °c,5 °c,7 °c,7 °c,2 °c,-2 °c,-4 °c,12 °c,7 °c,7 °c,11 °c,9 °c,7 °c,4 °c,6 °c,7 °c,10 °c,3 °c,-2 °c,-2 °c,5 °c,5 °c,6 °c,12 °c,10 °c,8 °c,4 °c,7 °c,6 °c,11 °c,3 °c,-2 °c,-1 °c,5 °c,8 °c,7 °c,7 °c,13 °c,8 °c,5 °c,9 °c,2 °c,8 °c,3 °c,-1 °c,0 °c,5 °c,9 °c,3 °c,7 °c,6 °c,6 °c,8 °c,8 °c,7 °c,6 °c,5 °c,2 °c,-1 °c,7 °c,9 °c,1 °c,5 °c,7 °c,7 °c,6 °c,6 °c,8 °c,7 °c,6 °c,4 °c,-1 °c,12 °c,6 °c,1 °c,9 °c,9 °c,7 °c,4 °c,7 °c,10 °c,8 °c,5 °c,3 °c,2 °c,11 °c,6 °c,-1 °c,8 °c,6 °c,5 °c,3 °c,5 °c,6 °c,10 °c,3 °c,3 °c,1 °c,10 °c,4 °c,0 °c,6 °c,11 °c,4 °c,3 °c,7 °c,6 °c,11 °c,1 °c,2 °c,1 °c,11 °c,4 °c,-2 °c,8 °c,8 °c,5 °c,2 °c,7 °c,7 °c,9 °c,1 °c,6 °c,4 °c,9 °c,4 °c,-2 °c,9 °c,5 °c,0 °c,0 °c,5 °c,6 °c,9 °c,4 °c,6 °c,4 °c,8 °c,4 °c,-1 °c,9 °c,4 °c,-1 °c,-1 °c,9 °c,4 °c,6 °c,5 °c,8 °c,4 °c,5 °c,9 °c,-4 °c,8 °c,3 °c,-1 °c,1 °c,6 °c,3 °c,6 °c,8 °c,6 °c,4 °c,3 °c,3 °c,-2 °c,4 °c,3 °c,1 °c,3 °c,5 °c,2 °c,6 °c,9 °c,4 °c,3 °c,3 °c,8 °c,1 °c,3 °c,2 °c,3 °c,3 °c,5 °c,3 °c,5 °c,9 °c,5 °c,5 °c,4 °c,8 °c,0 °c,6 °c,2 °c,2 °c,2 °c,8 °c,2 °c,5 °c,7 °c,7 °c,3 °c,4 °c,6 °c,-1 °c,5 °c,3 °c,6 °c,1 °c,9 °c,1 °c,7 °c,5 °c,5 °c,2 °c,6 °c,6 °c,-1 °c,4 °c,1 °c,7 °c,2 °c,14 °c,-1 °c,5 °c,3 °c,5 °c,-1 °c,4 °c,6 °c,-1 °c,5 °c,2 °c,13 °c,0 °c,9 °c,1 °c,5 °c,3 °c,5 °c,-4 °c,3 °c,5 °c,-1 °c,6 °c,4 °c,11 °c,1 °c,8 °c,6 °c,7 °c,3 °c,6 °c,-1 °c,2 °c,7 °c,4 °c,5 °c,4 °c,12 °c,5 °c,8 °c,7 °c,9 °c,6 °c,4 °c,3 °c,2 °c,7 °c,5 °c,6 °c,5 °c,8 °c,5 °c,10 °c,4 °c,6 °c,10 °c,4 °c,2 °c,3 °c,0 °c,10 °c,4 °c,5 °c,9 °c,6 °c,10 °c,4 °c,6 °c,9 °c,5 °c,-1 °c,1 °c,2 °c,11 °c,5 °c,3 °c,9 °c,7 °c,9 °c,1 °c,10 °c,3 °c,2 °c,1 °c,1 °c,-1 °c,7 °c,7 °c,3 °c,9 °c,4 °c,10 °c,1 °c,12 °c,4 °c,1 °c,1 °c,-1 °c,-3 °c,5 °c,7 °c,4 °c,12 °c,6 °c,6 °c,5 °c,13 °c,5 °c,4 °c,3 °c,3 °c,-4 °c,3 °c,8 °c,4 °c,10 °c,10 °c,6 °c,3 °c,11 °c,10 °c,5 °c,2 °c,5 °c,-4 °c,4 °c,6 °c,3 °c,7 °c,11 °c,6 °c,4 °c,11 °c,11 °c,4 °c,4 °c,9 °c,-2 °c,8 °c,7 °c,3 °c,8 °c,8 °c,3 °c,5 °c,5 °c,10 °c,8 °c,4 °c,10 °c,-4 °c,5 °c,7 °c,1 °c,10 °c,8 °c,4 °c,6 °c,9 °c,11 °c,9 °c,4 °c,10 °c,-4 °c,1 °c,9 °c,2 °c,11 °c,6 °c,2 °c,8 °c,7 °c,7 °c,4 °c,3 °c,10 °c,-5 °c,1 °c,9 °c,3 °c,10 °c,5 °c,2 °c,9 °c,8 °c,3 °c,4 °c,0 °c,9 °c,-2 °c,2 °c,6 °c,5 °c,10 °c,5 °c,4 °c,9 °c,9 °c,-5 °c,5 °c,-4 °c,7 °c,0 °c,1 °c,7 °c,6 °c,10 °c,4 °c,3 °c,9 °c,12 °c,-6 °c,8 °c,-4 °c,10 °c,-2 °c,1 °c,7 °c,7 °c,6 °c,3 °c,5 °c,10 °c,8 °c,-5 °c,4 °c,-2 °c,11 °c,-2 °c,1 °c,8 °c,7 °c,7 °c,4 °c,6 °c,8 °c,6 °c,-1 °c,4 °c,-2 °c,11 °c,-3 °c,1 °c,8 °c,9 °c,6 °c,6 °c,5 °c,7 °c,7 °c,-3 °c,3 °c,-2 °c,9 °c,2 °c,2 °c,8 °c,9 °c,6 °c,7 °c,6 °c,8 °c,7 °c,0 °c,2 °c,-1 °c,10 °c,2 °c,1 °c,8 °c,9 °c,4 °c,9 °c,5 °c,12 °c,8 °c,2 °c,2 °c,-1 °c,8 °c,5 °c,4 °c,11 °c,9 °c,2 °c,13 °c,6 °c,14 °c,13 °c,2 °c,4 °c,1 °c,10 °c,6 °c,5 °c,8 °c,8 °c,3 °c,11 °c,8 °c,16 °c,16 °c,8 °c,4 °c,2 °c,8 °c,7 °c,7 °c,9 °c,5 °c,5 °c,9 °c,6 °c,15 °c,10 °c,9 °c,2 °c,4 °c,6 °c,9 °c,5 °c,12 °c,7 °c,5 °c,10 °c,7 °c,15 °c,8 °c,11 °c,3 °c,4 °c,7 °c,6 °c,5 °c,10 °c,6 °c,6 °c,9 °c,6 °c,11 °c,7 °c,11 °c,4 °c,3 °c,5 °c,6 °c,3 °c,13 °c,8 °c,9 °c,9 °c,5 °c,12 °c,8 °c,16 °c,7 °c,4 °c,3 °c,7 °c,2 °c,9 °c,7 °c,12 °c,11 °c,5 °c,12 °c,8 °c,17 °c,6 °c,9 °c,3 °c,9 °c,0 °c,9 °c,7 °c,10 °c,11 °c,5 °c,13 °c,11 °c,15 °c,6 °c,3 °c,5 °c,11 °c,0 °c,11 °c,8 °c,8 °c,10 °c,3 °c,12 °c,13 °c,16 °c,6 °c,11 °c,4 °c,11 °c,2 °c,12 °c,7 °c,7 °c,8 °c,3 °c,15 °c,12 °c,18 °c,7 °c,9 °c,8 °c,9 °c,1 °c,14 °c,8 °c,6 °c,8 °c,1 °c,17 °c,8 °c,16 °c,8 °c,8 °c,9 °c,8 °c,4 °c,11 °c,9 °c,6 °c,11 °c,-1 °c,20 °c,5 °c,10 °c,8 °c,9 °c,7 °c,10 °c,3 °c,10 °c,7 °c,7 °c,12 °c,-2 °c,22 °c,3 °c,10 °c,12 °c,10 °c,5 °c,11 °c,4 °c,9 °c,9 °c,6 °c,9 °c,-3 °c,15 °c,7 °c,11 °c,12 °c,5 °c,7 °c,13 °c,5 °c,10 °c,10 °c,6 °c,8 °c,0 °c,9 °c,8 °c,13 °c,8 °c,6 °c,8 °c,11 °c,5 °c,10 °c,9 °c,9 °c,9 °c,1 °c,12 °c,7 °c,14 °c,10 °c,6 °c,8 °c,12 °c,7 °c,9 °c,8 °c,7 °c,12 °c,3 °c,13 °c,8 °c,16 °c,9 °c,5 °c,8 °c,13 °c,10 °c,12 °c,7 °c,5 °c,14 °c,8 °c,11 °c,8 °c,9 °c,3 °c,4 °c,7 °c,7 °c,14 °c,10 °c,9 °c,7 °c,10 °c,11 °c,11 °c,5 °c,5 °c,4 °c,2 °c,8 °c,11 °c,16 °c,14 °c,10 °c,7 °c,8 °c,12 °c,14 °c,7 °c,7 °c,9 °c,2 °c,8 °c,7 °c,15 °c,14 °c,15 °c,5 °c,10 °c,10 °c,12 °c,9 °c,8 °c,9 °c,3 °c,11 °c,8 °c,16 °c,17 °c,17 °c,6 °c,10 °c,11 °c,11 °c,9 °c,7 °c,7 °c,3 °c,9 °c,12 °c,10 °c,19 °c,11 °c,8 °c,11 °c,11 °c,12 °c,9 °c,7 °c,5 °c,5 °c,9 °c,12 °c,3 °c,18 °c,9 °c,9 °c,11 °c,17 °c,10 °c,12 °c,9 °c,8 °c,4 °c,11 °c,13 °c,0 °c,15 °c,9 °c,10 °c,13 °c,16 °c,7 °c,13 °c,12 °c,9 °c,6 °c,15 °c,13 °c,-1 °c,18 °c,10 °c,9 °c,13 °c,15 °c,12 °c,10 °c,10 °c,12 °c,5 °c,15 °c,12 °c,2 °c,19 °c,9 °c,9 °c,14 °c,8 °c,7 °c,10 °c,10 °c,15 °c,6 °c,14 °c,13 °c,2 °c,15 °c,10 °c,10 °c,15 °c,11 °c,11 °c,12 °c,8 °c,10 °c,8 °c,18 °c,18 °c,4 °c,12 °c,11 °c,8 °c,14 °c,12 °c,13 °c,13 °c,9 °c,12 °c,8 °c,13 °c,19 °c,5 °c,14 °c,11 °c,9 °c,18 °c,10 °c,11 °c,15 °c,8 °c,12 °c,13 °c,9 °c,14 °c,7 °c,13 °c,9 °c,13 °c,11 °c,1 °c,10 °c,15 °c,5 °c,11 °c,16 °c,10 °c,10 °c,11 °c,11 °c,9 °c,8 °c,11 °c,2 °c,10 °c,17 °c,5 °c,10 °c,15 °c,9 °c,11 °c,8 °c,16 °c,10 °c,8 °c,11 °c,3 °c,11 °c,16 °c,7 °c,9 °c,16 °c,12 °c,14 °c,3 °c,20 °c,12 °c,9 °c,13 °c,8 °c,13 °c,9 °c,8 °c,11 °c,11 °c,15 °c,16 °c,5 °c,13 °c,9 °c,10 °c,11 °c,7 °c,16 °c,10 °c,10 °c,10 °c,13 °c,16 °c,19 °c,4 °c,13 °c,8 °c,10 °c,11 °c,8 °c,20 °c,10 °c,8 °c,8 °c,15 °c,16 °c,20 °c,2 °c,10 °c,12 °c,9 °c,14 °c,10 °c,12 °c,10 °c,12 °c,5 °c,18 °c,16 °c,19 °c,4 °c,11 °c,10 °c,10 °c,14 °c,12 °c,12 °c,10 °c,15 °c,6 °c,19 °c,16 °c,18 °c,3 °c,10 °c,7 °c,9 °c,14 °c,13 °c,10 °c,11 °c,14 °c,7 °c,10 °c,11 °c,17 °c,5 °c,9 °c,10 °c,16 °c,14 °c,11 °c,9 °c,10 °c,14 °c,7 °c,11 °c,15 °c,18 °c,6 °c,15 °c,9 °c,14 °c,17 °c,11 °c,12 °c,14 °c,12 °c,8 °c,11 °c,12 °c,19 °c,6 °c,18 °c,12 °c,12 °c,19 °c,10 °c,14 °c,13 °c,16 °c,9 °c,14 °c,18 °c,14 °c,4 °c,20 °c,12 °c,12 °c,16 °c,10 °c,19 °c,6 °c,18 °c,13 °c,14 °c,17 °c,12 °c,5 °c,22 °c,8 °c,13 °c,21 °c,13 °c,18 °c,6 °c,21 °c,13 °c,10 °c,15 °c,9 °c,6 °c,22 °c,10 °c,10 °c,21 °c,14 °c,14 °c,9 °c,21 °c,14 °c,9 °c,17 °c,10 °c,7 °c,22 °c,8 °c,12 °c,16 °c,8 °c,17 °c,10 °c,18 °c,18 °c,12 °c,22 °c,14 °c,8 °c,23 °c,8 °c,16 °c,17 °c,13 °c,16 °c,9 °c,12 °c,25 °c,9 °c,17 °c,17 °c,7 °c,23 °c,10 °c,20 °c,15 °c,17 °c,12 °c,10 °c,12 °c,16 °c,9 °c,14 °c,15 °c,8 °c,21 °c,9 °c,17 °c,15 °c,14 °c,10 °c,14 °c,13 °c,16 °c,11 °c,14 °c,11 °c,7 °c,18 °c,10 °c,14 °c,13 °c,9 °c,13 °c,19 °c,6 °c,20 °c,16 °c,21 °c,11 °c,8 °c,19 °c,11 °c,14 °c,10 °c,15 °c,16 °c,21 °c,5 °c,17 °c,20 °c,19 °c,9 °c,11 °c,23 °c,14 °c,12 °c,12 °c,22 °c,21 °c,19 °c,6 °c,14 °c,12 °c,18 °c,10 °c,11 °c,12 °c,14 °c,13 °c,14 °c,24 °c,19 °c,22 °c,8 °c,19 °c,14 °c,16 °c,11 °c,12 °c,15 °c,21 °c,15 °c,24 °c,20 °c,17 °c,20 °c,12 °c,23 °c,12 °c,19 °c,14 °c,11 °c,17 °c,22 °c,17 °c,13 °c,21 °c,12 °c,17 °c,7 °c,21 °c,9 °c,22 °c,13 °c,13 °c,15 °c,15 °c,20 °c,13 °c,15 °c,11 °c,22 °c,9 °c,22 °c,11 °c,11 °c,13 °c,14 °c,16 °c,16 °c,18 °c,14 °c,19 °c,8 °c,21 °c,8 °c,20 °c,15 °c,13 °c,14 °c,15 °c,14 °c,14 °c,14 °c,12 °c,17 °c,8 °c,12 °c,10 °c,22 °c,14 °c,15 °c,13 °c,22 °c,12 °c,14 °c,14 °c,12 °c,20 °c,12 °c,11 °c,10 °c,22 °c,15 °c,16 °c,11 °c,20 °c,10 °c,14 °c,14 °c,11 °c,20 °c,18 °c,18 °c,10 °c,19 °c,12 °c,18 °c,10 °c,20 °c,16 °c,17 °c,14 °c,11 °c,18 °c,19 °c,21 °c,11 °c,15 °c,18 °c,18 °c,12 °c,23 °c,17 °c,14 °c,15 °c,11 °c,22 °c,18 °c,20 °c,13 °c,15 °c,20 °c,20 °c,13 °c,15 °c,12 °c,13 °c,15 °c,10 °c,27 °c,21 °c,21 °c,12 °c,19 °c,14 °c,24 °c,14 °c,13 °c,17 °c,14 °c,15 °c,8 °c,28 °c,24 °c,20 °c,14 °c,19 °c,14 °c,24 °c,14 °c,13 °c,17 °c,14 °c,15 °c,8 °c,28 °c,24 °c,20 °c,14 °c,20 °c,10 °c,26 °c,12 °c,15 °c,17 °c,20 °c,19 °c,14 °c,25 °c,25 °c,19 °c,13 °c,15 °c,13 °c,26 °c,13 °c,16 °c,19 °c,14 °c,15 °c,11 °c,27 °c,25 °c,21 °c,10 °c,16 °c,15 °c,26 °c,13 °c,15 °c,22 °c,17 °c,10 °c,10 °c,19 °c,23 °c,25 °c,13 °c,19 °c,19 °c,25 °c,11 °c,21 °c,23 °c,21 °c,9 °c,14 °c,15 °c,24 °c,21 °c,14 °c,18 °c,24 °c,22 °c,15 °c,24 °c,24 °c,16 °c,8 °c,10 °c,15 °c,19 °c,17 °c,14 °c,20 °c,16 °c,21 °c,16 °c,17 °c,21 °c,17 °c,8 °c,11 °c,15 °c,16 °c,19 °c,15 °c,15 °c,18 °c,15 °c,17 °c,11 °c,17 °c,12 °c,10 °c,11 °c,18 °c,13 °c,20 °c,16 °c,11 °c,22 °c,18 °c,24 °c,15 °c,18 °c,15 °c,11 °c,11 °c,17 °c,14 °c,14 °c,17 °c,15 °c,25 °c,23 °c,21 °c,14 °c,16 °c,14 °c,12 °c,13 °c,23 °c,16 °c,17 °c,11 °c,18 °c,15 °c,22 °c,21 °c,15 °c,19 °c,13 °c,12 °c,17 °c,15 °c,17 °c,15 °c,14 °c,22 °c,17 °c,19 °c,20 °c,18 °c,20 °c,13 °c,15 °c,12 °c,14 °c,16 °c,15 °c,14 °c,20 °c,15 °c,15 °c,19 °c,19 °c,13 °c,16 °c,20 °c,13 °c,18 °c,17 °c,13 °c,11 °c,17 °c,10 °c,14 °c,18 °c,19 °c,14 °c,17 °c,15 °c,15 °c,17 °c,12 °c,17 °c,15 °c,14 °c,11 °c,15 °c,19 °c,19 °c,15 °c,19 °c,16 °c,13 °c,20 °c,11 °c,13 °c,12 °c,13 °c,12 °c,19 °c,11 °c,20 °c,20 °c,22 °c,20 °c,13 °c,22 °c,11 °c,16 °c,8 °c,14 °c,8 °c,24 °c,10 °c,24 °c,20 °c,17 °c,24 °c,19 °c,26 °c,11 °c,19 °c,10 °c,20 °c,8 °c,26 °c,16 °c,19 °c,17 °c,16 °c,25 °c,16 °c,28 °c,13 °c,18 °c,10 °c,16 °c,13 °c,27 °c,20 °c,22 °c,15 °c,21 °c,24 °c,11 °c,27 °c,14 °c,21 °c,14 °c,17 °c,15 °c,23 °c,21 °c,18 °c,15 °c,17 °c,25 °c,13 °c,28 °c,16 °c,24 °c,25 °c,20 °c,14 °c,25 °c,25 °c,16 °c,13 °c,19 °c,22 °c,18 °c,18 °c,15 °c,21 °c,18 °c,15 °c,7 °c,21 °c,21 °c,15 °c,13 °c,26 °c,24 °c,21 °c,19 °c,15 °c,13 °c,14 °c,17 °c,8 °c,19 °c,14 °c,13 °c,13 °c,21 °c,23 °c,21 °c,25 °c,14 °c,12 °c,13 °c,20 °c,11 °c,20 °c,14 °c,15 °c,13 °c,19 °c,21 °c,20 °c,16 °c,16 °c,14 °c,11 °c,19 °c,13 °c,16 °c,17 °c,15 °c,16 °c,17 °c,11 °c,20 °c,26 °c,15 °c,14 °c,15 °c,17 °c,13 °c,15 °c,13 °c,16 °c,15 °c,17 °c,12 °c,20 °c,23 °c,16 °c,13 °c,13 °c,17 °c,15 °c,15 °c,12 °c,16 °c,18 °c,13 °c,12 °c,25 °c,22 °c,16 °c,17 °c,13 °c,15 °c,14 °c,19 °c,16 °c,12 °c,19 °c,17 °c,17 °c,27 °c,17 °c,14 °c,19 °c,14 °c,18 °c,14 °c,20 °c,17 °c,16 °c,22 °c,20 °c,17 °c,18 °c,16 °c,22 °c,22 °c,14 °c,21 °c,17 °c,20 °c,22 °c,20 °c,25 °c,15 °c,18 °c,13 °c,19 °c,22 °c,22 °c,13 °c,22 °c,19 °c,21 °c,24 °c,15 °c,27 °c,15 °c,19 °c,17 °c,23 °c,16 °c,22 °c,16 °c,22 °c,20 °c,25 °c,23 °c,18 °c,25 °c,17 °c,20 °c,20 °c,25 °c,14 °c,26 °c,15 °c,22 °c,20 °c,25 °c,23 °c,18 °c,25 °c,17 °c,20 °c,20 °c,25 °c,14 °c,26 °c,15 °c,22 °c,24 °c,20 °c,28 °c,9 °c,21 °c,19 °c,12 °c,22 °c,24 °c,21 °c,19 °c,14 °c,23 °c,23 °c,16 °c,26 °c,15 °c,20 °c,20 °c,12 °c,21 °c,23 °c,22 °c,16 °c,14 °c,26 °c,19 °c,22 °c,22 °c,14 °c,23 °c,15 °c,16 °c,21 °c,26 °c,19 °c,18 °c,12 °c,22 °c,13 °c,20 °c,24 °c,11 °c,19 °c,14 °c,14 °c,25 °c,28 °c,20 °c,21 °c,15 °c,16 °c,18 °c,16 °c,24 °c,19 °c,17 °c,16 °c,19 °c,29 °c,29 °c,19 °c,22 °c,14 °c,18 °c,18 °c,18 °c,24 °c,21 °c,17 °c,18 °c,20 °c,28 °c,30 °c,16 °c,19 °c,18 °c,19 °c,21 °c,19 °c,23 °c,10 °c,16 °c,16 °c,22 °c,30 °c,31 °c,19 °c,21 °c,19 °c,20 °c,13 °c,27 °c,22 °c,18 °c,18 °c,15 °c,21 °c,23 °c,27 °c,19 °c,22 °c,21 °c,23 °c,14 °c,16 °c,20 °c,21 °c,20 °c,19 °c,19 °c,22 °c,28 °c,22 °c,20 °c,23 °c,24 °c,19 °c,18 °c,17 °c,15 °c,19 °c,17 °c,20 °c,24 °c,22 °c,26 °c,25 °c,26 °c,22 °c,20 °c,20 °c,17 °c,17 °c,22 °c,20 °c,22 °c,27 °c,20 °c,30 °c,26 °c,24 °c,17 °c,21 °c,23 °c,11 °c,17 °c,23 °c,17 °c,22 °c,23 °c,26 °c,24 °c,24 °c,25 °c,13 °c,24 °c,26 °c,15 °c,20 °c,18 °c,23 °c,24 °c,19 °c,26 °c,28 °c,16 °c,26 °c,15 °c,26 °c,28 °c,15 °c,23 °c,16 °c,32 °c,25 °c,21 °c,22 °c,24 °c,13 °c,20 °c,13 °c,28 °c,25 °c,17 °c,25 °c,25 °c,22 °c,26 °c,17 °c,30 °c,20 °c,15 °c,20 °c,19 °c,19 °c,20 °c,23 °c,25 °c,30 °c,21 °c,27 °c,17 °c,30 °c,25 °c,18 °c,15 °c,19 °c,22 °c,17 °c,19 °c,24 °c,27 °c,18 °c,22 °c,23 °c,25 °c,18 °c,19 °c,24 °c,20 °c,22 °c,17 °c,16 °c,18 °c,33 °c,16 °c,20 °c,19 °c,26 °c,22 °c,17 °c,24 °c,19 °c,23 °c,20 °c,19 °c,18 °c,29 °c,22 °c,13 °c,23 °c,25 °c,25 °c,17 °c,24 °c,15 °c,24 °c,18 °c,18 °c,23 °c,22 °c,25 °c,21 °c,27 °c,23 °c,21 °c,21 °c,26 °c,18 °c,17 °c,18 °c,19 °c,23 °c,22 °c,29 °c,21 °c,18 °c,17 °c,19 °c,27 °c,21 °c,22 °c,19 °c,20 °c,14 °c,23 °c,21 °c,23 °c,17 °c,20 °c,17 °c,20 °c,25 °c,21 °c,22 °c,22 °c,21 °c,20 °c,20 °c,18 °c,22 °c,19 °c,24 °c,22 °c,25 °c,24 °c,27 °c,17 °c,18 °c,22 °c,20 °c,20 °c,20 °c,17 °c,13 °c,26 °c,24 °c,21 °c,23 °c,24 °c,18 °c,21 °c,20 °c,19 °c,20 °c,17 °c,16 °c,19 °c,19 °c,23 °c,21 °c,23 °c,29 °c,22 °c,22 °c,19 °c,21 °c,26 °c,21 °c,21 °c,18 °c,21 °c,19 °c,25 °c,25 °c,32 °c,22 °c,19 °c,17 °c,21 °c,30 °c,21 °c,18 °c,17 °c,25 °c,20 °c,28 °c,21 °c,30 °c,18 °c,14 °c,15 °c,21 °c,32 °c,17 °c,15 °c,17 °c,32 °c,21 °c,28 °c,21 °c,22 °c,18 °c,14 °c,17 °c,22 °c,27 °c,17 °c,17 °c,20 °c,29 °c,27 °c,21 °c,22 °c,25 °c,18 °c,16 °c,22 °c,24 °c,20 °c,20 °c,20 °c,22 °c,29 °c,18 °c,21 °c,22 °c,23 °c,19 °c,21 °c,20 °c,19 °c,22 °c,20 °c,14 °c,24 °c,32 °c,16 °c,24 °c,22 °c,20 °c,22 °c,26 °c,18 °c,19 °c,17 °c,20 °c,14 °c,30 °c,23 °c,16 °c,29 °c,26 °c,22 °c,23 °c,26 °c,18 °c,17 °c,16 °c,20 °c,19 °c,23 °c,20 °c,19 °c,31 °c,28 °c,23 °c,26 °c,23 °c,16 °c,17 °c,18 °c,19 °c,24 °c,17 °c,21 °c,21 °c,34 °c,28 °c,22 °c,27 °c,25 °c,27 °c,21 °c,17 °c,23 °c,26 °c,19 °c,21 °c,21 °c,30 °c,29 °c,23 °c,25 °c,29 °c,21 °c,22 °c,17 °c,24 °c,22 °c,17 °c,22 °c,26 °c,24 °c,24 °c,28 °c,26 °c,28 °c,31 °c,28 °c,16 °c,19 °c,25 °c,21 °c,21 °c,27 °c,25 °c,21 °c,25 °c,27 °c,27 °c,20 °c,25 °c,19 °c,17 °c,24 °c,20 °c,20 °c,28 °c,33 °c,18 °c,24 °c,27 °c,27 °c,18 °c,23 °c,21 °c,18 °c,27 °c,20 °c,20 °c,28 °c,29 °c,16 °c,20 °c,28 °c,30 °c,17 °c,19 °c,22 °c,20 °c,33 °c,21 °c,18 °c,27 °c,24 °c,23 °c,17 °c,29 °c,33 °c,17 °c,22 °c,22 °c,22 °c,37 °c,18 °c,18 °c,26 °c,22 °c,20 °c,20 °c,30 °c,31 °c,16 °c,24 °c,19 °c,25 °c,33 °c,18 °c,22 °c,30 °c,21 °c,22 °c,24 °c,26 °c,27 °c,19 °c,27 °c,23 °c,28 °c,35 °c,22 °c,23 °c,29 °c,23 °c,19 °c,23 °c,29 °c,22 °c,25 °c,28 °c,23 °c,22 °c,31 °c,20 °c,25 °c,27 °c,25 °c,20 °c,22 °c,23 °c,21 °c,22 °c,22 °c,26 °c,28 °c,26 °c,20 °c,29 °c,25 °c,26 °c,18 °c,22 °c,20 °c,26 °c,23 °c,23 °c,26 °c,24 °c,30 °c,22 °c,27 °c,26 °c,19 °c,20 °c,17 °c,32 °c,22 °c,21 °c,26 °c,16 °c,17 °c,23 °c,25 °c,25 °c,18 °c,19 °c,17 °c,33 °c,22 °c,21 °c,25 °c,18 °c,19 °c,23 °c,25 °c,24 °c,20 °c,20 °c,15 °c,35 °c,23 °c,21 °c,21 °c,25 °c,23 °c,28 °c,25 °c,18 °c,23 °c,20 °c,19 °c,33 °c,25 °c,18 °c,19 °c,22 °c,29 °c,22 °c,22 °c,23 °c,24 °c,20 °c,22 °c,31 °c,27 °c,18 °c,20 °c,22 °c,19 °c,22 °c,17 °c,26 °c,24 °c,21 °c,25 °c,27 °c,15 °c,20 °c,21 °c,22 °c,20 °c,20 °c,20 °c,26 °c,23 °c,24 °c,26 °c,32 °c,15 °c,17 °c,23 °c,21 °c,20 °c,18 °c,21 °c,27 °c,18 °c,17 °c,25 °c,22 °c,22 °c,18 °c,27 °c,21 °c,23 °c,19 °c,21 °c,28 °c,18 °c,20 °c,28 °c,28 °c,23 °c,18 °c,27 °c,27 °c,27 °c,21 °c,22 °c,30 °c,19 °c,15 °c,23 °c,23 °c,19 °c,20 °c,27 °c,29 °c,30 °c,24 °c,23 °c,28 °c,23 °c,21 °c,19 °c,25 °c,18 °c,23 °c,28 °c,34 °c,25 °c,24 °c,26 °c,28 °c,25 °c,27 °c,20 °c,30 °c,22 °c,19 °c,26 °c,33 °c,21 °c,24 °c,30 °c,30 °c,25 °c,26 °c,20 °c,31 °c,21 °c,20 °c,23 °c,29 °c,23 °c,23 °c,25 °c,29 °c,26 °c,20 °c,28 °c,30 °c,21 °c,18 °c,33 °c,22 °c,25 °c,23 °c,25 °c,29 °c,24 °c,20 °c,27 °c,20 °c,19 °c,22 °c,34 °c,26 °c,25 °c,24 °c,26 °c,28 °c,28 °c,20 °c,21 °c,25 °c,17 °c,27 °c,34 °c,28 °c,22 °c,23 °c,22 °c,31 °c,36 °c,24 °c,20 °c,21 °c,14 °c,27 °c,26 °c,26 °c,28 °c,23 °c,20 °c,34 °c,40 °c,22 °c,20 °c,22 °c,23 °c,30 °c,30 °c,23 °c,18 °c,23 °c,19 °c,34 °c,41 °c,24 °c,24 °c,18 °c,18 °c,28 °c,29 °c,25 °c,22 °c,24 °c,23 °c,36 °c,37 °c,21 °c,27 °c,23 °c,23 °c,30 °c,32 °c,26 °c,19 °c,25 °c,21 °c,36 °c,25 °c,27 °c,23 °c,24 °c,25 °c,25 °c,25 °c,27 °c,19 °c,23 °c,21 °c,27 °c,20 °c,21 °c,27 °c,20 °c,20 °c,14 °c,25 °c,27 °c,19 °c,24 °c,25 °c,29 °c,26 °c,22 °c,21 °c,23 °c,17 °c,19 °c,24 °c,24 °c,19 °c,23 °c,25 °c,32 °c,28 °c,25 °c,23 °c,24 °c,19 °c,21 °c,25 °c,27 °c,20 °c,21 °c,24 °c,30 °c,23 °c,32 °c,26 °c,25 °c,26 °c,28 °c,33 °c,28 °c,24 °c,22 °c,22 °c,30 °c,24 °c,28 °c,19 °c,24 °c,28 °c,22 °c,36 °c,28 °c,27 °c,17 °c,25 °c,33 °c,24 °c,22 °c,23 °c,22 °c,25 °c,22 °c,26 °c,26 °c,32 °c,20 °c,24 °c,36 °c,23 °c,23 °c,26 °c,24 °c,26 °c,23 °c,28 °c,24 °c,21 °c,20 °c,23 °c,33 °c,28 °c,22 °c,28 °c,21 °c,23 °c,24 °c,31 °c,24 °c,27 °c,22 °c,21 °c,28 °c,26 °c,28 °c,29 °c,24 °c,22 °c,20 °c,26 °c,24 °c,32 °c,22 °c,22 °c,35 °c,25 °c,31 °c,31 °c,26 °c,20 °c,20 °c,23 °c,24 °c,30 °c,25 °c,26 °c,37 °c,24 °c,32 °c,24 °c,21 °c,18 °c,22 °c,23 °c,24 °c,25 °c,20 °c,23 °c,26 °c,25 °c,35 °c,23 °c,24 °c,18 °c,22 °c,25 °c,23 °c,26 °c,19 °c,22 °c,29 °c,26 °c,36 °c,25 °c,27 °c,20 °c,20 °c,22 °c,23 °c,23 °c,17 °c,19 °c,24 °c,24 °c,34 °c,21 °c,24 °c,23 °c,21 °c,23 °c,21 °c,27 °c,17 °c,20 °c,23 °c,23 °c,34 °c,20 °c,23 °c,22 °c,23 °c,22 °c,21 °c,28 °c,24 °c,18 °c,28 °c,23 °c,33 °c,22 °c,23 °c,24 °c,27 °c,20 °c,22 °c,32 °c,23 °c,23 °c,24 °c,21 °c,30 °c,24 °c,25 °c,21 °c,29 °c,22 °c,21 °c,28 °c,23 °c,26 °c,24 °c,23 °c,27 °c,27 °c,18 °c,21 °c,30 °c,23 °c,20 °c,24 °c,21 °c,28 °c,24 °c,22 °c,26 °c,26 °c,23 °c,23 °c,24 °c,29 °c,20 °c,17 °c,22 °c,26 °c,28 °c,23 °c,30 °c,24 °c,18 °c,25 °c,28 °c,25 °c,17 °c,15 °c,24 °c,23 °c,23 °c,23 °c,25 °c,28 °c,21 °c,28 °c,32 °c,22 °c,18 °c,19 °c,26 °c,20 °c,25 °c,20 °c,25 °c,33 °c,22 °c,20 °c,35 °c,21 °c,17 °c,23 °c,25 °c,19 °c,26 °c,22 °c,26 °c,34 °c,28 °c,25 °c,27 °c,22 °c,19 °c,25 °c,22 °c,20 °c,25 °c,22 °c,30 °c,22 °c,28 °c,27 °c,28 °c,25 °c,19 °c,27 °c,20 °c,22 °c,28 °c,24 °c,28 °c,22 °c,27 °c,22 °c,22 °c,26 °c,20 °c,27 °c,22 °c,25 °c,29 °c,27 °c,24 °c,25 °c,23 °c,28 °c,26 °c,28 °c,18 °c,27 °c,30 °c,28 °c,28 °c,30 °c,20 °c,29 °c,19 °c,25 °c,25 °c,22 °c,18 °c,23 °c,31 °c,23 °c,22 °c,34 °c,20 °c,22 °c,21 °c,25 °c,22 °c,22 °c,19 °c,21 °c,31 °c,26 °c,19 °c,31 °c,22 °c,25 °c,24 °c,26 °c,19 °c,24 °c,16 °c,28 °c,31 °c,26 °c,21 °c,34 °c,18 °c,26 °c,19 °c,19 °c,23 °c,24 °c,25 °c,18 °c,33 °c,26 °c,21 °c,33 °c,23 °c,20 °c,18 °c,18 °c,23 °c,24 °c,23 °c,22 °c,28 °c,28 °c,25 °c,30 °c,21 °c,19 °c,16 °c,17 °c,26 °c,25 °c,22 °c,26 °c,22 °c,30 °c,27 °c,25 °c,22 °c,20 °c,17 °c,18 °c,21 °c,24 °c,20 °c,32 °c,25 °c,28 °c,21 °c,26 °c,22 °c,26 °c,19 °c,20 °c,15 °c,21 °c,20 °c,31 °c,26 °c,19 °c,19 °c,31 °c,19 °c,27 °c,19 °c,20 °c,19 °c,19 °c,20 °c,20 °c,24 °c,21 °c,21 °c,20 °c,19 °c,21 °c,19 °c,26 °c,22 °c,21 °c,21 °c,20 °c,24 °c,21 °c,24 °c,21 °c,22 °c,19 °c,20 °c,29 °c,22 °c,26 °c,21 °c,19 °c,24 °c,22 °c,23 °c,21 °c,21 °c,17 °c,19 °c,24 °c,24 °c,29 °c,25 °c,12 °c,21 °c,22 °c,28 °c,22 °c,22 °c,18 °c,19 °c,18 °c,20 °c,32 °c,26 °c,22 °c,22 °c,23 °c,28 °c,18 °c,19 °c,17 °c,19 °c,19 °c,20 °c,31 °c,25 °c,21 °c,28 °c,18 °c,24 °c,20 °c,18 °c,25 °c,15 °c,17 °c,23 °c,24 °c,22 °c,17 °c,26 °c,19 °c,19 °c,20 °c,21 °c,28 °c,20 °c,16 °c,29 °c,18 °c,21 °c,19 °c,27 °c,18 °c,20 °c,18 °c,23 °c,26 °c,19 °c,21 °c,29 °c,18 °c,19 °c,20 °c,26 °c,17 °c,25 °c,18 °c,22 °c,19 °c,20 °c,27 °c,27 °c,15 °c,18 °c,20 °c,27 °c,20 °c,22 °c,20 °c,21 °c,18 °c,23 °c,21 °c,23 °c,17 °c,19 °c,21 °c,25 °c,18 °c,26 °c,17 °c,24 °c,18 °c,20 °c,20 °c,17 °c,18 °c,20 °c,24 °c,31 °c,18 °c,23 °c,22 °c,22 °c,15 °c,19 °c,18 °c,17 °c,20 °c,19 °c,21 °c,31 °c,19 °c,20 °c,21 °c,25 °c,16 °c,19 °c,17 °c,16 °c,18 °c,21 °c,21 °c,31 °c,16 °c,21 °c,21 °c,28 °c,18 °c,17 °c,20 °c,19 °c,18 °c,22 °c,18 °c,29 °c,16 °c,20 °c,23 °c,32 °c,18 °c,17 °c,21 °c,23 °c,16 °c,23 °c,14 °c,22 °c,17 °c,24 °c,18 °c,28 °c,18 °c,16 °c,18 °c,21 °c,15 °c,25 °c,19 °c,22 °c,18 °c,27 °c,16 °c,22 °c,22 °c,15 °c,14 °c,19 °c,16 °c,24 °c,18 °c,18 °c,17 °c,28 °c,16 °c,23 °c,25 °c,16 °c,17 °c,16 °c,16 °c,25 °c,19 °c,19 °c,17 °c,26 °c,16 °c,24 °c,24 °c,20 °c,19 °c,16 °c,17 °c,24 °c,19 °c,19 °c,18 °c,26 °c,21 °c,23 °c,21 °c,21 °c,20 °c,19 °c,19 °c,19 °c,19 °c,20 °c,20 °c,21 °c,24 °c,26 °c,22 °c,24 °c,17 °c,16 °c,20 °c,17 °c,17 °c,22 °c,20 °c,17 °c,26 °c,25 °c,20 °c,24 °c,20 °c,16 °c,19 °c,18 °c,17 °c,22 °c,19 °c,12 °c,20 °c,23 °c,20 °c,16 °c,25 °c,22 °c,21 °c,17 °c,18 °c,23 °c,20 °c,14 °c,20 °c,18 °c,19 °c,14 °c,24 °c,15 °c,21 °c,17 °c,18 °c,24 °c,20 °c,16 °c,19 °c,14 °c,21 °c,16 °c,24 °c,13 °c,18 °c,18 °c,17 °c,19 °c,21 °c,19 °c,18 °c,15 °c,22 °c,12 °c,22 °c,16 °c,18 °c,21 °c,17 °c,22 °c,22 °c,24 °c,20 °c,18 °c,19 °c,15 °c,26 °c,17 °c,18 °c,23 °c,17 °c,22 °c,22 °c,16 °c,17 °c,13 °c,18 °c,16 °c,25 °c,17 °c,19 °c,22 °c,17 °c,20 °c,24 °c,17 °c,18 °c,14 °c,18 °c,15 °c,25 °c,17 °c,17 °c,19 °c,17 °c,19 °c,16 °c,16 °c,18 °c,19 °c,16 °c,17 °c,28 °c,19 °c,17 °c,21 °c,16 °c,18 °c,18 °c,15 °c,18 °c,15 °c,13 °c,19 °c,26 °c,17 °c,16 °c,22 °c,18 °c,15 °c,17 °c,14 °c,15 °c,17 °c,16 °c,22 °c,23 °c,17 °c,17 °c,23 °c,19 °c,18 °c,16 °c,15 °c,14 °c,13 °c,14 °c,21 °c,19 °c,14 °c,23 °c,21 °c,19 °c,16 °c,14 °c,20 °c,13 °c,13 °c,13 °c,21 °c,19 °c,18 °c,19 °c,15 °c,19 °c,14 °c,14 °c,24 °c,14 °c,12 °c,17 °c,21 °c,17 °c,14 °c,18 °c,18 °c,20 °c,12 °c,11 °c,24 °c,9 °c,14 °c,22 °c,21 °c,13 °c,14 °c,21 °c,18 °c,17 °c,14 °c,12 °c,15 °c,15 °c,14 °c,15 °c,20 °c,11 °c,15 °c,18 °c,17 °c,14 °c,14 °c,14 °c,17 °c,13 °c,16 °c,15 °c,19 °c,13 °c,13 °c,17 °c,18 °c,16 °c,12 °c,13 °c,21 °c,14 °c,15 °c,15 °c,16 °c,17 °c,14 °c,12 °c,19 °c,15 °c,12 °c,17 °c,24 °c,15 °c,12 °c,14 °c,15 °c,16 °c,15 °c,11 °c,20 °c,13 °c,12 °c,15 °c,22 °c,16 °c,13 °c,11 °c,13 °c,13 °c,15 °c,12 °c,17 °c,12 °c,10 °c,16 °c,25 °c,19 °c,13 °c,12 °c,12 °c,15 °c,14 °c,11 °c,20 °c,10 °c,11 °c,19 °c,26 °c,24 °c,13 °c,8 °c,12 °c,14 °c,11 °c,14 °c,18 °c,6 °c,13 °c,22 °c,25 °c,22 °c,11 °c,9 °c,14 °c,13 °c,11 °c,12 °c,17 °c,7 °c,15 °c,23 °c,25 °c,17 °c,11 °c,11 °c,9 °c,15 °c,12 °c,14 °c,18 °c,9 °c,18 °c,24 °c,24 °c,13 °c,12 °c,12 °c,8 °c,15 °c,16 °c,15 °c,18 °c,10 °c,17 °c,21 °c,22 °c,17 °c,13 °c,10 °c,11 °c,12 °c,20 °c,16 °c,20 °c,10 °c,16 °c,23 °c,16 °c,15 °c,11 °c,11 °c,12 °c,12 °c,22 °c,19 °c,21 °c,12 °c,11 °c,21 °c,16 °c,15 °c,14 °c,12 °c,10 °c,11 °c,20 °c,19 °c,16 °c,12 °c,9 °c,17 °c,15 °c,12 °c,15 °c,15 °c,9 °c,11 °c,20 °c,19 °c,14 °c,13 °c,10 °c,17 °c,17 °c,15 °c,19 °c,13 °c,10 °c,9 °c,21 °c,22 °c,12 °c,12 °c,10 °c,13 °c,14 °c,15 °c,19 °c,15 °c,8 °c,12 °c,18 °c,20 °c,15 °c,15 °c,10 °c,14 °c,14 °c,17 °c,17 °c,12 °c,11 °c,10 °c,16 °c,18 °c,15 °c,13 °c,10 °c,15 °c,16 °c,18 °c,14 °c,14 °c,9 °c,11 °c,13 °c,19 °c,16 °c,13 °c,11 °c,16 °c,13 °c,16 °c,14 °c,13 °c,10 °c,13 °c,8 °c,20 °c,15 °c,15 °c,12 °c,17 °c,12 °c,20 °c,12 °c,15 °c,11 °c,15 °c,7 °c,15 °c,16 °c,17 °c,13 °c,15 °c,11 °c,12 °c,11 °c,16 °c,13 °c,17 °c,8 °c,17 °c,12 °c,14 °c,14 °c,13 °c,8 °c,13 °c,13 °c,14 °c,14 °c,18 °c,6 °c,12 °c,11 °c,16 °c,14 °c,12 °c,9 °c,12 °c,13 °c,15 °c,13 °c,16 °c,10 °c,11 °c,17 °c,15 °c,13 °c,11 °c,9 °c,10 °c,15 °c,11 °c,15 °c,17 °c,11 °c,12 °c,18 °c,14 °c,14 °c,12 °c,12 °c,10 °c,16 °c,15 °c,13 °c,15 °c,10 °c,12 °c,19 °c,16 °c,14 °c,14 °c,13 °c,11 °c,17 °c,11 °c,14 °c,15 °c,10 °c,14 °c,18 °c,15 °c,11 °c,14 °c,11 °c,16 °c,19 °c,10 °c,14 °c,16 °c,8 °c,11 °c,16 °c,15 °c,11 °c,13 °c,11 °c,14 °c,12 °c,10 °c,16 °c,17 °c,10 °c,13 °c,12 °c,17 °c,11 °c,16 °c,13 °c,12 °c,10 °c,9 °c,14 °c,16 °c,8 °c,8 °c,12 °c,17 °c,10 °c,11 °c,14 °c,11 °c,11 °c,11 °c,12 °c,12 °c,10 °c,12 °c,11 °c,16 °c,7 °c,10 °c,17 °c,9 °c,12 °c,11 °c,9 °c,10 °c,12 °c,14 °c,9 °c,19 °c,6 °c,9 °c,15 °c,10 °c,14 °c,11 °c,8 °c,13 °c,10 °c,12 °c,12 °c,17 °c,5 °c,10 °c,14 °c,11 °c,15 °c,6 °c,10 °c,14 °c,11 °c,9 °c,12 °c,15 °c,6 °c,10 °c,14 °c,9 °c,16 °c,7 °c,8 °c,13 °c,13 °c,7 °c,13 °c,14 °c,7 °c,10 °c,13 °c,11 °c,15 °c,8 °c,8 °c,11 °c,9 °c,9 °c,12 °c,12 °c,5 °c,7 °c,14 °c,8 °c,14 °c,10 °c,12 °c,11 °c,10 °c,7 °c,11 °c,14 °c,6 °c,7 °c,15 °c,6 °c,13 °c,15 °c,13 °c,10 °c,9 °c,10 °c,14 °c,14 °c,5 °c,10 °c,11 °c,9 °c,13 °c,14 °c,14 °c,10 °c,9 °c,7 °c,13 °c,10 °c,5 °c,8 °c,12 °c,9 °c,16 °c,11 °c,10 °c,8 °c,9 °c,9 °c,12 °c,14 °c,8 °c,9 °c,11 °c,7 °c,16 °c,13 °c,10 °c,7 °c,9 °c,8 °c,10 °c,13 °c,13 °c,10 °c,10 °c,7 °c,11 °c,12 °c,7 °c,8 °c,9 °c,7 °c,11 °c,15 °c,10 °c,10 °c,9 °c,6 °c,11 °c,11 °c,8 °c,11 °c,10 °c,6 °c,10 °c,13 °c,9 °c,7 °c,7 °c,7 °c,13 °c,12 °c,10 °c,11 °c,10 °c,6 °c,10 °c,12 °c,7 °c,9 °c,6 °c,6 °c,10 °c,15 °c,9 °c,11 °c,9 °c,6 °c,10 °c,9 °c,12 °c,10 °c,5 °c,5 °c,6 °c,16 °c,8 °c,10 °c,8 °c,6 °c,9 °c,5 °c,12 °c,11 °c,6 °c,7 °c,7 °c,13 °c,5 °c,11 °c,10 °c,4 °c,11 °c,5 °c,12 °c,13 °c,6 °c,8 °c,8 °c,12 °c,6 °c,10 °c,10 °c,5 °c,13 °c,5 °c,14 °c,16 °c,8 °c,10 °c,8 °c,13 °c,6 °c,11 °c,10 °c,6 °c,10 °c,4 °c,11 °c,10 °c,5 °c,10 °c,8 °c,12 °c,4 °c,9 °c,11 °c,6 °c,8 °c,8 °c,8 °c,7 °c,6 °c,9 °c,8 °c,10 °c,3 °c,11 °c,10 °c,6 °c,7 °c,7 °c,8 °c,6 °c,7 °c,11 °c,9 °c,8 °c,3 °c,10 °c,9 °c,6 °c,8 °c,7 °c,7 °c,8 °c,6 °c,11 °c,8 °c,9 °c,0 °c,8 °c,6 °c,8 °c,9 °c,7 °c,4 °c,7 °c,8 °c,10 °c,8 °c,10 °c,-1 °c,7 °c,5 °c,8 °c,6 °c,12 °c,4 °c,5 °c,10 °c,7 °c,6 °c,8 °c,0 °c,9 °c,4 °c,7 °c,4 °c,11 °c,3 °c,4 °c,11 °c,7 °c,4 °c,8 °c,-5 °c,10 °c,4 °c,8 °c,4 °c,12 °c,5 °c,4 °c,10 °c,5 °c,6 °c,7 °c,-5 °c,9 °c,5 °c,8 °c,3 °c,12 °c,8 °c,4 °c,13 °c,6 °c,5 °c,10 °c,-2 °c,8 °c,5 °c,6 °c,0 °c,12 °c,7 °c,2 °c,13 °c,7 °c,5 °c,6 °c,-1 °c,8 °c,5 °c,6 °c,3 °c,11 °c,4 °c,5 °c,9 °c,7 °c,7 °c,9 °c,1 °c,4 °c,4 °c,6 °c,5 °c,9 °c,6 °c,6 °c,8 °c,4 °c,6 °c,11 °c,2 °c,5 °c,3 °c,5 °c,5 °c,11 °c,6 °c,8 °c,12 °c,6 °c,6 °c,8 °c,0 °c,7 °c,0 °c,6 °c,6 °c,13 °c,7 °c,8 °c,12 °c,9 °c,4 °c,7 °c,0 °c,7 °c,0 °c,7 °c,5 °c,12 °c,8 °c,4 °c,10 °c,12 °c,4 °c,8 °c,1 °c,6 °c,3 °c,9 °c,4 °c,9 °c,9 °c,4 °c,9 °c,9 °c,5 °c,10 °c,2 °c,6 °c,3 °c,9 °c,7 °c,7 °c,8 °c,6 °c,7 °c,7 °c,3 °c,7 °c,4 °c,6 °c,-1 °c,9 °c,7 °c,7 °c,8 °c,5 °c,7 °c,6 °c,4 °c,4 °c,4 °c,7 °c,-1 °c,7 °c,9 °c,8 °c,8 °c,3 °c,5 °c,6 °c,6 °c,3 °c,-1 °c,10 °c,-1 °c,6 °c,5 °c,9 °c,6 °c,5 °c,3 °c,6 °c,6 °c,1 °c,-2 °c,6 °c,5 °c,6 °c,4 °c,10 °c,10 °c,6 °c,3 °c,7 °c,8 °c,1 °c,1 °c,7 °c,7 °c,7 °c,5 °c,9 °c,9 °c,5 °c,2 °c,9 °c,11 °c,-1 °c,2 °c,7 °c,7 °c,9 °c,7 °c,13 °c,7 °c,5 °c,4 °c,9 °c,9 °c,0 °c,0 °c,6 °c,8 °c,8 °c,8 °c,15 °c,6 °c,4 °c,7 °c,14 °c,10 °c,-2 °c,-3 °c,4 °c,6 °c,9 °c,12 °c,5 °c,7 °c,5 °c,8 °c,10 °c,9 °c,-7 °c,0 °c,4 °c,7 °c,10 °c,11 °c,5 °c,6 °c,6 °c,9 °c,14 °c,11 °c,1 °c,-2 °c,4 °c,4 °c,6 °c,7 °c,4 °c,4 °c,7 °c,8 °c,11 °c,10 °c,1 °c,1 °c,6 °c,8 °c,7 °c,7 °c,11 °c,6 °c,9 °c,13 °c,10 °c,9 °c,2 °c,1 °c,10 °c,8 °c,10 °c,11 °c,14 °c,6 °c,9 °c,11 °c,10 °c,13 °c,2 °c,-2 °c,10 °c,12 °c,9 °c,11 °c,12 °c,7 °c,10 °c,8 °c,8 °c,12 °c,3 °c,-3 °c,6 °c,13 °c,12 °c,8 °c,13 °c,7 °c,10 °c,6 °c,10 °c,7 °c,4 °c,-7 °c,8 °c,9 °c,9 °c,6 °c,11 °c,11 °c,9 °c,5 °c,9 °c,4 °c,4 °c,0 °c,10 °c,7 °c,6 °c,4 °c,14 °c,10 °c,8 °c,4 °c,7 °c,5 °c,5 °c,-1 °c,8 °c,10 °c,9 °c,1 °c,12 °c,7 °c,7 °c,5 °c,7 °c,7 °c,4 °c,1 °c,6 °c,7 °c,9 °c,-1 °c,7 °c,6 °c,4 °c,4 °c,4 °c,4 °c,3 °c,1 °c,6 °c,11 °c,7 °c,2 °c,10 °c,5 °c,5 °c,7 °c,5 °c,3 °c,8 °c,0 °c,6 °c,8 °c,6 °c,3 °c,10 °c,7 °c,12 °c,8 °c,7 °c,4 °c,2 °c,1 °c,9 °c,10 °c,7 °c,3 °c,10 °c,4 °c,14 °c,9 °c,6 °c,5 °c
Minimum Temprature,-4 °c,-3 °c,-1 °c,10 °c,3 °c,3 °c,-1 °c,4 °c,-2 °c,5 °c,6 °c,-2 °c,0 °c,-3 °c,-5 °c,-4 °c,4 °c,3 °c,7 °c,2 °c,3 °c,-1 °c,5 °c,3 °c,-1 °c,0 °c,-4 °c,-4 °c,-5 °c,3 °c,6 °c,6 °c,1 °c,6 °c,-1 °c,7 °c,3 °c,5 °c,0 °c,-2 °c,-8 °c,-5 °c,4 °c,8 °c,5 °c,2 °c,2 °c,2 °c,5 °c,1 °c,3 °c,0 °c,-4 °c,-5 °c,-7 °c,4 °c,6 °c,3 °c,-1 °c,3 °c,-3 °c,6 °c,5 °c,1 °c,2 °c,-12 °c,-6 °c,1 °c,2 °c,6 °c,4 °c,0 °c,5 °c,-4 °c,4 °c,5 °c,3 °c,0 °c,-12 °c,-6 °c,1 °c,1 °c,6 °c,8 °c,1 °c,4 °c,-4 °c,3 °c,2 °c,3 °c,-1 °c,-8 °c,-8 °c,7 °c,5 °c,3 °c,7 °c,2 °c,3 °c,0 °c,2 °c,5 °c,3 °c,-1 °c,-9 °c,-4 °c,2 °c,2 °c,3 °c,7 °c,5 °c,2 °c,1 °c,2 °c,1 °c,7 °c,-1 °c,-7 °c,-3 °c,-1 °c,4 °c,4 °c,4 °c,6 °c,5 °c,3 °c,6 °c,0 °c,4 °c,0 °c,-6 °c,-4 °c,-2 °c,7 °c,-2 °c,1 °c,2 °c,3 °c,3 °c,4 °c,1 °c,2 °c,0 °c,-2 °c,-4 °c,1 °c,5 °c,-3 °c,0 °c,4 °c,4 °c,3 °c,4 °c,5 °c,1 °c,3 °c,2 °c,-4 °c,8 °c,2 °c,-4 °c,2 °c,6 °c,4 °c,1 °c,2 °c,7 °c,4 °c,2 °c,1 °c,-1 °c,9 °c,2 °c,-3 °c,3 °c,3 °c,2 °c,0 °c,1 °c,3 °c,3 °c,0 °c,-1 °c,-2 °c,7 °c,0 °c,-4 °c,1 °c,6 °c,2 °c,-1 °c,2 °c,2 °c,8 °c,-2 °c,-1 °c,-2 °c,5 °c,-1 °c,-5 °c,5 °c,4 °c,0 °c,-2 °c,4 °c,5 °c,4 °c,-4 °c,1 °c,2 °c,4 °c,0 °c,-7 °c,5 °c,1 °c,-2 °c,-4 °c,2 °c,2 °c,7 °c,0 °c,3 °c,2 °c,4 °c,-1 °c,-6 °c,4 °c,1 °c,-4 °c,-5 °c,3 °c,-1 °c,4 °c,0 °c,2 °c,3 °c,1 °c,3 °c,-7 °c,2 °c,-1 °c,-5 °c,-4 °c,3 °c,-1 °c,2 °c,2 °c,2 °c,1 °c,-1 °c,0 °c,-8 °c,2 °c,-2 °c,-3 °c,-1 °c,1 °c,-2 °c,2 °c,5 °c,0 °c,-1 °c,-2 °c,0 °c,-4 °c,1 °c,-2 °c,-1 °c,-1 °c,0 °c,-2 °c,1 °c,3 °c,0 °c,1 °c,0 °c,4 °c,-6 °c,1 °c,-2 °c,-2 °c,-2 °c,3 °c,-2 °c,1 °c,3 °c,3 °c,-2 °c,0 °c,3 °c,-7 °c,0 °c,-3 °c,2 °c,-4 °c,4 °c,-3 °c,2 °c,1 °c,2 °c,-1 °c,1 °c,0 °c,-7 °c,1 °c,-2 °c,2 °c,-1 °c,10 °c,-5 °c,1 °c,0 °c,0 °c,-3 °c,1 °c,0 °c,-7 °c,1 °c,-1 °c,7 °c,-3 °c,7 °c,-3 °c,0 °c,0 °c,-1 °c,-7 °c,0 °c,1 °c,-6 °c,3 °c,2 °c,7 °c,-4 °c,4 °c,3 °c,1 °c,0 °c,-2 °c,-8 °c,-2 °c,1 °c,-1 °c,2 °c,1 °c,10 °c,-3 °c,3 °c,3 °c,4 °c,-2 °c,-2 °c,1 °c,-4 °c,-1 °c,1 °c,2 °c,2 °c,4 °c,1 °c,6 °c,2 °c,4 °c,3 °c,-2 °c,0 °c,-3 °c,-3 °c,6 °c,0 °c,1 °c,4 °c,1 °c,8 °c,0 °c,2 °c,6 °c,-2 °c,-3 °c,-5 °c,-3 °c,6 °c,0 °c,0 °c,4 °c,3 °c,3 °c,-3 °c,4 °c,1 °c,-2 °c,-1 °c,-5 °c,-6 °c,4 °c,0 °c,0 °c,3 °c,1 °c,6 °c,-2 °c,5 °c,-1 °c,-3 °c,-2 °c,-7 °c,-8 °c,3 °c,3 °c,-1 °c,11 °c,-1 °c,2 °c,0 °c,9 °c,0 °c,-2 °c,-2 °c,-1 °c,-10 °c,0 °c,2 °c,0 °c,7 °c,4 °c,2 °c,1 °c,6 °c,3 °c,0 °c,-1 °c,1 °c,-9 °c,-1 °c,0 °c,-2 °c,3 °c,6 °c,1 °c,-2 °c,7 °c,7 °c,0 °c,1 °c,2 °c,-8 °c,4 °c,2 °c,-3 °c,3 °c,3 °c,-2 °c,-1 °c,0 °c,4 °c,1 °c,2 °c,7 °c,-9 °c,1 °c,3 °c,-3 °c,4 °c,2 °c,-2 °c,2 °c,1 °c,6 °c,2 °c,0 °c,6 °c,-9 °c,-2 °c,4 °c,-3 °c,7 °c,0 °c,-2 °c,1 °c,1 °c,4 °c,1 °c,1 °c,2 °c,-11 °c,-3 °c,5 °c,-3 °c,7 °c,1 °c,-3 °c,5 °c,2 °c,1 °c,0 °c,-5 °c,3 °c,-8 °c,-2 °c,3 °c,1 °c,7 °c,1 °c,-2 °c,4 °c,2 °c,-6 °c,0 °c,-8 °c,1 °c,-8 °c,-4 °c,3 °c,1 °c,5 °c,-1 °c,-2 °c,7 °c,5 °c,-11 °c,2 °c,-7 °c,2 °c,-8 °c,-3 °c,2 °c,4 °c,3 °c,-2 °c,0 °c,5 °c,3 °c,-13 °c,1 °c,-7 °c,8 °c,-10 °c,-5 °c,2 °c,1 °c,3 °c,-2 °c,1 °c,3 °c,3 °c,-9 °c,-1 °c,-5 °c,5 °c,-9 °c,-6 °c,2 °c,1 °c,2 °c,-1 °c,0 °c,1 °c,1 °c,-9 °c,-1 °c,-5 °c,2 °c,-4 °c,-6 °c,4 °c,0 °c,0 °c,-1 °c,-1 °c,1 °c,2 °c,-9 °c,-4 °c,-4 °c,2 °c,-1 °c,-5 °c,1 °c,3 °c,2 °c,0 °c,-1 °c,3 °c,2 °c,-6 °c,-3 °c,-6 °c,3 °c,2 °c,-1 °c,7 °c,1 °c,-1 °c,3 °c,3 °c,5 °c,4 °c,-6 °c,1 °c,-5 °c,2 °c,0 °c,1 °c,4 °c,1 °c,-4 °c,5 °c,1 °c,6 °c,10 °c,1 °c,0 °c,-5 °c,0 °c,2 °c,0 °c,2 °c,0 °c,-3 °c,4 °c,1 °c,6 °c,7 °c,3 °c,-3 °c,0 °c,-1 °c,4 °c,-1 °c,3 °c,1 °c,-1 °c,5 °c,0 °c,7 °c,4 °c,4 °c,-2 °c,2 °c,-1 °c,0 °c,0 °c,4 °c,-1 °c,0 °c,2 °c,-1 °c,6 °c,1 °c,3 °c,1 °c,-2 °c,-2 °c,-1 °c,-3 °c,5 °c,1 °c,3 °c,6 °c,0 °c,4 °c,5 °c,7 °c,2 °c,-2 °c,-3 °c,-1 °c,-4 °c,5 °c,4 °c,10 °c,8 °c,-1 °c,5 °c,2 °c,7 °c,5 °c,1 °c,-5 °c,0 °c,-4 °c,2 °c,0 °c,5 °c,9 °c,-2 °c,8 °c,5 °c,7 °c,4 °c,2 °c,-4 °c,3 °c,-5 °c,1 °c,3 °c,3 °c,7 °c,-2 °c,5 °c,7 °c,8 °c,2 °c,4 °c,0 °c,8 °c,-2 °c,2 °c,2 °c,0 °c,3 °c,-3 °c,4 °c,3 °c,10 °c,0 °c,7 °c,3 °c,4 °c,-1 °c,5 °c,0 °c,0 °c,1 °c,-4 °c,7 °c,4 °c,9 °c,5 °c,5 °c,3 °c,2 °c,-2 °c,6 °c,2 °c,-1 °c,5 °c,-5 °c,9 °c,1 °c,6 °c,5 °c,3 °c,2 °c,2 °c,-1 °c,3 °c,4 °c,-1 °c,8 °c,-6 °c,10 °c,-2 °c,3 °c,6 °c,4 °c,2 °c,6 °c,-3 °c,2 °c,0 °c,-1 °c,3 °c,-7 °c,7 °c,2 °c,5 °c,4 °c,3 °c,-1 °c,6 °c,-1 °c,2 °c,5 °c,-1 °c,4 °c,-7 °c,6 °c,4 °c,5 °c,5 °c,0 °c,-2 °c,7 °c,-1 °c,2 °c,3 °c,4 °c,5 °c,-5 °c,6 °c,3 °c,6 °c,1 °c,-1 °c,2 °c,4 °c,-1 °c,3 °c,1 °c,2 °c,3 °c,-3 °c,8 °c,1 °c,6 °c,4 °c,-2 °c,2 °c,4 °c,-1 °c,2 °c,1 °c,2 °c,8 °c,-1 °c,7 °c,2 °c,4 °c,2 °c,-3 °c,2 °c,3 °c,1 °c,2 °c,1 °c,1 °c,5 °c,2 °c,5 °c,-2 °c,0 °c,2 °c,-3 °c,3 °c,1 °c,4 °c,3 °c,3 °c,0 °c,4 °c,4 °c,7 °c,5 °c,3 °c,-1 °c,-5 °c,-2 °c,1 °c,7 °c,3 °c,3 °c,1 °c,3 °c,4 °c,8 °c,2 °c,2 °c,5 °c,-4 °c,-2 °c,1 °c,7 °c,5 °c,4 °c,0 °c,3 °c,2 °c,6 °c,6 °c,0 °c,2 °c,-5 °c,5 °c,1 °c,6 °c,6 °c,6 °c,0 °c,4 °c,2 °c,8 °c,4 °c,2 °c,3 °c,-4 °c,2 °c,5 °c,-2 °c,7 °c,5 °c,0 °c,2 °c,8 °c,6 °c,6 °c,2 °c,3 °c,-4 °c,6 °c,6 °c,-5 °c,5 °c,3 °c,1 °c,3 °c,9 °c,3 °c,9 °c,6 °c,3 °c,-1 °c,3 °c,4 °c,-5 °c,5 °c,3 °c,1 °c,4 °c,8 °c,3 °c,6 °c,4 °c,4 °c,0 °c,6 °c,3 °c,-9 °c,7 °c,3 °c,-1 °c,4 °c,5 °c,5 °c,5 °c,5 °c,5 °c,3 °c,7 °c,2 °c,-5 °c,4 °c,3 °c,-1 °c,4 °c,2 °c,5 °c,2 °c,3 °c,6 °c,3 °c,5 °c,2 °c,-5 °c,7 °c,4 °c,1 °c,7 °c,4 °c,6 °c,6 °c,4 °c,6 °c,4 °c,5 °c,7 °c,-3 °c,7 °c,5 °c,1 °c,5 °c,2 °c,8 °c,6 °c,3 °c,3 °c,2 °c,2 °c,6 °c,1 °c,6 °c,3 °c,0 °c,7 °c,-3 °c,5 °c,6 °c,4 °c,0 °c,4 °c,4 °c,4 °c,1 °c,6 °c,3 °c,2 °c,6 °c,-4 °c,3 °c,8 °c,1 °c,0 °c,9 °c,2 °c,1 °c,1 °c,7 °c,5 °c,4 °c,10 °c,-5 °c,3 °c,9 °c,0 °c,0 °c,12 °c,0 °c,2 °c,0 °c,6 °c,1 °c,4 °c,9 °c,-2 °c,4 °c,7 °c,0 °c,0 °c,7 °c,1 °c,4 °c,-1 °c,7 °c,1 °c,5 °c,5 °c,-2 °c,6 °c,3 °c,5 °c,1 °c,5 °c,3 °c,7 °c,-5 °c,5 °c,1 °c,3 °c,2 °c,2 °c,8 °c,1 °c,2 °c,3 °c,5 °c,4 °c,8 °c,-3 °c,2 °c,1 °c,4 °c,3 °c,3 °c,7 °c,0 °c,3 °c,2 °c,7 °c,4 °c,9 °c,-5 °c,2 °c,5 °c,6 °c,4 °c,1 °c,6 °c,0 °c,4 °c,2 °c,10 °c,6 °c,7 °c,-3 °c,4 °c,5 °c,6 °c,4 °c,4 °c,4 °c,1 °c,7 °c,2 °c,7 °c,4 °c,5 °c,-4 °c,4 °c,2 °c,3 °c,4 °c,4 °c,3 °c,1 °c,7 °c,5 °c,6 °c,2 °c,5 °c,-4 °c,2 °c,4 °c,7 °c,6 °c,3 °c,4 °c,3 °c,4 °c,4 °c,6 °c,2 °c,6 °c,-2 °c,5 °c,2 °c,7 °c,9 °c,5 °c,6 °c,6 °c,5 °c,4 °c,8 °c,2 °c,6 °c,-3 °c,6 °c,9 °c,5 °c,8 °c,3 °c,7 °c,2 °c,8 °c,1 °c,8 °c,5 °c,7 °c,-3 °c,8 °c,5 °c,7 °c,10 °c,6 °c,9 °c,-1 °c,8 °c,2 °c,4 °c,7 °c,3 °c,-3 °c,9 °c,5 °c,6 °c,11 °c,5 °c,8 °c,0 °c,11 °c,3 °c,3 °c,10 °c,0 °c,-3 °c,10 °c,3 °c,4 °c,11 °c,5 °c,4 °c,2 °c,12 °c,6 °c,2 °c,9 °c,2 °c,-3 °c,10 °c,4 °c,4 °c,7 °c,3 °c,8 °c,2 °c,5 °c,10 °c,6 °c,11 °c,4 °c,-3 °c,11 °c,2 °c,11 °c,7 °c,9 °c,6 °c,5 °c,3 °c,9 °c,6 °c,8 °c,7 °c,-3 °c,12 °c,4 °c,11 °c,7 °c,8 °c,5 °c,3 °c,2 °c,9 °c,3 °c,4 °c,3 °c,-2 °c,9 °c,0 °c,8 °c,6 °c,4 °c,5 °c,6 °c,1 °c,7 °c,4 °c,8 °c,1 °c,0 °c,8 °c,2 °c,6 °c,4 °c,3 °c,6 °c,9 °c,1 °c,11 °c,7 °c,10 °c,4 °c,-1 °c,11 °c,3 °c,4 °c,4 °c,9 °c,10 °c,10 °c,-1 °c,8 °c,9 °c,6 °c,0 °c,1 °c,8 °c,4 °c,3 °c,6 °c,12 °c,10 °c,12 °c,-2 °c,10 °c,4 °c,6 °c,5 °c,1 °c,4 °c,7 °c,5 °c,8 °c,12 °c,9 °c,14 °c,2 °c,11 °c,4 °c,5 °c,8 °c,4 °c,7 °c,8 °c,6 °c,9 °c,12 °c,5 °c,9 °c,5 °c,12 °c,2 °c,8 °c,5 °c,6 °c,9 °c,8 °c,7 °c,5 °c,11 °c,3 °c,8 °c,0 °c,12 °c,3 °c,5 °c,4 °c,6 °c,6 °c,5 °c,9 °c,6 °c,10 °c,4 °c,11 °c,0 °c,10 °c,5 °c,2 °c,3 °c,7 °c,6 °c,6 °c,6 °c,7 °c,10 °c,1 °c,6 °c,1 °c,9 °c,4 °c,2 °c,2 °c,9 °c,4 °c,6 °c,6 °c,4 °c,10 °c,0 °c,2 °c,2 °c,11 °c,4 °c,3 °c,4 °c,12 °c,3 °c,7 °c,7 °c,6 °c,12 °c,3 °c,4 °c,1 °c,11 °c,3 °c,4 °c,0 °c,9 °c,2 °c,8 °c,5 °c,5 °c,11 °c,7 °c,8 °c,3 °c,10 °c,1 °c,3 °c,0 °c,10 °c,4 °c,5 °c,5 °c,4 °c,10 °c,9 °c,10 °c,3 °c,6 °c,5 °c,6 °c,2 °c,10 °c,6 °c,3 °c,6 °c,1 °c,13 °c,10 °c,11 °c,6 °c,8 °c,4 °c,8 °c,6 °c,6 °c,3 °c,4 °c,6 °c,0 °c,15 °c,12 °c,10 °c,7 °c,8 °c,4 °c,8 °c,6 °c,6 °c,3 °c,4 °c,6 °c,0 °c,15 °c,12 °c,10 °c,7 °c,8 °c,1 °c,9 °c,4 °c,3 °c,9 °c,7 °c,5 °c,4 °c,14 °c,13 °c,8 °c,7 °c,6 °c,-2 °c,12 °c,3 °c,4 °c,8 °c,4 °c,7 °c,5 °c,16 °c,14 °c,9 °c,3 °c,3 °c,1 °c,11 °c,3 °c,7 °c,8 °c,4 °c,4 °c,4 °c,13 °c,11 °c,10 °c,3 °c,7 °c,4 °c,11 °c,5 °c,8 °c,9 °c,9 °c,2 °c,2 °c,9 °c,12 °c,12 °c,5 °c,9 °c,8 °c,10 °c,6 °c,10 °c,10 °c,11 °c,0 °c,4 °c,10 °c,9 °c,7 °c,3 °c,11 °c,8 °c,9 °c,9 °c,7 °c,10 °c,10 °c,1 °c,2 °c,7 °c,10 °c,8 °c,4 °c,10 °c,6 °c,7 °c,8 °c,4 °c,10 °c,7 °c,3 °c,1 °c,6 °c,7 °c,10 °c,5 °c,8 °c,9 °c,9 °c,10 °c,1 °c,9 °c,7 °c,2 °c,2 °c,11 °c,5 °c,6 °c,8 °c,6 °c,13 °c,9 °c,13 °c,4 °c,11 °c,3 °c,3 °c,2 °c,9 °c,7 °c,9 °c,7 °c,5 °c,10 °c,9 °c,11 °c,3 °c,9 °c,6 °c,6 °c,3 °c,8 °c,9 °c,9 °c,3 °c,8 °c,8 °c,8 °c,13 °c,4 °c,8 °c,4 °c,5 °c,8 °c,6 °c,8 °c,8 °c,7 °c,9 °c,8 °c,5 °c,12 °c,8 °c,9 °c,4 °c,6 °c,6 °c,7 °c,6 °c,7 °c,4 °c,8 °c,5 °c,3 °c,9 °c,8 °c,3 °c,9 °c,8 °c,7 °c,8 °c,7 °c,6 °c,3 °c,4 °c,5 °c,2 °c,8 °c,10 °c,3 °c,13 °c,4 °c,8 °c,10 °c,4 °c,9 °c,7 °c,8 °c,1 °c,3 °c,7 °c,7 °c,4 °c,13 °c,6 °c,7 °c,10 °c,2 °c,6 °c,5 °c,10 °c,4 °c,7 °c,4 °c,8 °c,9 °c,9 °c,10 °c,6 °c,12 °c,2 °c,7 °c,3 °c,9 °c,3 °c,13 °c,2 °c,12 °c,9 °c,8 °c,13 °c,10 °c,14 °c,4 °c,9 °c,2 °c,10 °c,5 °c,14 °c,6 °c,9 °c,8 °c,10 °c,13 °c,7 °c,15 °c,7 °c,11 °c,3 °c,6 °c,2 °c,14 °c,11 °c,11 °c,9 °c,11 °c,13 °c,3 °c,17 °c,7 °c,13 °c,10 °c,7 °c,3 °c,13 °c,13 °c,9 °c,7 °c,8 °c,15 °c,3 °c,11 °c,8 °c,15 °c,14 °c,10 °c,4 °c,12 °c,11 °c,7 °c,7 °c,12 °c,13 °c,7 °c,9 °c,8 °c,5 °c,12 °c,8 °c,4 °c,10 °c,6 °c,7 °c,6 °c,11 °c,13 °c,12 °c,14 °c,4 °c,4 °c,10 °c,9 °c,5 °c,7 °c,2 °c,7 °c,5 °c,8 °c,11 °c,12 °c,12 °c,5 °c,4 °c,9 °c,11 °c,4 °c,8 °c,4 °c,6 °c,4 °c,6 °c,5 °c,11 °c,11 °c,6 °c,6 °c,10 °c,12 °c,6 °c,6 °c,6 °c,7 °c,3 °c,8 °c,3 °c,9 °c,15 °c,8 °c,4 °c,7 °c,7 °c,5 °c,6 °c,4 °c,6 °c,5 °c,5 °c,3 °c,13 °c,14 °c,7 °c,6 °c,6 °c,10 °c,5 °c,10 °c,2 °c,8 °c,8 °c,5 °c,5 °c,16 °c,8 °c,8 °c,6 °c,8 °c,9 °c,4 °c,9 °c,8 °c,7 °c,8 °c,6 °c,8 °c,16 °c,6 °c,10 °c,11 °c,8 °c,9 °c,3 °c,10 °c,11 °c,7 °c,11 °c,8 °c,9 °c,11 °c,6 °c,13 °c,9 °c,5 °c,10 °c,6 °c,9 °c,12 °c,8 °c,13 °c,5 °c,9 °c,7 °c,12 °c,11 °c,12 °c,6 °c,12 °c,6 °c,9 °c,13 °c,7 °c,14 °c,5 °c,9 °c,8 °c,13 °c,12 °c,14 °c,12 °c,12 °c,6 °c,9 °c,13 °c,7 °c,14 °c,5 °c,9 °c,8 °c,13 °c,12 °c,14 °c,12 °c,7 °c,9 °c,8 °c,15 °c,4 °c,12 °c,10 °c,11 °c,13 °c,15 °c,10 °c,10 °c,7 °c,13 °c,13 °c,11 °c,16 °c,1 °c,11 °c,7 °c,9 °c,11 °c,16 °c,12 °c,9 °c,9 °c,12 °c,12 °c,7 °c,12 °c,2 °c,9 °c,9 °c,7 °c,10 °c,15 °c,9 °c,9 °c,7 °c,12 °c,8 °c,10 °c,11 °c,5 °c,13 °c,7 °c,8 °c,13 °c,17 °c,11 °c,11 °c,7 °c,8 °c,7 °c,9 °c,12 °c,5 °c,14 °c,6 °c,12 °c,15 °c,18 °c,13 °c,12 °c,8 °c,11 °c,9 °c,7 °c,13 °c,8 °c,12 °c,11 °c,13 °c,16 °c,18 °c,10 °c,10 °c,6 °c,8 °c,6 °c,9 °c,11 °c,9 °c,9 °c,9 °c,13 °c,17 °c,19 °c,8 °c,9 °c,10 °c,9 °c,8 °c,11 °c,10 °c,8 °c,6 °c,6 °c,14 °c,16 °c,17 °c,12 °c,12 °c,10 °c,11 °c,7 °c,12 °c,12 °c,10 °c,8 °c,8 °c,13 °c,14 °c,19 °c,13 °c,12 °c,12 °c,13 °c,9 °c,7 °c,11 °c,10 °c,11 °c,10 °c,14 °c,11 °c,16 °c,14 °c,12 °c,12 °c,10 °c,10 °c,8 °c,8 °c,5 °c,9 °c,11 °c,16 °c,15 °c,15 °c,18 °c,14 °c,13 °c,8 °c,10 °c,11 °c,8 °c,5 °c,8 °c,14 °c,14 °c,16 °c,14 °c,17 °c,14 °c,16 °c,6 °c,10 °c,14 °c,7 °c,4 °c,11 °c,9 °c,14 °c,12 °c,17 °c,16 °c,11 °c,15 °c,7 °c,9 °c,17 °c,4 °c,10 °c,7 °c,14 °c,15 °c,9 °c,14 °c,17 °c,6 °c,14 °c,6 °c,13 °c,15 °c,9 °c,11 °c,8 °c,13 °c,14 °c,11 °c,15 °c,12 °c,7 °c,12 °c,4 °c,12 °c,13 °c,12 °c,12 °c,15 °c,8 °c,16 °c,9 °c,19 °c,12 °c,9 °c,7 °c,8 °c,11 °c,11 °c,12 °c,12 °c,17 °c,7 °c,14 °c,10 °c,19 °c,13 °c,9 °c,14 °c,12 °c,15 °c,8 °c,9 °c,10 °c,17 °c,7 °c,10 °c,13 °c,16 °c,10 °c,10 °c,15 °c,11 °c,16 °c,7 °c,7 °c,8 °c,17 °c,8 °c,8 °c,10 °c,17 °c,14 °c,11 °c,16 °c,11 °c,14 °c,7 °c,10 °c,10 °c,15 °c,12 °c,13 °c,16 °c,15 °c,13 °c,11 °c,18 °c,9 °c,12 °c,7 °c,10 °c,13 °c,12 °c,13 °c,12 °c,12 °c,15 °c,13 °c,15 °c,15 °c,4 °c,7 °c,11 °c,9 °c,13 °c,11 °c,15 °c,13 °c,11 °c,12 °c,11 °c,15 °c,9 °c,12 °c,9 °c,13 °c,7 °c,9 °c,12 °c,11 °c,12 °c,11 °c,11 °c,14 °c,15 °c,14 °c,11 °c,10 °c,13 °c,11 °c,9 °c,9 °c,11 °c,11 °c,15 °c,13 °c,15 °c,15 °c,16 °c,10 °c,7 °c,13 °c,13 °c,10 °c,10 °c,7 °c,11 °c,13 °c,15 °c,13 °c,15 °c,16 °c,11 °c,11 °c,9 °c,11 °c,11 °c,12 °c,7 °c,11 °c,11 °c,13 °c,14 °c,15 °c,19 °c,17 °c,10 °c,12 °c,11 °c,15 °c,10 °c,11 °c,11 °c,13 °c,13 °c,17 °c,15 °c,20 °c,12 °c,7 °c,10 °c,8 °c,19 °c,10 °c,9 °c,11 °c,17 °c,14 °c,18 °c,13 °c,17 °c,9 °c,8 °c,8 °c,14 °c,18 °c,9 °c,10 °c,10 °c,19 °c,16 °c,14 °c,13 °c,14 °c,9 °c,9 °c,14 °c,12 °c,15 °c,9 °c,10 °c,14 °c,15 °c,11 °c,11 °c,15 °c,14 °c,8 °c,10 °c,12 °c,11 °c,13 °c,11 °c,10 °c,14 °c,17 °c,10 °c,12 °c,12 °c,12 °c,9 °c,8 °c,11 °c,11 °c,13 °c,9 °c,7 °c,18 °c,15 °c,8 °c,16 °c,16 °c,14 °c,12 °c,12 °c,9 °c,11 °c,10 °c,9 °c,9 °c,18 °c,13 °c,11 °c,20 °c,18 °c,13 °c,14 °c,13 °c,10 °c,10 °c,10 °c,9 °c,12 °c,13 °c,16 °c,12 °c,22 °c,18 °c,14 °c,15 °c,12 °c,14 °c,9 °c,7 °c,10 °c,14 °c,10 °c,15 °c,11 °c,20 °c,18 °c,14 °c,14 °c,13 °c,13 °c,14 °c,9 °c,12 °c,14 °c,10 °c,13 °c,13 °c,15 °c,19 °c,16 °c,14 °c,14 °c,19 °c,16 °c,8 °c,12 °c,11 °c,12 °c,17 °c,16 °c,12 °c,16 °c,18 °c,15 °c,15 °c,15 °c,15 °c,10 °c,13 °c,17 °c,14 °c,16 °c,17 °c,17 °c,12 °c,17 °c,17 °c,13 °c,11 °c,14 °c,7 °c,9 °c,14 °c,14 °c,13 °c,17 °c,18 °c,9 °c,14 °c,17 °c,16 °c,10 °c,13 °c,13 °c,8 °c,17 °c,15 °c,14 °c,16 °c,14 °c,16 °c,12 °c,18 °c,19 °c,8 °c,10 °c,12 °c,10 °c,22 °c,12 °c,11 °c,15 °c,12 °c,12 °c,14 °c,19 °c,18 °c,8 °c,12 °c,15 °c,10 °c,18 °c,10 °c,9 °c,16 °c,12 °c,11 °c,14 °c,15 °c,17 °c,9 °c,15 °c,13 °c,14 °c,22 °c,10 °c,13 °c,18 °c,10 °c,14 °c,16 °c,15 °c,13 °c,10 °c,17 °c,14 °c,16 °c,18 °c,14 °c,15 °c,18 °c,15 °c,17 °c,14 °c,15 °c,10 °c,13 °c,16 °c,14 °c,16 °c,14 °c,10 °c,15 °c,15 °c,14 °c,12 °c,14 °c,13 °c,9 °c,12 °c,13 °c,15 °c,12 °c,16 °c,10 °c,17 °c,16 °c,12 °c,9 °c,12 °c,16 °c,13 °c,14 °c,14 °c,14 °c,12 °c,16 °c,15 °c,14 °c,9 °c,12 °c,10 °c,16 °c,14 °c,13 °c,14 °c,12 °c,11 °c,15 °c,15 °c,14 °c,9 °c,12 °c,10 °c,18 °c,12 °c,13 °c,13 °c,14 °c,8 °c,17 °c,17 °c,13 °c,10 °c,14 °c,12 °c,19 °c,11 °c,11 °c,10 °c,16 °c,14 °c,17 °c,14 °c,12 °c,14 °c,11 °c,13 °c,20 °c,14 °c,11 °c,10 °c,15 °c,14 °c,13 °c,14 °c,14 °c,15 °c,11 °c,13 °c,15 °c,13 °c,13 °c,11 °c,15 °c,13 °c,11 °c,10 °c,15 °c,12 °c,13 °c,17 °c,18 °c,11 °c,12 °c,11 °c,14 °c,16 °c,9 °c,12 °c,16 °c,12 °c,13 °c,16 °c,17 °c,11 °c,11 °c,12 °c,13 °c,14 °c,10 °c,10 °c,17 °c,12 °c,12 °c,13 °c,15 °c,13 °c,9 °c,13 °c,14 °c,15 °c,12 °c,15 °c,18 °c,11 °c,9 °c,16 °c,13 °c,14 °c,14 °c,14 °c,16 °c,20 °c,16 °c,17 °c,19 °c,12 °c,12 °c,14 °c,12 °c,12 °c,14 °c,15 °c,18 °c,17 °c,14 °c,13 °c,17 °c,15 °c,15 °c,12 °c,12 °c,10 °c,14 °c,15 °c,19 °c,15 °c,15 °c,18 °c,17 °c,16 °c,16 °c,14 °c,16 °c,12 °c,11 °c,14 °c,20 °c,13 °c,15 °c,17 °c,17 °c,17 °c,13 °c,13 °c,18 °c,12 °c,10 °c,16 °c,18 °c,18 °c,15 °c,14 °c,17 °c,15 °c,12 °c,18 °c,16 °c,12 °c,8 °c,19 °c,18 °c,18 °c,16 °c,18 °c,16 °c,16 °c,12 °c,17 °c,14 °c,9 °c,12 °c,18 °c,17 °c,14 °c,14 °c,15 °c,17 °c,19 °c,13 °c,15 °c,13 °c,10 °c,14 °c,19 °c,16 °c,14 °c,15 °c,14 °c,21 °c,22 °c,15 °c,12 °c,7 °c,9 °c,18 °c,17 °c,14 °c,13 °c,14 °c,13 °c,22 °c,23 °c,15 °c,11 °c,13 °c,13 °c,17 °c,18 °c,13 °c,9 °c,15 °c,14 °c,23 °c,23 °c,16 °c,16 °c,12 °c,11 °c,18 °c,20 °c,16 °c,14 °c,17 °c,17 °c,23 °c,19 °c,14 °c,12 °c,15 °c,12 °c,17 °c,19 °c,16 °c,12 °c,15 °c,13 °c,20 °c,18 °c,18 °c,15 °c,12 °c,14 °c,13 °c,17 °c,16 °c,11 °c,14 °c,17 °c,18 °c,15 °c,12 °c,15 °c,12 °c,12 °c,12 °c,14 °c,16 °c,10 °c,15 °c,19 °c,21 °c,17 °c,13 °c,11 °c,13 °c,10 °c,11 °c,16 °c,13 °c,10 °c,15 °c,16 °c,21 °c,16 °c,19 °c,13 °c,16 °c,11 °c,14 °c,17 °c,16 °c,12 °c,12 °c,17 °c,20 °c,15 °c,21 °c,16 °c,14 °c,15 °c,18 °c,20 °c,17 °c,14 °c,14 °c,16 °c,20 °c,15 °c,17 °c,11 °c,12 °c,17 °c,14 °c,18 °c,16 °c,17 °c,17 °c,19 °c,22 °c,15 °c,13 °c,13 °c,13 °c,15 °c,13 °c,14 °c,15 °c,16 °c,14 °c,17 °c,22 °c,15 °c,12 °c,14 °c,12 °c,16 °c,15 °c,17 °c,15 °c,12 °c,12 °c,14 °c,19 °c,19 °c,15 °c,19 °c,10 °c,16 °c,15 °c,17 °c,15 °c,18 °c,13 °c,12 °c,18 °c,17 °c,18 °c,18 °c,12 °c,12 °c,12 °c,14 °c,15 °c,17 °c,12 °c,14 °c,23 °c,16 °c,20 °c,17 °c,14 °c,12 °c,16 °c,14 °c,16 °c,17 °c,14 °c,16 °c,20 °c,14 °c,22 °c,16 °c,12 °c,11 °c,13 °c,13 °c,17 °c,14 °c,12 °c,13 °c,18 °c,18 °c,24 °c,15 °c,14 °c,8 °c,11 °c,14 °c,15 °c,17 °c,10 °c,15 °c,14 °c,17 °c,23 °c,16 °c,16 °c,13 °c,12 °c,10 °c,12 °c,14 °c,8 °c,14 °c,15 °c,15 °c,23 °c,14 °c,13 °c,16 °c,12 °c,12 °c,12 °c,17 °c,14 °c,14 °c,15 °c,13 °c,22 °c,16 °c,12 °c,15 °c,13 °c,11 °c,12 °c,17 °c,15 °c,15 °c,18 °c,12 °c,23 °c,11 °c,11 °c,16 °c,16 °c,10 °c,12 °c,20 °c,15 °c,15 °c,15 °c,10 °c,20 °c,14 °c,15 °c,13 °c,18 °c,12 °c,11 °c,17 °c,13 °c,18 °c,15 °c,16 °c,19 °c,17 °c,15 °c,12 °c,16 °c,15 °c,10 °c,15 °c,12 °c,16 °c,17 °c,13 °c,20 °c,15 °c,15 °c,14 °c,16 °c,16 °c,11 °c,13 °c,13 °c,18 °c,17 °c,18 °c,19 °c,13 °c,12 °c,15 °c,18 °c,17 °c,11 °c,12 °c,14 °c,16 °c,15 °c,15 °c,16 °c,16 °c,11 °c,15 °c,20 °c,14 °c,10 °c,11 °c,14 °c,12 °c,16 °c,13 °c,17 °c,19 °c,13 °c,13 °c,21 °c,11 °c,8 °c,14 °c,15 °c,12 °c,19 °c,12 °c,19 °c,15 °c,17 °c,15 °c,19 °c,11 °c,8 °c,16 °c,13 °c,14 °c,19 °c,13 °c,22 °c,12 °c,18 °c,16 °c,15 °c,12 °c,10 °c,17 °c,12 °c,15 °c,20 °c,15 °c,18 °c,13 °c,17 °c,16 °c,13 °c,14 °c,10 °c,15 °c,16 °c,16 °c,19 °c,17 °c,15 °c,15 °c,13 °c,18 °c,14 °c,15 °c,8 °c,16 °c,18 °c,15 °c,16 °c,18 °c,13 °c,17 °c,12 °c,14 °c,14 °c,13 °c,9 °c,15 °c,20 °c,15 °c,12 °c,21 °c,14 °c,13 °c,14 °c,17 °c,14 °c,12 °c,13 °c,16 °c,22 °c,19 °c,10 °c,21 °c,16 °c,16 °c,13 °c,13 °c,11 °c,14 °c,10 °c,14 °c,19 °c,17 °c,15 °c,22 °c,13 °c,15 °c,10 °c,10 °c,15 °c,12 °c,12 °c,12 °c,19 °c,18 °c,14 °c,22 °c,16 °c,12 °c,10 °c,10 °c,15 °c,11 °c,14 °c,13 °c,15 °c,20 °c,16 °c,18 °c,12 °c,10 °c,9 °c,9 °c,14 °c,13 °c,14 °c,19 °c,12 °c,20 °c,14 °c,15 °c,12 °c,12 °c,9 °c,9 °c,10 °c,14 °c,12 °c,18 °c,15 °c,14 °c,13 °c,18 °c,14 °c,17 °c,8 °c,10 °c,8 °c,9 °c,10 °c,12 °c,14 °c,13 °c,12 °c,15 °c,12 °c,13 °c,9 °c,11 °c,11 °c,10 °c,11 °c,12 °c,15 °c,13 °c,13 °c,11 °c,12 °c,13 °c,9 °c,17 °c,13 °c,13 °c,12 °c,12 °c,14 °c,13 °c,15 °c,12 °c,13 °c,12 °c,10 °c,18 °c,12 °c,14 °c,12 °c,9 °c,16 °c,14 °c,17 °c,13 °c,18 °c,12 °c,9 °c,12 °c,15 °c,17 °c,15 °c,14 °c,14 °c,17 °c,18 °c,11 °c,13 °c,10 °c,9 °c,12 °c,11 °c,18 °c,14 °c,12 °c,14 °c,15 °c,16 °c,9 °c,10 °c,11 °c,10 °c,11 °c,10 °c,16 °c,14 °c,11 °c,15 °c,12 °c,14 °c,12 °c,11 °c,14 °c,10 °c,12 °c,14 °c,12 °c,13 °c,11 °c,17 °c,15 °c,11 °c,10 °c,13 °c,16 °c,12 °c,13 °c,15 °c,11 °c,11 °c,11 °c,13 °c,12 °c,15 °c,9 °c,17 °c,14 °c,12 °c,17 °c,16 °c,10 °c,10 °c,10 °c,15 °c,10 °c,16 °c,10 °c,13 °c,11 °c,12 °c,13 °c,13 °c,11 °c,11 °c,10 °c,16 °c,14 °c,15 °c,11 °c,13 °c,11 °c,13 °c,12 °c,10 °c,10 °c,10 °c,12 °c,17 °c,12 °c,16 °c,14 °c,14 °c,9 °c,10 °c,13 °c,8 °c,11 °c,13 °c,14 °c,20 °c,13 °c,13 °c,15 °c,14 °c,9 °c,12 °c,9 °c,8 °c,13 °c,12 °c,13 °c,20 °c,11 °c,13 °c,13 °c,17 °c,12 °c,11 °c,9 °c,10 °c,10 °c,12 °c,10 °c,18 °c,9 °c,11 °c,12 °c,19 °c,14 °c,9 °c,10 °c,9 °c,9 °c,14 °c,12 °c,15 °c,8 °c,13 °c,12 °c,20 °c,10 °c,8 °c,12 °c,11 °c,6 °c,15 °c,11 °c,13 °c,8 °c,14 °c,10 °c,14 °c,10 °c,6 °c,10 °c,11 °c,9 °c,15 °c,11 °c,14 °c,9 °c,18 °c,8 °c,11 °c,14 °c,6 °c,9 °c,7 °c,8 °c,15 °c,11 °c,13 °c,9 °c,17 °c,8 °c,13 °c,15 °c,9 °c,9 °c,6 °c,11 °c,15 °c,11 °c,10 °c,10 °c,17 °c,10 °c,14 °c,13 °c,11 °c,10 °c,8 °c,10 °c,13 °c,9 °c,12 °c,10 °c,14 °c,10 °c,15 °c,11 °c,11 °c,10 °c,7 °c,10 °c,10 °c,11 °c,11 °c,12 °c,11 °c,14 °c,14 °c,11 °c,12 °c,10 °c,6 °c,14 °c,8 °c,9 °c,12 °c,10 °c,9 °c,13 °c,13 °c,13 °c,11 °c,9 °c,11 °c,13 °c,8 °c,9 °c,12 °c,12 °c,7 °c,13 °c,13 °c,8 °c,8 °c,11 °c,12 °c,12 °c,9 °c,9 °c,12 °c,12 °c,7 °c,12 °c,9 °c,8 °c,6 °c,14 °c,10 °c,10 °c,10 °c,9 °c,9 °c,12 °c,8 °c,13 °c,10 °c,9 °c,6 °c,13 °c,10 °c,7 °c,11 °c,8 °c,10 °c,12 °c,11 °c,13 °c,11 °c,9 °c,9 °c,14 °c,8 °c,6 °c,12 °c,8 °c,13 °c,15 °c,11 °c,13 °c,11 °c,11 °c,7 °c,14 °c,9 °c,7 °c,14 °c,7 °c,15 °c,14 °c,8 °c,14 °c,9 °c,13 °c,8 °c,12 °c,6 °c,6 °c,13 °c,8 °c,12 °c,11 °c,6 °c,12 °c,12 °c,10 °c,7 °c,14 °c,6 °c,6 °c,12 °c,6 °c,12 °c,10 °c,8 °c,14 °c,11 °c,7 °c,10 °c,14 °c,9 °c,5 °c,11 °c,6 °c,8 °c,14 °c,7 °c,9 °c,9 °c,8 °c,13 °c,13 °c,11 °c,5 °c,12 °c,9 °c,9 °c,11 °c,10 °c,7 °c,7 °c,12 °c,14 °c,13 °c,10 °c,11 °c,11 °c,11 °c,8 °c,10 °c,9 °c,8 °c,9 °c,8 °c,13 °c,15 °c,8 °c,14 °c,12 °c,10 °c,6 °c,10 °c,11 °c,7 °c,10 °c,12 °c,13 °c,9 °c,10 °c,9 °c,8 °c,14 °c,3 °c,9 °c,13 °c,8 °c,10 °c,17 °c,12 °c,6 °c,6 °c,8 °c,12 °c,13 °c,9 °c,8 °c,11 °c,7 °c,7 °c,10 °c,10 °c,7 °c,5 °c,8 °c,9 °c,11 °c,6 °c,10 °c,8 °c,11 °c,10 °c,6 °c,10 °c,4 °c,6 °c,12 °c,13 °c,8 °c,3 °c,8 °c,9 °c,10 °c,8 °c,11 °c,7 °c,14 °c,3 °c,5 °c,11 °c,9 °c,3 °c,11 °c,12 °c,9 °c,6 °c,11 °c,4 °c,14 °c,3 °c,5 °c,9 °c,4 °c,3 °c,12 °c,14 °c,12 °c,5 °c,8 °c,4 °c,11 °c,9 °c,4 °c,9 °c,2 °c,6 °c,12 °c,15 °c,13 °c,7 °c,6 °c,2 °c,7 °c,5 °c,5 °c,12 °c,2 °c,4 °c,11 °c,17 °c,14 °c,7 °c,1 °c,2 °c,5 °c,4 °c,4 °c,10 °c,2 °c,6 °c,13 °c,17 °c,13 °c,6 °c,-1 °c,7 °c,3 °c,5 °c,8 °c,9 °c,0 °c,8 °c,13 °c,17 °c,13 °c,7 °c,3 °c,6 °c,3 °c,5 °c,6 °c,11 °c,5 °c,7 °c,15 °c,15 °c,10 °c,6 °c,6 °c,2 °c,5 °c,6 °c,10 °c,13 °c,5 °c,9 °c,14 °c,14 °c,13 °c,5 °c,2 °c,1 °c,8 °c,14 °c,9 °c,12 °c,2 °c,8 °c,14 °c,11 °c,12 °c,5 °c,4 °c,6 °c,5 °c,13 °c,7 °c,13 °c,6 °c,6 °c,13 °c,9 °c,11 °c,8 °c,3 °c,3 °c,3 °c,13 °c,13 °c,11 °c,8 °c,6 °c,13 °c,7 °c,10 °c,9 °c,7 °c,1 °c,2 °c,12 °c,11 °c,8 °c,6 °c,5 °c,10 °c,8 °c,11 °c,10 °c,7 °c,2 °c,1 °c,13 °c,13 °c,6 °c,10 °c,6 °c,9 °c,9 °c,9 °c,14 °c,5 °c,1 °c,2 °c,11 °c,14 °c,8 °c,8 °c,4 °c,8 °c,7 °c,11 °c,12 °c,7 °c,3 °c,2 °c,9 °c,10 °c,7 °c,8 °c,7 °c,12 °c,13 °c,11 °c,8 °c,9 °c,2 °c,7 °c,8 °c,10 °c,10 °c,9 °c,9 °c,13 °c,11 °c,11 °c,11 °c,9 °c,2 °c,7 °c,5 °c,14 °c,8 °c,8 °c,6 °c,11 °c,7 °c,12 °c,8 °c,9 °c,5 °c,6 °c,-2 °c,12 °c,8 °c,8 °c,7 °c,10 °c,4 °c,8 °c,6 °c,7 °c,7 °c,8 °c,-1 °c,12 °c,4 °c,7 °c,9 °c,8 °c,3 °c,5 °c,9 °c,7 °c,4 °c,11 °c,-1 °c,7 °c,3 °c,9 °c,9 °c,8 °c,3 °c,6 °c,8 °c,8 °c,9 °c,11 °c,5 °c,5 °c,9 °c,7 °c,6 °c,6 °c,5 °c,3 °c,11 °c,7 °c,7 °c,9 °c,4 °c,4 °c,10 °c,6 °c,7 °c,5 °c,4 °c,2 °c,10 °c,9 °c,4 °c,8 °c,5 °c,8 °c,11 °c,7 °c,7 °c,7 °c,7 °c,4 °c,12 °c,8 °c,4 °c,11 °c,4 °c,7 °c,10 °c,6 °c,5 °c,8 °c,7 °c,12 °c,13 °c,4 °c,9 °c,10 °c,4 °c,7 °c,11 °c,5 °c,3 °c,8 °c,4 °c,10 °c,7 °c,7 °c,14 °c,11 °c,3 °c,7 °c,9 °c,9 °c,4 °c,8 °c,5 °c,9 °c,4 °c,7 °c,11 °c,11 °c,4 °c,4 °c,6 °c,10 °c,6 °c,6 °c,7 °c,7 °c,5 °c,6 °c,8 °c,7 °c,2 °c,6 °c,4 °c,13 °c,3 °c,4 °c,10 °c,6 °c,5 °c,7 °c,5 °c,7 °c,7 °c,11 °c,3 °c,15 °c,4 °c,4 °c,11 °c,6 °c,6 °c,3 °c,3 °c,5 °c,7 °c,8 °c,7 °c,10 °c,-1 °c,5 °c,8 °c,4 °c,8 °c,5 °c,3 °c,6 °c,6 °c,6 °c,6 °c,13 °c,0 °c,6 °c,8 °c,3 °c,11 °c,5 °c,5 °c,4 °c,7 °c,5 °c,7 °c,12 °c,1 °c,6 °c,11 °c,2 °c,9 °c,3 °c,1 °c,2 °c,6 °c,2 °c,6 °c,9 °c,2 °c,6 °c,11 °c,2 °c,9 °c,3 °c,7 °c,3 °c,4 °c,4 °c,7 °c,10 °c,0 °c,4 °c,10 °c,3 °c,9 °c,8 °c,11 °c,3 °c,4 °c,4 °c,7 °c,9 °c,1 °c,4 °c,9 °c,2 °c,6 °c,10 °c,11 °c,2 °c,2 °c,1 °c,7 °c,6 °c,-1 °c,3 °c,7 °c,4 °c,10 °c,9 °c,7 °c,1 °c,0 °c,5 °c,8 °c,10 °c,4 °c,6 °c,4 °c,2 °c,11 °c,8 °c,3 °c,1 °c,0 °c,1 °c,7 °c,10 °c,10 °c,6 °c,4 °c,3 °c,8 °c,10 °c,0 °c,0 °c,2 °c,1 °c,6 °c,13 °c,9 °c,5 °c,3 °c,1 °c,5 °c,8 °c,2 °c,7 °c,5 °c,2 °c,6 °c,11 °c,6 °c,3 °c,2 °c,3 °c,8 °c,8 °c,4 °c,4 °c,3 °c,0 °c,5 °c,9 °c,4 °c,4 °c,2 °c,2 °c,5 °c,9 °c,4 °c,5 °c,4 °c,1 °c,5 °c,6 °c,4 °c,4 °c,2 °c,1 °c,3 °c,11 °c,1 °c,4 °c,1 °c,1 °c,3 °c,3 °c,10 °c,9 °c,2 °c,1 °c,2 °c,10 °c,2 °c,4 °c,4 °c,1 °c,5 °c,0 °c,9 °c,9 °c,1 °c,1 °c,6 °c,8 °c,2 °c,4 °c,4 °c,3 °c,7 °c,1 °c,8 °c,10 °c,1 °c,4 °c,5 °c,9 °c,1 °c,5 °c,6 °c,1 °c,5 °c,1 °c,6 °c,7 °c,3 °c,5 °c,4 °c,10 °c,-1 °c,3 °c,7 °c,2 °c,2 °c,3 °c,3 °c,4 °c,3 °c,4 °c,4 °c,7 °c,-2 °c,4 °c,4 °c,-1 °c,3 °c,2 °c,2 °c,2 °c,4 °c,6 °c,5 °c,6 °c,-2 °c,4 °c,6 °c,1 °c,5 °c,1 °c,3 °c,3 °c,2 °c,9 °c,5 °c,6 °c,-5 °c,2 °c,3 °c,4 °c,3 °c,4 °c,-1 °c,3 °c,2 °c,9 °c,4 °c,8 °c,-5 °c,1 °c,3 °c,4 °c,1 °c,7 °c,-1 °c,1 °c,8 °c,3 °c,2 °c,5 °c,-4 °c,4 °c,0 °c,2 °c,0 °c,7 °c,-2 °c,0 °c,8 °c,2 °c,0 °c,3 °c,-8 °c,4 °c,0 °c,3 °c,0 °c,7 °c,1 °c,0 °c,6 °c,1 °c,2 °c,4 °c,-7 °c,5 °c,0 °c,3 °c,-1 °c,9 °c,5 °c,-1 °c,10 °c,0 °c,2 °c,6 °c,-9 °c,4 °c,-2 °c,1 °c,-2 °c,7 °c,1 °c,-1 °c,11 °c,3 °c,5 °c,2 °c,-8 °c,6 °c,2 °c,-1 °c,-1 °c,7 °c,-1 °c,2 °c,5 °c,2 °c,4 °c,3 °c,0 °c,2 °c,1 °c,0 °c,0 °c,5 °c,-1 °c,2 °c,3 °c,-2 °c,3 °c,8 °c,-3 °c,2 °c,-2 °c,2 °c,1 °c,6 °c,0 °c,4 °c,8 °c,-2 °c,2 °c,5 °c,-5 °c,3 °c,-2 °c,0 °c,1 °c,9 °c,1 °c,2 °c,8 °c,6 °c,3 °c,6 °c,-4 °c,2 °c,-6 °c,3 °c,1 °c,8 °c,3 °c,1 °c,6 °c,7 °c,1 °c,5 °c,-2 °c,4 °c,-3 °c,5 °c,0 °c,6 °c,6 °c,0 °c,6 °c,5 °c,2 °c,8 °c,-1 °c,1 °c,1 °c,4 °c,3 °c,3 °c,5 °c,1 °c,4 °c,2 °c,0 °c,5 °c,2 °c,0 °c,-4 °c,3 °c,4 °c,3 °c,7 °c,-1 °c,3 °c,4 °c,-3 °c,3 °c,-2 °c,5 °c,-4 °c,1 °c,6 °c,4 °c,4 °c,0 °c,2 °c,3 °c,2 °c,-1 °c,-4 °c,4 °c,-4 °c,0 °c,2 °c,7 °c,3 °c,0 °c,0 °c,2 °c,0 °c,-3 °c,-4 °c,3 °c,1 °c,0 °c,0 °c,6 °c,6 °c,3 °c,-1 °c,4 °c,5 °c,-3 °c,-6 °c,3 °c,5 °c,4 °c,1 °c,6 °c,4 °c,0 °c,-1 °c,5 °c,6 °c,-4 °c,-5 °c,2 °c,5 °c,4 °c,3 °c,9 °c,3 °c,0 °c,-1 °c,5 °c,4 °c,-4 °c,-5 °c,1 °c,4 °c,5 °c,3 °c,12 °c,3 °c,0 °c,2 °c,9 °c,6 °c,-4 °c,-7 °c,0 °c,2 °c,4 °c,9 °c,2 °c,5 °c,2 °c,3 °c,6 °c,6 °c,-10 °c,-4 °c,-1 °c,2 °c,5 °c,5 °c,2 °c,1 °c,3 °c,6 °c,8 °c,6 °c,-8 °c,-8 °c,1 °c,1 °c,3 °c,4 °c,1 °c,-1 °c,4 °c,5 °c,9 °c,7 °c,-4 °c,-6 °c,1 °c,3 °c,3 °c,3 °c,9 °c,0 °c,6 °c,8 °c,5 °c,4 °c,1 °c,-4 °c,4 °c,5 °c,5 °c,7 °c,11 °c,4 °c,8 °c,8 °c,7 °c,7 °c,-2 °c,-4 °c,7 °c,10 °c,4 °c,8 °c,9 °c,3 °c,7 °c,6 °c,6 °c,6 °c,-1 °c,-4 °c,4 °c,8 °c,8 °c,4 °c,7 °c,4 °c,9 °c,3 °c,5 °c,3 °c,1 °c,-12 °c,3 °c,8 °c,6 °c,2 °c,7 °c,7 °c,5 °c,2 °c,6 °c,2 °c,1 °c,-7 °c,7 °c,6 °c,4 °c,1 °c,10 °c,5 °c,5 °c,0 °c,3 °c,0 °c,1 °c,-4 °c,5 °c,5 °c,3 °c,-2 °c,9 °c,3 °c,5 °c,1 °c,3 °c,3 °c,1 °c,-4 °c,2 °c,3 °c,6 °c,-4 °c,2 °c,3 °c,2 °c,1 °c,1 °c,2 °c,0 °c,-4 °c,3 °c,7 °c,3 °c,-5 °c,2 °c,1 °c,0 °c,3 °c,0 °c,-3 °c,3 °c,-7 °c,2 °c,5 °c,1 °c,1 °c,5 °c,2 °c,3 °c,5 °c,2 °c,1 °c,0 °c,-6 °c,2 °c,5 °c,1 °c,2 °c,6 °c,-1 °c,10 °c,7 °c,2 °c,2 °c
Wind Speed,5 km/h,16 km/h,13 km/h,21 km/h,22 km/h,22 km/h,16 km/h,13 km/h,11 km/h,24 km/h,20 km/h,12 km/h,10 km/h,9 km/h,13 km/h,11 km/h,20 km/h,17 km/h,22 km/h,24 km/h,25 km/h,14 km/h,20 km/h,19 km/h,11 km/h,7 km/h,7 km/h,11 km/h,9 km/h,32 km/h,20 km/h,23 km/h,14 km/h,21 km/h,22 km/h,36 km/h,10 km/h,23 km/h,12 km/h,18 km/h,8 km/h,12 km/h,27 km/h,17 km/h,21 km/h,15 km/h,19 km/h,25 km/h,22 km/h,12 km/h,19 km/h,19 km/h,16 km/h,12 km/h,20 km/h,35 km/h,12 km/h,17 km/h,11 km/h,14 km/h,12 km/h,19 km/h,20 km/h,13 km/h,16 km/h,10 km/h,7 km/h,21 km/h,21 km/h,14 km/h,24 km/h,13 km/h,7 km/h,8 km/h,8 km/h,14 km/h,10 km/h,12 km/h,9 km/h,6 km/h,13 km/h,16 km/h,9 km/h,21 km/h,16 km/h,27 km/h,14 km/h,20 km/h,13 km/h,15 km/h,10 km/h,7 km/h,15 km/h,21 km/h,17 km/h,14 km/h,17 km/h,23 km/h,22 km/h,8 km/h,18 km/h,29 km/h,15 km/h,13 km/h,8 km/h,27 km/h,13 km/h,18 km/h,16 km/h,25 km/h,30 km/h,16 km/h,12 km/h,11 km/h,22 km/h,16 km/h,5 km/h,11 km/h,12 km/h,13 km/h,11 km/h,13 km/h,19 km/h,33 km/h,20 km/h,12 km/h,10 km/h,9 km/h,23 km/h,6 km/h,16 km/h,8 km/h,20 km/h,15 km/h,6 km/h,17 km/h,27 km/h,18 km/h,25 km/h,4 km/h,13 km/h,10 km/h,17 km/h,22 km/h,11 km/h,17 km/h,22 km/h,12 km/h,13 km/h,29 km/h,27 km/h,21 km/h,4 km/h,20 km/h,20 km/h,22 km/h,17 km/h,18 km/h,19 km/h,17 km/h,14 km/h,15 km/h,27 km/h,28 km/h,27 km/h,11 km/h,27 km/h,17 km/h,20 km/h,10 km/h,12 km/h,23 km/h,11 km/h,9 km/h,14 km/h,25 km/h,23 km/h,22 km/h,14 km/h,21 km/h,26 km/h,10 km/h,11 km/h,10 km/h,20 km/h,8 km/h,13 km/h,16 km/h,36 km/h,24 km/h,11 km/h,21 km/h,18 km/h,25 km/h,10 km/h,17 km/h,19 km/h,16 km/h,9 km/h,10 km/h,19 km/h,16 km/h,21 km/h,7 km/h,24 km/h,21 km/h,16 km/h,7 km/h,18 km/h,17 km/h,14 km/h,6 km/h,10 km/h,18 km/h,13 km/h,12 km/h,7 km/h,25 km/h,21 km/h,19 km/h,13 km/h,26 km/h,12 km/h,13 km/h,16 km/h,12 km/h,18 km/h,15 km/h,11 km/h,7 km/h,28 km/h,8 km/h,22 km/h,19 km/h,27 km/h,7 km/h,13 km/h,20 km/h,17 km/h,11 km/h,6 km/h,10 km/h,7 km/h,18 km/h,12 km/h,15 km/h,31 km/h,18 km/h,12 km/h,11 km/h,19 km/h,17 km/h,10 km/h,5 km/h,15 km/h,8 km/h,11 km/h,9 km/h,7 km/h,25 km/h,12 km/h,10 km/h,6 km/h,24 km/h,8 km/h,6 km/h,12 km/h,8 km/h,9 km/h,12 km/h,4 km/h,6 km/h,30 km/h,26 km/h,11 km/h,4 km/h,27 km/h,6 km/h,9 km/h,13 km/h,18 km/h,5 km/h,14 km/h,13 km/h,5 km/h,17 km/h,32 km/h,14 km/h,8 km/h,17 km/h,9 km/h,12 km/h,7 km/h,18 km/h,5 km/h,17 km/h,10 km/h,7 km/h,13 km/h,14 km/h,6 km/h,9 km/h,10 km/h,11 km/h,10 km/h,16 km/h,14 km/h,5 km/h,23 km/h,5 km/h,6 km/h,17 km/h,17 km/h,9 km/h,17 km/h,15 km/h,8 km/h,13 km/h,13 km/h,15 km/h,9 km/h,11 km/h,8 km/h,6 km/h,10 km/h,12 km/h,13 km/h,9 km/h,21 km/h,16 km/h,24 km/h,17 km/h,22 km/h,12 km/h,6 km/h,21 km/h,11 km/h,22 km/h,8 km/h,14 km/h,17 km/h,12 km/h,23 km/h,19 km/h,16 km/h,34 km/h,18 km/h,12 km/h,22 km/h,17 km/h,16 km/h,7 km/h,21 km/h,14 km/h,10 km/h,20 km/h,20 km/h,28 km/h,19 km/h,15 km/h,23 km/h,25 km/h,25 km/h,16 km/h,10 km/h,20 km/h,9 km/h,13 km/h,27 km/h,17 km/h,26 km/h,33 km/h,14 km/h,24 km/h,14 km/h,24 km/h,22 km/h,13 km/h,17 km/h,9 km/h,9 km/h,30 km/h,13 km/h,17 km/h,35 km/h,18 km/h,10 km/h,13 km/h,19 km/h,21 km/h,18 km/h,17 km/h,4 km/h,15 km/h,29 km/h,12 km/h,17 km/h,25 km/h,7 km/h,24 km/h,9 km/h,25 km/h,11 km/h,22 km/h,17 km/h,10 km/h,19 km/h,18 km/h,23 km/h,13 km/h,37 km/h,17 km/h,18 km/h,14 km/h,26 km/h,10 km/h,19 km/h,25 km/h,14 km/h,18 km/h,17 km/h,16 km/h,19 km/h,31 km/h,17 km/h,17 km/h,11 km/h,22 km/h,14 km/h,9 km/h,11 km/h,18 km/h,8 km/h,21 km/h,14 km/h,11 km/h,24 km/h,12 km/h,9 km/h,10 km/h,25 km/h,24 km/h,4 km/h,16 km/h,27 km/h,7 km/h,23 km/h,17 km/h,8 km/h,22 km/h,15 km/h,12 km/h,14 km/h,22 km/h,15 km/h,17 km/h,18 km/h,29 km/h,13 km/h,23 km/h,25 km/h,15 km/h,16 km/h,12 km/h,13 km/h,10 km/h,8 km/h,8 km/h,14 km/h,7 km/h,23 km/h,9 km/h,15 km/h,23 km/h,24 km/h,21 km/h,8 km/h,11 km/h,10 km/h,7 km/h,17 km/h,11 km/h,7 km/h,18 km/h,16 km/h,13 km/h,31 km/h,11 km/h,26 km/h,11 km/h,9 km/h,15 km/h,13 km/h,18 km/h,14 km/h,11 km/h,9 km/h,15 km/h,12 km/h,24 km/h,19 km/h,42 km/h,12 km/h,5 km/h,30 km/h,12 km/h,22 km/h,18 km/h,11 km/h,12 km/h,11 km/h,6 km/h,27 km/h,18 km/h,31 km/h,12 km/h,11 km/h,35 km/h,31 km/h,11 km/h,28 km/h,12 km/h,15 km/h,14 km/h,18 km/h,13 km/h,10 km/h,26 km/h,11 km/h,12 km/h,26 km/h,43 km/h,11 km/h,18 km/h,20 km/h,15 km/h,11 km/h,19 km/h,21 km/h,11 km/h,16 km/h,11 km/h,20 km/h,20 km/h,36 km/h,8 km/h,14 km/h,15 km/h,13 km/h,6 km/h,12 km/h,22 km/h,10 km/h,13 km/h,16 km/h,18 km/h,12 km/h,27 km/h,18 km/h,12 km/h,12 km/h,13 km/h,11 km/h,6 km/h,18 km/h,19 km/h,16 km/h,18 km/h,15 km/h,9 km/h,18 km/h,12 km/h,10 km/h,6 km/h,13 km/h,14 km/h,19 km/h,24 km/h,22 km/h,11 km/h,14 km/h,18 km/h,7 km/h,17 km/h,20 km/h,14 km/h,5 km/h,12 km/h,21 km/h,9 km/h,29 km/h,11 km/h,19 km/h,10 km/h,17 km/h,12 km/h,18 km/h,20 km/h,14 km/h,16 km/h,12 km/h,12 km/h,7 km/h,22 km/h,11 km/h,8 km/h,11 km/h,11 km/h,8 km/h,33 km/h,15 km/h,16 km/h,13 km/h,12 km/h,15 km/h,6 km/h,14 km/h,8 km/h,10 km/h,15 km/h,9 km/h,9 km/h,25 km/h,18 km/h,10 km/h,13 km/h,9 km/h,20 km/h,7 km/h,14 km/h,8 km/h,10 km/h,6 km/h,10 km/h,8 km/h,28 km/h,20 km/h,8 km/h,18 km/h,12 km/h,18 km/h,10 km/h,15 km/h,16 km/h,12 km/h,15 km/h,6 km/h,15 km/h,26 km/h,14 km/h,14 km/h,15 km/h,15 km/h,10 km/h,15 km/h,20 km/h,21 km/h,33 km/h,21 km/h,8 km/h,11 km/h,25 km/h,18 km/h,9 km/h,12 km/h,13 km/h,17 km/h,18 km/h,20 km/h,19 km/h,41 km/h,17 km/h,12 km/h,11 km/h,24 km/h,15 km/h,18 km/h,20 km/h,10 km/h,18 km/h,18 km/h,19 km/h,15 km/h,27 km/h,32 km/h,15 km/h,8 km/h,31 km/h,13 km/h,18 km/h,14 km/h,16 km/h,18 km/h,20 km/h,17 km/h,24 km/h,15 km/h,36 km/h,15 km/h,15 km/h,32 km/h,15 km/h,8 km/h,13 km/h,12 km/h,18 km/h,16 km/h,18 km/h,23 km/h,10 km/h,20 km/h,20 km/h,12 km/h,21 km/h,13 km/h,12 km/h,22 km/h,9 km/h,12 km/h,14 km/h,19 km/h,15 km/h,12 km/h,16 km/h,18 km/h,7 km/h,27 km/h,10 km/h,19 km/h,23 km/h,17 km/h,11 km/h,11 km/h,11 km/h,17 km/h,9 km/h,18 km/h,17 km/h,5 km/h,25 km/h,14 km/h,18 km/h,20 km/h,17 km/h,13 km/h,11 km/h,17 km/h,21 km/h,18 km/h,20 km/h,15 km/h,6 km/h,24 km/h,7 km/h,9 km/h,33 km/h,5 km/h,13 km/h,7 km/h,14 km/h,18 km/h,22 km/h,23 km/h,20 km/h,15 km/h,22 km/h,9 km/h,11 km/h,20 km/h,16 km/h,4 km/h,9 km/h,11 km/h,31 km/h,16 km/h,21 km/h,26 km/h,14 km/h,27 km/h,10 km/h,11 km/h,8 km/h,17 km/h,8 km/h,6 km/h,14 km/h,29 km/h,27 km/h,28 km/h,21 km/h,12 km/h,23 km/h,12 km/h,15 km/h,10 km/h,15 km/h,10 km/h,6 km/h,18 km/h,26 km/h,15 km/h,18 km/h,14 km/h,26 km/h,18 km/h,8 km/h,22 km/h,14 km/h,15 km/h,10 km/h,16 km/h,9 km/h,24 km/h,21 km/h,13 km/h,14 km/h,33 km/h,16 km/h,12 km/h,14 km/h,15 km/h,13 km/h,20 km/h,15 km/h,6 km/h,12 km/h,6 km/h,22 km/h,12 km/h,23 km/h,22 km/h,14 km/h,22 km/h,20 km/h,13 km/h,12 km/h,12 km/h,9 km/h,11 km/h,7 km/h,13 km/h,8 km/h,18 km/h,22 km/h,6 km/h,12 km/h,14 km/h,15 km/h,16 km/h,9 km/h,12 km/h,14 km/h,7 km/h,13 km/h,10 km/h,28 km/h,15 km/h,8 km/h,19 km/h,8 km/h,13 km/h,14 km/h,11 km/h,14 km/h,12 km/h,10 km/h,17 km/h,20 km/h,23 km/h,21 km/h,5 km/h,20 km/h,14 km/h,18 km/h,11 km/h,16 km/h,17 km/h,6 km/h,23 km/h,14 km/h,13 km/h,30 km/h,20 km/h,11 km/h,18 km/h,19 km/h,24 km/h,13 km/h,15 km/h,11 km/h,14 km/h,12 km/h,7 km/h,13 km/h,30 km/h,29 km/h,14 km/h,13 km/h,11 km/h,16 km/h,11 km/h,18 km/h,15 km/h,15 km/h,13 km/h,10 km/h,13 km/h,29 km/h,30 km/h,33 km/h,17 km/h,9 km/h,14 km/h,8 km/h,21 km/h,8 km/h,15 km/h,12 km/h,16 km/h,14 km/h,22 km/h,28 km/h,31 km/h,9 km/h,14 km/h,11 km/h,6 km/h,6 km/h,6 km/h,12 km/h,18 km/h,11 km/h,19 km/h,30 km/h,27 km/h,34 km/h,15 km/h,19 km/h,6 km/h,5 km/h,9 km/h,8 km/h,12 km/h,17 km/h,12 km/h,9 km/h,27 km/h,10 km/h,26 km/h,16 km/h,16 km/h,14 km/h,9 km/h,11 km/h,21 km/h,14 km/h,14 km/h,8 km/h,18 km/h,25 km/h,19 km/h,21 km/h,6 km/h,11 km/h,16 km/h,11 km/h,21 km/h,21 km/h,14 km/h,22 km/h,7 km/h,10 km/h,24 km/h,7 km/h,19 km/h,9 km/h,13 km/h,13 km/h,8 km/h,19 km/h,14 km/h,14 km/h,12 km/h,16 km/h,24 km/h,26 km/h,8 km/h,13 km/h,5 km/h,13 km/h,10 km/h,14 km/h,11 km/h,17 km/h,14 km/h,9 km/h,24 km/h,20 km/h,17 km/h,13 km/h,13 km/h,10 km/h,15 km/h,11 km/h,8 km/h,8 km/h,20 km/h,8 km/h,11 km/h,24 km/h,14 km/h,7 km/h,5 km/h,17 km/h,8 km/h,18 km/h,4 km/h,8 km/h,10 km/h,16 km/h,5 km/h,12 km/h,24 km/h,16 km/h,8 km/h,18 km/h,7 km/h,6 km/h,13 km/h,4 km/h,6 km/h,6 km/h,18 km/h,17 km/h,15 km/h,17 km/h,8 km/h,4 km/h,22 km/h,16 km/h,16 km/h,8 km/h,5 km/h,12 km/h,18 km/h,16 km/h,17 km/h,15 km/h,13 km/h,17 km/h,8 km/h,21 km/h,11 km/h,23 km/h,9 km/h,9 km/h,9 km/h,23 km/h,13 km/h,8 km/h,15 km/h,14 km/h,12 km/h,10 km/h,20 km/h,10 km/h,17 km/h,15 km/h,8 km/h,8 km/h,24 km/h,13 km/h,6 km/h,12 km/h,16 km/h,9 km/h,11 km/h,17 km/h,10 km/h,17 km/h,17 km/h,7 km/h,10 km/h,23 km/h,15 km/h,11 km/h,20 km/h,18 km/h,7 km/h,23 km/h,14 km/h,10 km/h,19 km/h,11 km/h,9 km/h,11 km/h,18 km/h,14 km/h,17 km/h,19 km/h,13 km/h,9 km/h,12 km/h,16 km/h,23 km/h,18 km/h,13 km/h,8 km/h,9 km/h,14 km/h,13 km/h,21 km/h,27 km/h,12 km/h,10 km/h,7 km/h,16 km/h,20 km/h,16 km/h,16 km/h,9 km/h,9 km/h,11 km/h,13 km/h,20 km/h,30 km/h,12 km/h,14 km/h,5 km/h,19 km/h,18 km/h,11 km/h,9 km/h,6 km/h,15 km/h,7 km/h,13 km/h,39 km/h,27 km/h,16 km/h,14 km/h,6 km/h,25 km/h,17 km/h,4 km/h,18 km/h,10 km/h,17 km/h,10 km/h,8 km/h,29 km/h,20 km/h,12 km/h,15 km/h,8 km/h,10 km/h,7 km/h,7 km/h,24 km/h,17 km/h,17 km/h,11 km/h,8 km/h,44 km/h,12 km/h,15 km/h,7 km/h,14 km/h,12 km/h,7 km/h,15 km/h,21 km/h,13 km/h,9 km/h,14 km/h,7 km/h,32 km/h,10 km/h,9 km/h,13 km/h,11 km/h,6 km/h,14 km/h,15 km/h,20 km/h,14 km/h,5 km/h,17 km/h,8 km/h,27 km/h,11 km/h,9 km/h,14 km/h,16 km/h,12 km/h,17 km/h,6 km/h,15 km/h,8 km/h,6 km/h,17 km/h,8 km/h,7 km/h,13 km/h,6 km/h,17 km/h,10 km/h,13 km/h,15 km/h,10 km/h,16 km/h,13 km/h,7 km/h,16 km/h,8 km/h,16 km/h,15 km/h,7 km/h,15 km/h,5 km/h,7 km/h,8 km/h,5 km/h,12 km/h,15 km/h,12 km/h,13 km/h,7 km/h,10 km/h,10 km/h,12 km/h,19 km/h,8 km/h,20 km/h,25 km/h,11 km/h,14 km/h,12 km/h,9 km/h,10 km/h,12 km/h,7 km/h,26 km/h,12 km/h,17 km/h,8 km/h,15 km/h,23 km/h,13 km/h,11 km/h,15 km/h,13 km/h,6 km/h,14 km/h,8 km/h,21 km/h,10 km/h,16 km/h,10 km/h,7 km/h,27 km/h,16 km/h,9 km/h,10 km/h,7 km/h,12 km/h,23 km/h,5 km/h,8 km/h,6 km/h,7 km/h,6 km/h,8 km/h,14 km/h,10 km/h,8 km/h,9 km/h,18 km/h,11 km/h,15 km/h,8 km/h,10 km/h,5 km/h,9 km/h,14 km/h,8 km/h,12 km/h,13 km/h,11 km/h,8 km/h,15 km/h,11 km/h,7 km/h,6 km/h,11 km/h,16 km/h,8 km/h,18 km/h,12 km/h,11 km/h,8 km/h,14 km/h,9 km/h,10 km/h,18 km/h,9 km/h,23 km/h,19 km/h,11 km/h,6 km/h,15 km/h,8 km/h,12 km/h,6 km/h,15 km/h,18 km/h,7 km/h,17 km/h,8 km/h,17 km/h,11 km/h,19 km/h,8 km/h,14 km/h,7 km/h,18 km/h,7 km/h,16 km/h,13 km/h,5 km/h,17 km/h,14 km/h,11 km/h,11 km/h,16 km/h,7 km/h,14 km/h,19 km/h,11 km/h,6 km/h,12 km/h,4 km/h,10 km/h,14 km/h,21 km/h,10 km/h,10 km/h,10 km/h,6 km/h,14 km/h,13 km/h,9 km/h,11 km/h,12 km/h,6 km/h,18 km/h,9 km/h,14 km/h,11 km/h,11 km/h,19 km/h,8 km/h,11 km/h,7 km/h,12 km/h,9 km/h,11 km/h,6 km/h,13 km/h,14 km/h,8 km/h,13 km/h,11 km/h,16 km/h,10 km/h,14 km/h,8 km/h,14 km/h,8 km/h,6 km/h,5 km/h,15 km/h,11 km/h,13 km/h,17 km/h,11 km/h,15 km/h,6 km/h,10 km/h,14 km/h,13 km/h,10 km/h,7 km/h,10 km/h,19 km/h,22 km/h,15 km/h,14 km/h,14 km/h,14 km/h,6 km/h,15 km/h,8 km/h,9 km/h,8 km/h,10 km/h,10 km/h,16 km/h,15 km/h,14 km/h,10 km/h,12 km/h,14 km/h,13 km/h,11 km/h,11 km/h,7 km/h,8 km/h,10 km/h,10 km/h,16 km/h,15 km/h,14 km/h,10 km/h,12 km/h,14 km/h,13 km/h,11 km/h,11 km/h,7 km/h,9 km/h,10 km/h,6 km/h,14 km/h,7 km/h,10 km/h,12 km/h,13 km/h,14 km/h,9 km/h,8 km/h,25 km/h,15 km/h,11 km/h,6 km/h,11 km/h,16 km/h,9 km/h,7 km/h,13 km/h,16 km/h,16 km/h,11 km/h,14 km/h,21 km/h,15 km/h,7 km/h,8 km/h,10 km/h,16 km/h,14 km/h,3 km/h,7 km/h,18 km/h,11 km/h,16 km/h,16 km/h,8 km/h,11 km/h,11 km/h,8 km/h,10 km/h,11 km/h,10 km/h,6 km/h,10 km/h,18 km/h,14 km/h,14 km/h,17 km/h,9 km/h,14 km/h,13 km/h,11 km/h,11 km/h,20 km/h,7 km/h,10 km/h,13 km/h,21 km/h,17 km/h,19 km/h,20 km/h,11 km/h,14 km/h,7 km/h,12 km/h,11 km/h,22 km/h,12 km/h,6 km/h,13 km/h,29 km/h,9 km/h,20 km/h,11 km/h,8 km/h,11 km/h,14 km/h,4 km/h,11 km/h,13 km/h,13 km/h,7 km/h,19 km/h,28 km/h,9 km/h,10 km/h,17 km/h,9 km/h,11 km/h,9 km/h,8 km/h,8 km/h,12 km/h,7 km/h,5 km/h,10 km/h,13 km/h,11 km/h,14 km/h,12 km/h,6 km/h,10 km/h,7 km/h,11 km/h,13 km/h,10 km/h,15 km/h,6 km/h,14 km/h,21 km/h,7 km/h,8 km/h,8 km/h,16 km/h,16 km/h,4 km/h,14 km/h,18 km/h,10 km/h,8 km/h,7 km/h,19 km/h,9 km/h,20 km/h,22 km/h,12 km/h,21 km/h,13 km/h,5 km/h,12 km/h,17 km/h,10 km/h,12 km/h,6 km/h,8 km/h,18 km/h,11 km/h,23 km/h,8 km/h,24 km/h,9 km/h,8 km/h,6 km/h,17 km/h,11 km/h,11 km/h,14 km/h,7 km/h,7 km/h,9 km/h,12 km/h,11 km/h,22 km/h,14 km/h,11 km/h,9 km/h,12 km/h,9 km/h,8 km/h,12 km/h,17 km/h,19 km/h,9 km/h,12 km/h,12 km/h,11 km/h,14 km/h,8 km/h,15 km/h,8 km/h,11 km/h,12 km/h,7 km/h,16 km/h,7 km/h,16 km/h,11 km/h,17 km/h,10 km/h,35 km/h,13 km/h,13 km/h,8 km/h,12 km/h,7 km/h,7 km/h,29 km/h,15 km/h,10 km/h,14 km/h,14 km/h,15 km/h,19 km/h,18 km/h,14 km/h,10 km/h,11 km/h,8 km/h,15 km/h,27 km/h,17 km/h,13 km/h,11 km/h,13 km/h,10 km/h,17 km/h,12 km/h,7 km/h,14 km/h,6 km/h,8 km/h,16 km/h,19 km/h,15 km/h,13 km/h,10 km/h,7 km/h,7 km/h,17 km/h,14 km/h,4 km/h,15 km/h,15 km/h,13 km/h,18 km/h,5 km/h,21 km/h,12 km/h,10 km/h,17 km/h,4 km/h,15 km/h,8 km/h,8 km/h,11 km/h,13 km/h,12 km/h,22 km/h,25 km/h,19 km/h,8 km/h,7 km/h,16 km/h,6 km/h,21 km/h,5 km/h,10 km/h,5 km/h,16 km/h,18 km/h,16 km/h,9 km/h,12 km/h,6 km/h,16 km/h,16 km/h,15 km/h,19 km/h,15 km/h,13 km/h,9 km/h,14 km/h,15 km/h,24 km/h,14 km/h,13 km/h,13 km/h,8 km/h,17 km/h,27 km/h,8 km/h,18 km/h,12 km/h,11 km/h,11 km/h,16 km/h,18 km/h,16 km/h,16 km/h,11 km/h,9 km/h,13 km/h,10 km/h,12 km/h,14 km/h,6 km/h,6 km/h,4 km/h,17 km/h,11 km/h,13 km/h,16 km/h,13 km/h,13 km/h,15 km/h,14 km/h,7 km/h,11 km/h,6 km/h,12 km/h,10 km/h,14 km/h,11 km/h,12 km/h,17 km/h,12 km/h,13 km/h,15 km/h,19 km/h,8 km/h,11 km/h,10 km/h,13 km/h,13 km/h,12 km/h,9 km/h,17 km/h,18 km/h,6 km/h,12 km/h,16 km/h,14 km/h,14 km/h,14 km/h,11 km/h,14 km/h,15 km/h,9 km/h,9 km/h,16 km/h,10 km/h,8 km/h,13 km/h,13 km/h,8 km/h,17 km/h,10 km/h,10 km/h,12 km/h,8 km/h,10 km/h,8 km/h,12 km/h,12 km/h,14 km/h,15 km/h,8 km/h,4 km/h,22 km/h,13 km/h,9 km/h,9 km/h,15 km/h,9 km/h,6 km/h,19 km/h,15 km/h,11 km/h,11 km/h,7 km/h,13 km/h,17 km/h,8 km/h,13 km/h,8 km/h,9 km/h,12 km/h,8 km/h,24 km/h,12 km/h,14 km/h,8 km/h,9 km/h,12 km/h,12 km/h,5 km/h,12 km/h,6 km/h,5 km/h,8 km/h,10 km/h,17 km/h,10 km/h,11 km/h,8 km/h,14 km/h,9 km/h,11 km/h,9 km/h,8 km/h,4 km/h,11 km/h,10 km/h,10 km/h,11 km/h,9 km/h,6 km/h,11 km/h,17 km/h,8 km/h,26 km/h,9 km/h,8 km/h,4 km/h,11 km/h,10 km/h,10 km/h,11 km/h,9 km/h,6 km/h,11 km/h,17 km/h,8 km/h,26 km/h,6 km/h,6 km/h,13 km/h,6 km/h,9 km/h,9 km/h,12 km/h,19 km/h,16 km/h,11 km/h,8 km/h,20 km/h,20 km/h,7 km/h,12 km/h,15 km/h,10 km/h,7 km/h,12 km/h,8 km/h,14 km/h,12 km/h,13 km/h,9 km/h,20 km/h,20 km/h,8 km/h,10 km/h,8 km/h,15 km/h,12 km/h,8 km/h,11 km/h,5 km/h,9 km/h,6 km/h,8 km/h,15 km/h,22 km/h,19 km/h,12 km/h,19 km/h,12 km/h,18 km/h,9 km/h,16 km/h,5 km/h,12 km/h,10 km/h,16 km/h,11 km/h,17 km/h,15 km/h,4 km/h,16 km/h,8 km/h,11 km/h,8 km/h,10 km/h,9 km/h,15 km/h,9 km/h,14 km/h,10 km/h,18 km/h,14 km/h,10 km/h,13 km/h,9 km/h,10 km/h,10 km/h,21 km/h,7 km/h,6 km/h,8 km/h,13 km/h,16 km/h,9 km/h,9 km/h,11 km/h,11 km/h,8 km/h,15 km/h,9 km/h,19 km/h,14 km/h,11 km/h,9 km/h,7 km/h,14 km/h,12 km/h,13 km/h,16 km/h,11 km/h,6 km/h,7 km/h,9 km/h,18 km/h,13 km/h,15 km/h,6 km/h,13 km/h,13 km/h,11 km/h,11 km/h,12 km/h,12 km/h,11 km/h,18 km/h,6 km/h,23 km/h,12 km/h,11 km/h,7 km/h,12 km/h,16 km/h,10 km/h,13 km/h,6 km/h,11 km/h,12 km/h,16 km/h,9 km/h,11 km/h,13 km/h,7 km/h,13 km/h,8 km/h,11 km/h,9 km/h,11 km/h,10 km/h,13 km/h,7 km/h,14 km/h,4 km/h,29 km/h,14 km/h,4 km/h,11 km/h,13 km/h,9 km/h,14 km/h,14 km/h,11 km/h,15 km/h,10 km/h,13 km/h,4 km/h,18 km/h,10 km/h,10 km/h,5 km/h,10 km/h,10 km/h,12 km/h,12 km/h,7 km/h,13 km/h,9 km/h,8 km/h,11 km/h,11 km/h,8 km/h,12 km/h,10 km/h,10 km/h,17 km/h,9 km/h,6 km/h,5 km/h,6 km/h,7 km/h,7 km/h,16 km/h,14 km/h,8 km/h,9 km/h,10 km/h,10 km/h,20 km/h,14 km/h,12 km/h,9 km/h,10 km/h,13 km/h,9 km/h,7 km/h,16 km/h,9 km/h,25 km/h,8 km/h,15 km/h,27 km/h,13 km/h,6 km/h,12 km/h,6 km/h,12 km/h,8 km/h,9 km/h,11 km/h,6 km/h,26 km/h,8 km/h,23 km/h,19 km/h,9 km/h,10 km/h,10 km/h,15 km/h,17 km/h,13 km/h,8 km/h,21 km/h,11 km/h,16 km/h,10 km/h,28 km/h,9 km/h,7 km/h,14 km/h,9 km/h,10 km/h,18 km/h,13 km/h,8 km/h,19 km/h,9 km/h,14 km/h,9 km/h,9 km/h,16 km/h,8 km/h,11 km/h,8 km/h,6 km/h,7 km/h,10 km/h,10 km/h,19 km/h,6 km/h,10 km/h,10 km/h,8 km/h,10 km/h,7 km/h,16 km/h,16 km/h,9 km/h,7 km/h,5 km/h,10 km/h,15 km/h,9 km/h,11 km/h,14 km/h,12 km/h,11 km/h,8 km/h,13 km/h,6 km/h,8 km/h,8 km/h,13 km/h,8 km/h,11 km/h,6 km/h,18 km/h,12 km/h,13 km/h,11 km/h,16 km/h,4 km/h,5 km/h,12 km/h,9 km/h,16 km/h,10 km/h,18 km/h,13 km/h,10 km/h,11 km/h,21 km/h,7 km/h,9 km/h,7 km/h,9 km/h,8 km/h,5 km/h,10 km/h,11 km/h,11 km/h,13 km/h,8 km/h,12 km/h,9 km/h,15 km/h,9 km/h,4 km/h,15 km/h,6 km/h,12 km/h,17 km/h,10 km/h,18 km/h,9 km/h,12 km/h,6 km/h,14 km/h,8 km/h,12 km/h,10 km/h,15 km/h,12 km/h,14 km/h,11 km/h,10 km/h,15 km/h,12 km/h,19 km/h,10 km/h,12 km/h,7 km/h,8 km/h,9 km/h,13 km/h,10 km/h,11 km/h,11 km/h,10 km/h,11 km/h,10 km/h,9 km/h,14 km/h,7 km/h,7 km/h,13 km/h,10 km/h,14 km/h,21 km/h,14 km/h,5 km/h,9 km/h,20 km/h,14 km/h,6 km/h,14 km/h,5 km/h,7 km/h,13 km/h,14 km/h,12 km/h,20 km/h,5 km/h,10 km/h,10 km/h,14 km/h,11 km/h,8 km/h,11 km/h,14 km/h,13 km/h,14 km/h,11 km/h,11 km/h,10 km/h,9 km/h,8 km/h,11 km/h,9 km/h,18 km/h,11 km/h,9 km/h,16 km/h,11 km/h,16 km/h,9 km/h,5 km/h,14 km/h,10 km/h,17 km/h,7 km/h,15 km/h,12 km/h,11 km/h,21 km/h,13 km/h,11 km/h,11 km/h,9 km/h,5 km/h,12 km/h,17 km/h,18 km/h,9 km/h,18 km/h,8 km/h,14 km/h,20 km/h,13 km/h,11 km/h,15 km/h,11 km/h,3 km/h,16 km/h,13 km/h,18 km/h,6 km/h,18 km/h,10 km/h,16 km/h,9 km/h,12 km/h,8 km/h,13 km/h,14 km/h,5 km/h,12 km/h,16 km/h,14 km/h,6 km/h,9 km/h,10 km/h,18 km/h,10 km/h,15 km/h,13 km/h,13 km/h,11 km/h,8 km/h,11 km/h,16 km/h,11 km/h,9 km/h,10 km/h,12 km/h,19 km/h,11 km/h,15 km/h,11 km/h,10 km/h,7 km/h,7 km/h,8 km/h,6 km/h,9 km/h,6 km/h,12 km/h,14 km/h,13 km/h,10 km/h,13 km/h,14 km/h,6 km/h,3 km/h,6 km/h,11 km/h,10 km/h,10 km/h,8 km/h,18 km/h,14 km/h,12 km/h,11 km/h,17 km/h,15 km/h,8 km/h,4 km/h,6 km/h,11 km/h,11 km/h,11 km/h,6 km/h,6 km/h,8 km/h,11 km/h,13 km/h,12 km/h,17 km/h,7 km/h,5 km/h,7 km/h,13 km/h,10 km/h,16 km/h,9 km/h,11 km/h,16 km/h,11 km/h,13 km/h,10 km/h,19 km/h,8 km/h,7 km/h,4 km/h,10 km/h,11 km/h,10 km/h,12 km/h,9 km/h,15 km/h,15 km/h,13 km/h,15 km/h,22 km/h,10 km/h,8 km/h,9 km/h,10 km/h,12 km/h,12 km/h,6 km/h,17 km/h,17 km/h,14 km/h,18 km/h,16 km/h,20 km/h,16 km/h,9 km/h,9 km/h,11 km/h,6 km/h,6 km/h,6 km/h,16 km/h,19 km/h,14 km/h,13 km/h,13 km/h,17 km/h,14 km/h,9 km/h,10 km/h,10 km/h,5 km/h,10 km/h,8 km/h,9 km/h,14 km/h,12 km/h,8 km/h,15 km/h,18 km/h,9 km/h,7 km/h,8 km/h,6 km/h,7 km/h,9 km/h,7 km/h,15 km/h,6 km/h,8 km/h,5 km/h,10 km/h,22 km/h,10 km/h,6 km/h,9 km/h,6 km/h,6 km/h,8 km/h,14 km/h,16 km/h,19 km/h,9 km/h,10 km/h,12 km/h,25 km/h,14 km/h,9 km/h,8 km/h,11 km/h,13 km/h,10 km/h,15 km/h,13 km/h,12 km/h,7 km/h,10 km/h,15 km/h,23 km/h,20 km/h,15 km/h,5 km/h,9 km/h,10 km/h,9 km/h,8 km/h,16 km/h,4 km/h,15 km/h,11 km/h,12 km/h,11 km/h,15 km/h,6 km/h,13 km/h,15 km/h,12 km/h,15 km/h,28 km/h,16 km/h,8 km/h,12 km/h,13 km/h,12 km/h,11 km/h,9 km/h,14 km/h,14 km/h,10 km/h,14 km/h,17 km/h,13 km/h,8 km/h,11 km/h,10 km/h,13 km/h,15 km/h,5 km/h,5 km/h,9 km/h,13 km/h,7 km/h,6 km/h,13 km/h,10 km/h,15 km/h,7 km/h,19 km/h,13 km/h,8 km/h,6 km/h,14 km/h,9 km/h,9 km/h,15 km/h,17 km/h,15 km/h,11 km/h,11 km/h,9 km/h,11 km/h,9 km/h,9 km/h,15 km/h,8 km/h,10 km/h,16 km/h,14 km/h,15 km/h,10 km/h,14 km/h,11 km/h,9 km/h,7 km/h,14 km/h,13 km/h,7 km/h,9 km/h,19 km/h,13 km/h,5 km/h,7 km/h,14 km/h,7 km/h,8 km/h,12 km/h,25 km/h,13 km/h,7 km/h,11 km/h,20 km/h,13 km/h,11 km/h,10 km/h,13 km/h,9 km/h,13 km/h,17 km/h,13 km/h,9 km/h,6 km/h,9 km/h,10 km/h,10 km/h,10 km/h,10 km/h,11 km/h,11 km/h,5 km/h,13 km/h,16 km/h,16 km/h,6 km/h,3 km/h,9 km/h,10 km/h,10 km/h,8 km/h,8 km/h,11 km/h,15 km/h,11 km/h,17 km/h,17 km/h,9 km/h,6 km/h,20 km/h,13 km/h,8 km/h,13 km/h,6 km/h,8 km/h,15 km/h,5 km/h,18 km/h,15 km/h,11 km/h,10 km/h,14 km/h,11 km/h,13 km/h,3 km/h,11 km/h,6 km/h,14 km/h,5 km/h,8 km/h,18 km/h,13 km/h,14 km/h,15 km/h,12 km/h,16 km/h,6 km/h,12 km/h,10 km/h,14 km/h,9 km/h,8 km/h,7 km/h,10 km/h,8 km/h,9 km/h,10 km/h,17 km/h,7 km/h,16 km/h,14 km/h,11 km/h,11 km/h,6 km/h,8 km/h,8 km/h,10 km/h,17 km/h,11 km/h,7 km/h,8 km/h,15 km/h,12 km/h,13 km/h,6 km/h,11 km/h,4 km/h,6 km/h,12 km/h,13 km/h,10 km/h,10 km/h,10 km/h,10 km/h,11 km/h,9 km/h,8 km/h,16 km/h,9 km/h,4 km/h,12 km/h,12 km/h,10 km/h,17 km/h,5 km/h,6 km/h,6 km/h,12 km/h,12 km/h,14 km/h,8 km/h,7 km/h,11 km/h,8 km/h,10 km/h,10 km/h,6 km/h,10 km/h,16 km/h,14 km/h,7 km/h,6 km/h,6 km/h,6 km/h,10 km/h,32 km/h,12 km/h,18 km/h,9 km/h,8 km/h,13 km/h,8 km/h,8 km/h,6 km/h,8 km/h,7 km/h,5 km/h,17 km/h,8 km/h,14 km/h,6 km/h,11 km/h,19 km/h,15 km/h,6 km/h,4 km/h,6 km/h,8 km/h,7 km/h,26 km/h,10 km/h,14 km/h,11 km/h,9 km/h,12 km/h,9 km/h,11 km/h,4 km/h,5 km/h,8 km/h,7 km/h,28 km/h,11 km/h,17 km/h,12 km/h,15 km/h,17 km/h,11 km/h,10 km/h,11 km/h,14 km/h,11 km/h,10 km/h,26 km/h,14 km/h,16 km/h,12 km/h,9 km/h,15 km/h,18 km/h,6 km/h,10 km/h,13 km/h,15 km/h,11 km/h,14 km/h,11 km/h,18 km/h,9 km/h,12 km/h,6 km/h,7 km/h,11 km/h,6 km/h,9 km/h,14 km/h,5 km/h,7 km/h,11 km/h,9 km/h,11 km/h,16 km/h,10 km/h,9 km/h,9 km/h,5 km/h,10 km/h,10 km/h,5 km/h,9 km/h,10 km/h,6 km/h,9 km/h,14 km/h,13 km/h,9 km/h,7 km/h,11 km/h,12 km/h,13 km/h,11 km/h,7 km/h,13 km/h,9 km/h,7 km/h,16 km/h,15 km/h,3 km/h,8 km/h,10 km/h,9 km/h,13 km/h,5 km/h,14 km/h,20 km/h,18 km/h,7 km/h,13 km/h,9 km/h,4 km/h,11 km/h,9 km/h,8 km/h,4 km/h,7 km/h,14 km/h,16 km/h,17 km/h,13 km/h,5 km/h,11 km/h,8 km/h,10 km/h,8 km/h,6 km/h,10 km/h,5 km/h,13 km/h,14 km/h,10 km/h,12 km/h,12 km/h,8 km/h,8 km/h,4 km/h,10 km/h,16 km/h,10 km/h,9 km/h,15 km/h,12 km/h,7 km/h,8 km/h,12 km/h,10 km/h,10 km/h,8 km/h,15 km/h,17 km/h,10 km/h,7 km/h,12 km/h,13 km/h,7 km/h,8 km/h,14 km/h,8 km/h,9 km/h,9 km/h,17 km/h,12 km/h,9 km/h,10 km/h,13 km/h,16 km/h,13 km/h,16 km/h,14 km/h,7 km/h,6 km/h,5 km/h,18 km/h,9 km/h,7 km/h,15 km/h,11 km/h,11 km/h,10 km/h,17 km/h,13 km/h,8 km/h,6 km/h,10 km/h,13 km/h,8 km/h,12 km/h,15 km/h,7 km/h,10 km/h,4 km/h,20 km/h,26 km/h,8 km/h,10 km/h,9 km/h,17 km/h,8 km/h,11 km/h,17 km/h,8 km/h,17 km/h,9 km/h,15 km/h,17 km/h,8 km/h,9 km/h,7 km/h,13 km/h,13 km/h,10 km/h,16 km/h,15 km/h,16 km/h,17 km/h,10 km/h,14 km/h,12 km/h,8 km/h,4 km/h,9 km/h,6 km/h,13 km/h,8 km/h,15 km/h,13 km/h,9 km/h,14 km/h,18 km/h,12 km/h,4 km/h,6 km/h,12 km/h,6 km/h,7 km/h,13 km/h,11 km/h,6 km/h,8 km/h,17 km/h,14 km/h,8 km/h,11 km/h,12 km/h,9 km/h,12 km/h,9 km/h,10 km/h,13 km/h,10 km/h,12 km/h,10 km/h,20 km/h,10 km/h,7 km/h,5 km/h,8 km/h,8 km/h,10 km/h,12 km/h,21 km/h,12 km/h,5 km/h,9 km/h,14 km/h,7 km/h,9 km/h,16 km/h,8 km/h,8 km/h,10 km/h,19 km/h,21 km/h,12 km/h,13 km/h,9 km/h,19 km/h,10 km/h,5 km/h,12 km/h,8 km/h,13 km/h,13 km/h,18 km/h,15 km/h,9 km/h,11 km/h,10 km/h,13 km/h,13 km/h,8 km/h,10 km/h,12 km/h,11 km/h,14 km/h,14 km/h,7 km/h,7 km/h,19 km/h,11 km/h,18 km/h,10 km/h,14 km/h,10 km/h,6 km/h,9 km/h,5 km/h,9 km/h,7 km/h,14 km/h,16 km/h,10 km/h,13 km/h,15 km/h,9 km/h,8 km/h,12 km/h,6 km/h,5 km/h,10 km/h,10 km/h,20 km/h,4 km/h,4 km/h,5 km/h,14 km/h,7 km/h,7 km/h,5 km/h,13 km/h,6 km/h,14 km/h,14 km/h,13 km/h,7 km/h,7 km/h,9 km/h,20 km/h,11 km/h,15 km/h,7 km/h,8 km/h,7 km/h,11 km/h,20 km/h,7 km/h,12 km/h,11 km/h,6 km/h,20 km/h,11 km/h,18 km/h,9 km/h,6 km/h,11 km/h,9 km/h,20 km/h,14 km/h,13 km/h,17 km/h,7 km/h,17 km/h,7 km/h,12 km/h,7 km/h,16 km/h,5 km/h,7 km/h,28 km/h,14 km/h,6 km/h,19 km/h,6 km/h,15 km/h,8 km/h,14 km/h,13 km/h,19 km/h,11 km/h,9 km/h,23 km/h,10 km/h,7 km/h,12 km/h,6 km/h,33 km/h,11 km/h,13 km/h,13 km/h,9 km/h,10 km/h,8 km/h,13 km/h,11 km/h,7 km/h,20 km/h,7 km/h,11 km/h,16 km/h,12 km/h,16 km/h,11 km/h,7 km/h,11 km/h,9 km/h,15 km/h,7 km/h,8 km/h,11 km/h,19 km/h,14 km/h,17 km/h,15 km/h,10 km/h,4 km/h,10 km/h,7 km/h,11 km/h,7 km/h,9 km/h,11 km/h,16 km/h,11 km/h,16 km/h,8 km/h,9 km/h,7 km/h,15 km/h,8 km/h,5 km/h,10 km/h,14 km/h,8 km/h,11 km/h,11 km/h,9 km/h,6 km/h,14 km/h,12 km/h,10 km/h,15 km/h,8 km/h,12 km/h,8 km/h,11 km/h,12 km/h,16 km/h,4 km/h,7 km/h,6 km/h,12 km/h,6 km/h,9 km/h,9 km/h,5 km/h,9 km/h,14 km/h,10 km/h,12 km/h,5 km/h,7 km/h,7 km/h,14 km/h,7 km/h,10 km/h,10 km/h,7 km/h,11 km/h,11 km/h,7 km/h,23 km/h,5 km/h,8 km/h,6 km/h,6 km/h,11 km/h,11 km/h,10 km/h,4 km/h,6 km/h,14 km/h,10 km/h,18 km/h,8 km/h,10 km/h,4 km/h,7 km/h,8 km/h,16 km/h,21 km/h,10 km/h,4 km/h,16 km/h,14 km/h,17 km/h,9 km/h,16 km/h,11 km/h,11 km/h,3 km/h,11 km/h,12 km/h,9 km/h,5 km/h,21 km/h,14 km/h,10 km/h,15 km/h,20 km/h,6 km/h,10 km/h,5 km/h,12 km/h,8 km/h,19 km/h,9 km/h,13 km/h,12 km/h,9 km/h,12 km/h,20 km/h,11 km/h,7 km/h,6 km/h,17 km/h,10 km/h,15 km/h,14 km/h,14 km/h,6 km/h,9 km/h,16 km/h,16 km/h,5 km/h,7 km/h,7 km/h,8 km/h,13 km/h,21 km/h,12 km/h,13 km/h,12 km/h,9 km/h,11 km/h,9 km/h,11 km/h,10 km/h,7 km/h,13 km/h,7 km/h,13 km/h,9 km/h,8 km/h,12 km/h,12 km/h,10 km/h,12 km/h,11 km/h,17 km/h,8 km/h,16 km/h,5 km/h,17 km/h,10 km/h,8 km/h,9 km/h,13 km/h,9 km/h,12 km/h,13 km/h,14 km/h,11 km/h,11 km/h,7 km/h,25 km/h,17 km/h,12 km/h,6 km/h,10 km/h,7 km/h,18 km/h,10 km/h,10 km/h,11 km/h,16 km/h,7 km/h,21 km/h,13 km/h,17 km/h,11 km/h,10 km/h,9 km/h,16 km/h,6 km/h,9 km/h,13 km/h,14 km/h,11 km/h,31 km/h,8 km/h,14 km/h,8 km/h,13 km/h,17 km/h,14 km/h,15 km/h,13 km/h,8 km/h,21 km/h,12 km/h,27 km/h,8 km/h,9 km/h,10 km/h,11 km/h,17 km/h,7 km/h,9 km/h,10 km/h,7 km/h,24 km/h,13 km/h,14 km/h,12 km/h,7 km/h,6 km/h,15 km/h,14 km/h,11 km/h,9 km/h,17 km/h,7 km/h,25 km/h,11 km/h,10 km/h,6 km/h,12 km/h,8 km/h,13 km/h,12 km/h,12 km/h,8 km/h,16 km/h,9 km/h,10 km/h,9 km/h,6 km/h,7 km/h,14 km/h,17 km/h,8 km/h,9 km/h,14 km/h,13 km/h,11 km/h,10 km/h,11 km/h,12 km/h,13 km/h,16 km/h,10 km/h,16 km/h,5 km/h,11 km/h,9 km/h,13 km/h,14 km/h,6 km/h,10 km/h,9 km/h,9 km/h,14 km/h,9 km/h,13 km/h,8 km/h,13 km/h,11 km/h,10 km/h,13 km/h,7 km/h,10 km/h,5 km/h,10 km/h,15 km/h,10 km/h,8 km/h,5 km/h,6 km/h,12 km/h,7 km/h,5 km/h,12 km/h,12 km/h,8 km/h,9 km/h,24 km/h,17 km/h,5 km/h,10 km/h,9 km/h,12 km/h,10 km/h,8 km/h,14 km/h,17 km/h,7 km/h,6 km/h,18 km/h,17 km/h,6 km/h,10 km/h,9 km/h,6 km/h,11 km/h,5 km/h,5 km/h,18 km/h,9 km/h,5 km/h,12 km/h,14 km/h,15 km/h,7 km/h,8 km/h,7 km/h,22 km/h,6 km/h,12 km/h,19 km/h,11 km/h,7 km/h,13 km/h,16 km/h,22 km/h,4 km/h,13 km/h,4 km/h,17 km/h,7 km/h,13 km/h,12 km/h,15 km/h,7 km/h,4 km/h,16 km/h,17 km/h,6 km/h,7 km/h,9 km/h,14 km/h,9 km/h,11 km/h,12 km/h,7 km/h,6 km/h,8 km/h,17 km/h,18 km/h,4 km/h,8 km/h,4 km/h,15 km/h,9 km/h,5 km/h,14 km/h,6 km/h,8 km/h,7 km/h,17 km/h,14 km/h,8 km/h,5 km/h,7 km/h,14 km/h,13 km/h,10 km/h,14 km/h,19 km/h,8 km/h,11 km/h,23 km/h,11 km/h,12 km/h,7 km/h,10 km/h,13 km/h,16 km/h,9 km/h,17 km/h,21 km/h,9 km/h,7 km/h,26 km/h,10 km/h,7 km/h,9 km/h,10 km/h,9 km/h,13 km/h,7 km/h,19 km/h,14 km/h,9 km/h,7 km/h,27 km/h,11 km/h,11 km/h,9 km/h,4 km/h,12 km/h,11 km/h,6 km/h,16 km/h,9 km/h,14 km/h,15 km/h,21 km/h,18 km/h,11 km/h,15 km/h,3 km/h,14 km/h,16 km/h,4 km/h,11 km/h,21 km/h,19 km/h,19 km/h,18 km/h,15 km/h,22 km/h,18 km/h,10 km/h,20 km/h,18 km/h,8 km/h,9 km/h,13 km/h,17 km/h,12 km/h,18 km/h,14 km/h,16 km/h,15 km/h,14 km/h,15 km/h,15 km/h,13 km/h,10 km/h,14 km/h,19 km/h,8 km/h,16 km/h,26 km/h,10 km/h,12 km/h,14 km/h,17 km/h,9 km/h,8 km/h,17 km/h,17 km/h,26 km/h,10 km/h,13 km/h,23 km/h,11 km/h,13 km/h,19 km/h,11 km/h,5 km/h,12 km/h,18 km/h,15 km/h,17 km/h,9 km/h,20 km/h,25 km/h,13 km/h,7 km/h,18 km/h,7 km/h,3 km/h,19 km/h,18 km/h,12 km/h,23 km/h,14 km/h,11 km/h,24 km/h,8 km/h,10 km/h,12 km/h,9 km/h,5 km/h,15 km/h,11 km/h,11 km/h,12 km/h,3 km/h,17 km/h,21 km/h,12 km/h,12 km/h,11 km/h,8 km/h,13 km/h,15 km/h,7 km/h,6 km/h,6 km/h,4 km/h,21 km/h,10 km/h,14 km/h,11 km/h,20 km/h,5 km/h,11 km/h,10 km/h,16 km/h,6 km/h,15 km/h,11 km/h,23 km/h,19 km/h,16 km/h,11 km/h,22 km/h,14 km/h,6 km/h,7 km/h,16 km/h,7 km/h,18 km/h,13 km/h,21 km/h,13 km/h,16 km/h,10 km/h,8 km/h,18 km/h,7 km/h,11 km/h,13 km/h,14 km/h,17 km/h,15 km/h,18 km/h,11 km/h,11 km/h,7 km/h,9 km/h,17 km/h,18 km/h,14 km/h,15 km/h,18 km/h,12 km/h,16 km/h,15 km/h,10 km/h,10 km/h,6 km/h,10 km/h,13 km/h,16 km/h,14 km/h,11 km/h,15 km/h,8 km/h,17 km/h,11 km/h,14 km/h,11 km/h,8 km/h,12 km/h,13 km/h,14 km/h,11 km/h,12 km/h,13 km/h,10 km/h,9 km/h,11 km/h,14 km/h,18 km/h,13 km/h,10 km/h,19 km/h,9 km/h,13 km/h,8 km/h,13 km/h,11 km/h,6 km/h,18 km/h,11 km/h,14 km/h,10 km/h,11 km/h,18 km/h,18 km/h,12 km/h,9 km/h,9 km/h,6 km/h,8 km/h,16 km/h,4 km/h,7 km/h,9 km/h,18 km/h,17 km/h,8 km/h,15 km/h,4 km/h,14 km/h,6 km/h,11 km/h,19 km/h,9 km/h,13 km/h,14 km/h,15 km/h,14 km/h,16 km/h,16 km/h,6 km/h,22 km/h,11 km/h,8 km/h,17 km/h,9 km/h,20 km/h,14 km/h,9 km/h,10 km/h,15 km/h,17 km/h,8 km/h,8 km/h,20 km/h,5 km/h,7 km/h,17 km/h,18 km/h,16 km/h,10 km/h,9 km/h,15 km/h,22 km/h,12 km/h,10 km/h,15 km/h,4 km/h,13 km/h,21 km/h,9 km/h,15 km/h,15 km/h,9 km/h,16 km/h,19 km/h,16 km/h,8 km/h,22 km/h,9 km/h,10 km/h,17 km/h,7 km/h,17 km/h,17 km/h,8 km/h,19 km/h,11 km/h,8 km/h,8 km/h,18 km/h,22 km/h,10 km/h,11 km/h,16 km/h,16 km/h,19 km/h,7 km/h,8 km/h,13 km/h,12 km/h,8 km/h,14 km/h,19 km/h,10 km/h,17 km/h,17 km/h,10 km/h,16 km/h,7 km/h,15 km/h,10 km/h,11 km/h,6 km/h,15 km/h,14 km/h,18 km/h,19 km/h,17 km/h,9 km/h,14 km/h,12 km/h,16 km/h,11 km/h,14 km/h,4 km/h,11 km/h,16 km/h,19 km/h,16 km/h,8 km/h,15 km/h,16 km/h,15 km/h,24 km/h,10 km/h,16 km/h,13 km/h,15 km/h,11 km/h,15 km/h,23 km/h,9 km/h,16 km/h,8 km/h,8 km/h,27 km/h,13 km/h,16 km/h,17 km/h,26 km/h,18 km/h,9 km/h,22 km/h,5 km/h,17 km/h,10 km/h,17 km/h,21 km/h,7 km/h,9 km/h,8 km/h,26 km/h,17 km/h,11 km/h,22 km/h,11 km/h,13 km/h,10 km/h,12 km/h,14 km/h,7 km/h,14 km/h,4 km/h,12 km/h,20 km/h,10 km/h,21 km/h,13 km/h,11 km/h,9 km/h,15 km/h,15 km/h,12 km/h,16 km/h,9 km/h,13 km/h,15 km/h,12 km/h,15 km/h,19 km/h,6 km/h,14 km/h,21 km/h,15 km/h,12 km/h,7 km/h,9 km/h,11 km/h,12 km/h,17 km/h,19 km/h,13 km/h,13 km/h,11 km/h,20 km/h,14 km/h,15 km/h,12 km/h,14 km/h,12 km/h,13 km/h,15 km/h,28 km/h,18 km/h,19 km/h,20 km/h,16 km/h,24 km/h,20 km/h,13 km/h,10 km/h,6 km/h,6 km/h,15 km/h,17 km/h,16 km/h,24 km/h,17 km/h,16 km/h,22 km/h,8 km/h,15 km/h,11 km/h,13 km/h,10 km/h,15 km/h,10 km/h,20 km/h,22 km/h,10 km/h,15 km/h,18 km/h,6 km/h,12 km/h,13 km/h,14 km/h,10 km/h,11 km/h,5 km/h,16 km/h,13 km/h,10 km/h,15 km/h,19 km/h,10 km/h,18 km/h,21 km/h,6 km/h,10 km/h,8 km/h,9 km/h,14 km/h,8 km/h,11 km/h,19 km/h,14 km/h,19 km/h,21 km/h,9 km/h,5 km/h,15 km/h,14 km/h,14 km/h,10 km/h,14 km/h,9 km/h,17 km/h,11 km/h,17 km/h,15 km/h,10 km/h,6 km/h,9 km/h,9 km/h,11 km/h,14 km/h,12 km/h,10 km/h,13 km/h,22 km/h,14 km/h,27 km/h,13 km/h,10 km/h,13 km/h,9 km/h,11 km/h,11 km/h,10 km/h,10 km/h,15 km/h,14 km/h,13 km/h,28 km/h,11 km/h,21 km/h,18 km/h,6 km/h,6 km/h,13 km/h,21 km/h,16 km/h,12 km/h,11 km/h,16 km/h,18 km/h,13 km/h,15 km/h,17 km/h,19 km/h,8 km/h,15 km/h,25 km/h,13 km/h,12 km/h,12 km/h,12 km/h,14 km/h,12 km/h,12 km/h,7 km/h,24 km/h,16 km/h,21 km/h,18 km/h,10 km/h,11 km/h,7 km/h,10 km/h,24 km/h,12 km/h,13 km/h,17 km/h,14 km/h,11 km/h,24 km/h,18 km/h,13 km/h,11 km/h,10 km/h,15 km/h,29 km/h,11 km/h,12 km/h,10 km/h,15 km/h,15 km/h,16 km/h,7 km/h,12 km/h,7 km/h,9 km/h,11 km/h,40 km/h,17 km/h,7 km/h,11 km/h,11 km/h,22 km/h,16 km/h,5 km/h,13 km/h,8 km/h,3 km/h,8 km/h,26 km/h,21 km/h,9 km/h,12 km/h,8 km/h,24 km/h,15 km/h,9 km/h,10 km/h,13 km/h,5 km/h,12 km/h,32 km/h,22 km/h,7 km/h,14 km/h,11 km/h,16 km/h,28 km/h,7 km/h,9 km/h,8 km/h,9 km/h,10 km/h,36 km/h,23 km/h,19 km/h,13 km/h,16 km/h,15 km/h,19 km/h,8 km/h,12 km/h,12 km/h,11 km/h,5 km/h,28 km/h,16 km/h,18 km/h,20 km/h,16 km/h,23 km/h,18 km/h,8 km/h,5 km/h,14 km/h,13 km/h,8 km/h,21 km/h,26 km/h,20 km/h,19 km/h,6 km/h,12 km/h,14 km/h,11 km/h,7 km/h,19 km/h,16 km/h,13 km/h,20 km/h,22 km/h,21 km/h,10 km/h,13 km/h,18 km/h,23 km/h,15 km/h,5 km/h,16 km/h,17 km/h,14 km/h,18 km/h,14 km/h,18 km/h,9 km/h,16 km/h,19 km/h,35 km/h,14 km/h,7 km/h,16 km/h,14 km/h,15 km/h,13 km/h,9 km/h,21 km/h,11 km/h,15 km/h,7 km/h,23 km/h,11 km/h,10 km/h,8 km/h,10 km/h,8 km/h,22 km/h,19 km/h,8 km/h,7 km/h,7 km/h,11 km/h,25 km/h,9 km/h,15 km/h,25 km/h,11 km/h,12 km/h,17 km/h,17 km/h,12 km/h,8 km/h,10 km/h,14 km/h,25 km/h,7 km/h,18 km/h,15 km/h,4 km/h,16 km/h,10 km/h,7 km/h,21 km/h,10 km/h,17 km/h,8 km/h,23 km/h,9 km/h,22 km/h,11 km/h,9 km/h,16 km/h,15 km/h,8 km/h,27 km/h,8 km/h,20 km/h,6 km/h,22 km/h,10 km/h,11 km/h,9 km/h,9 km/h,16 km/h,29 km/h,12 km/h,16 km/h,20 km/h,28 km/h,9 km/h,22 km/h,10 km/h,17 km/h,14 km/h,17 km/h,13 km/h,44 km/h,8 km/h,7 km/h,21 km/h,16 km/h,7 km/h,9 km/h,16 km/h,14 km/h,8 km/h,12 km/h,9 km/h,33 km/h,13 km/h,9 km/h,13 km/h,8 km/h,9 km/h,4 km/h,21 km/h,19 km/h,15 km/h,9 km/h,12 km/h,17 km/h,19 km/h,7 km/h,16 km/h,12 km/h,12 km/h,15 km/h,9 km/h,18 km/h,17 km/h,10 km/h,11 km/h,19 km/h,11 km/h,5 km/h,19 km/h,10 km/h,4 km/h,21 km/h,6 km/h,23 km/h,17 km/h,9 km/h,13 km/h,19 km/h,7 km/h,14 km/h,20 km/h,7 km/h,17 km/h,17 km/h,18 km/h,18 km/h,20 km/h,14 km/h,7 km/h,24 km/h,12 km/h,14 km/h,9 km/h,10 km/h,26 km/h,22 km/h,19 km/h,22 km/h,9 km/h,25 km/h,7 km/h,23 km/h,9 km/h,16 km/h,13 km/h,11 km/h,8 km/h,22 km/h,8 km/h,21 km/h,15 km/h,23 km/h,6 km/h,27 km/h,8 km/h,15 km/h,16 km/h,26 km/h,8 km/h,19 km/h,9 km/h,27 km/h,21 km/h,16 km/h,16 km/h,13 km/h,12 km/h,22 km/h,26 km/h,25 km/h,17 km/h,16 km/h,11 km/h,25 km/h,9 km/h,19 km/h,14 km/h,18 km/h,13 km/h,23 km/h,31 km/h,25 km/h,8 km/h,14 km/h,19 km/h,24 km/h,25 km/h,19 km/h,10 km/h,17 km/h,13 km/h,24 km/h,28 km/h,29 km/h,7 km/h,22 km/h,15 km/h,17 km/h,20 km/h,9 km/h,23 km/h,17 km/h,15 km/h,24 km/h,19 km/h,16 km/h,11 km/h,17 km/h,20 km/h,15 km/h,13 km/h,11 km/h,26 km/h,28 km/h,22 km/h,13 km/h,12 km/h,15 km/h,22 km/h,15 km/h,17 km/h,19 km/h,16 km/h,12 km/h,28 km/h,20 km/h,10 km/h,18 km/h,6 km/h,18 km/h,12 km/h,16 km/h,9 km/h,28 km/h,14 km/h,13 km/h,12 km/h,17 km/h,8 km/h,23 km/h,13 km/h,27 km/h,13 km/h,9 km/h,12 km/h,23 km/h,23 km/h,16 km/h,11 km/h,10 km/h,8 km/h,23 km/h,9 km/h,25 km/h,19 km/h,10 km/h,11 km/h,24 km/h,20 km/h,20 km/h,19 km/h,8 km/h,15 km/h,7 km/h,15 km/h,23 km/h,17 km/h,7 km/h,18 km/h,26 km/h,17 km/h,18 km/h,14 km/h,20 km/h,15 km/h,12 km/h,13 km/h,17 km/h,15 km/h,13 km/h,11 km/h,17 km/h,14 km/h,12 km/h,19 km/h,18 km/h,8 km/h,12 km/h,13 km/h,18 km/h,16 km/h,16 km/h,13 km/h,15 km/h,10 km/h,17 km/h,22 km/h,14 km/h,9 km/h,8 km/h,16 km/h,8 km/h,15 km/h,13 km/h,14 km/h,14 km/h,7 km/h,18 km/h,27 km/h,14 km/h,8 km/h,9 km/h,15 km/h,23 km/h,19 km/h,24 km/h,10 km/h,19 km/h,20 km/h,17 km/h,26 km/h,17 km/h,11 km/h,8 km/h,16 km/h,27 km/h,12 km/h,20 km/h,9 km/h,11 km/h,11 km/h,24 km/h,22 km/h,30 km/h,13 km/h,10 km/h,27 km/h,18 km/h,19 km/h,14 km/h,8 km/h,15 km/h,18 km/h,25 km/h,32 km/h,30 km/h,11 km/h,6 km/h,22 km/h,19 km/h,24 km/h,13 km/h,15 km/h,17 km/h,25 km/h,24 km/h,27 km/h,23 km/h,15 km/h,17 km/h,12 km/h,23 km/h,14 km/h,14 km/h,22 km/h,19 km/h,16 km/h,28 km/h,25 km/h,25 km/h,25 km/h,21 km/h,10 km/h,22 km/h,19 km/h,27 km/h,10 km/h,19 km/h,25 km/h,15 km/h,21 km/h,18 km/h,28 km/h,16 km/h,10 km/h,18 km/h,12 km/h,20 km/h,14 km/h,18 km/h,23 km/h,12 km/h,11 km/h,25 km/h,24 km/h,20 km/h,7 km/h,9 km/h,18 km/h,22 km/h,13 km/h,11 km/h,21 km/h,27 km/h,26 km/h,20 km/h,17 km/h,16 km/h,3 km/h,12 km/h,32 km/h,14 km/h,12 km/h,17 km/h,13 km/h,12 km/h,16 km/h,13 km/h,6 km/h,19 km/h,7 km/h,11 km/h,13 km/h,16 km/h,10 km/h,26 km/h,23 km/h,17 km/h,16 km/h,12 km/h,10 km/h,18 km/h,18 km/h,11 km/h,11 km/h,7 km/h,7 km/h,20 km/h,27 km/h,21 km/h,13 km/h,23 km/h,5 km/h,25 km/h,16 km/h,11 km/h,19 km/h,13 km/h,7 km/h,15 km/h,26 km/h,20 km/h,12 km/h,21 km/h,9 km/h,24 km/h,9 km/h,8 km/h,15 km/h
Wind Direction,W,ESE,W,SSW,SW,S,SSW,SSE,SSW,SW,WNW,SE,SSW,SE,WSW,WNW,WSW,WSW,S,WSW,SE,W,WSW,NNW,SSE,S,S,SW,WSW,SSW,WSW,S,WSW,SSE,WSW,WSW,NW,WSW,NE,WSW,WSW,SSW,WSW,W,SSE,W,SW,WNW,SW,WNW,W,NE,SE,S,SSE,W,W,SSW,SW,S,S,SW,WNW,WSW,NE,NE,SSW,SSW,WNW,W,S,S,SSE,SE,ESE,WNW,S,SSE,SW,SE,SSW,SSW,WSW,SSW,SW,S,SW,NE,WSW,SW,W,SSE,NE,SSW,W,WSW,SW,SW,SW,W,E,WNW,SSW,WNW,SE,NE,WSW,S,WSW,SW,WSW,SSE,SSW,SE,NW,SSW,WSW,SSE,NE,S,WSW,W,SW,WSW,SSW,SW,SSE,W,WSW,SW,S,NNE,S,WSW,NE,WSW,WSW,S,WSW,SSW,W,SSW,SW,S,SE,SW,WSW,ESE,S,SW,WSW,SW,W,W,SSW,W,SSW,ESE,WSW,WNW,ENE,SSW,SW,W,W,ESE,W,SSW,W,SW,SE,SW,NW,SW,S,SW,SSW,W,ESE,NW,SSW,SE,SSE,SSE,SW,ENE,SE,S,SSW,NW,W,S,WSW,SSW,ENE,SSE,SE,SSW,ESE,SE,S,SW,WNW,SE,WSW,SW,S,SW,S,SW,SSW,SSW,SE,S,WSW,SW,ENE,WSW,W,S,WSW,SSW,SW,W,SSW,E,SSE,S,SE,E,WSW,SW,W,WSW,S,WSW,WNW,WSW,ENE,SSE,SSW,S,E,WSW,SE,NNW,SW,SSW,ESE,SW,W,E,SE,W,WSW,E,SSW,E,S,SSW,S,ESE,SSW,WSW,SE,WNW,ESE,SSE,ESE,WSW,SSW,S,SSW,S,SE,SSE,W,ENE,S,NE,SSE,SW,WSW,SSE,SSW,SW,S,SE,NW,WSW,NE,S,SE,WSW,W,SW,ESE,E,SSW,WSW,ESE,W,WSW,NE,WSW,WSW,SSW,SSE,SSW,NW,SSW,WSW,SSE,NE,W,SE,ESE,SSE,WSW,SSW,SE,SSW,SSW,SSE,S,ESE,E,ESE,SSE,S,SW,WSW,SW,ESE,WSW,WSW,SSE,WSW,ENE,S,NE,SSW,SSW,SSW,W,SW,SE,SW,SW,SSW,SW,SE,WNW,ENE,ESE,SSW,SSE,SW,WSW,SSE,WSW,WNW,WSW,SW,ESE,W,ENE,NNE,SW,ESE,SW,SW,S,WSW,SSW,WSW,WSW,ESE,WNW,NE,E,WSW,SE,W,WSW,SW,SW,SSE,SW,SSE,ESE,WSW,NE,ENE,WSW,SSE,WSW,WSW,SSW,SW,S,WSW,ENE,ENE,WSW,SSW,NE,SW,S,WSW,WSW,SE,SW,SE,WSW,SSE,E,SW,SSW,NE,NW,SSW,W,WSW,SSE,W,ENE,SW,SW,SW,WSW,SW,E,W,SE,W,W,S,W,NW,W,SSW,SE,SSE,SW,NE,WSW,SSE,SE,W,SSE,ESE,SSW,WNW,SSW,SSE,SSE,SW,SE,WSW,SSE,NE,SSW,SE,ENE,SW,W,SSE,SSE,SSE,SW,ESE,S,S,NE,S,NE,ENE,SSE,WSW,E,WNW,ESE,SSW,NE,WNW,SSW,S,SSW,ESE,E,SW,SE,E,WSW,ENE,WSW,NE,W,S,NW,SW,E,WSW,SW,S,ENE,S,ESE,SSE,SSE,W,SSW,W,SW,E,S,SW,SSW,ENE,SW,SW,SSW,ENE,SSE,SSE,WSW,WSW,E,SW,SW,WSW,S,W,NNE,W,ENE,ESE,SW,ESE,WSW,E,SW,WNW,WSW,NE,NW,E,SE,S,ENE,SSW,SSE,SSE,E,WSW,WSW,WSW,ENE,W,SSE,S,WSW,ENE,SSW,SSE,ESE,E,S,SW,S,ENE,WSW,WSW,S,W,SSE,S,SE,SW,ESE,SE,SSE,WSW,SE,SW,SSE,S,WNW,SW,SSW,E,SW,SSE,SSW,SE,SSW,SSE,W,SSE,SSE,W,SW,SW,SSE,NE,WSW,WSW,S,SW,S,S,SE,ENE,WSW,E,SSW,W,SSE,W,ESE,SSE,SW,SW,SE,S,ENE,SW,ESE,S,S,SSW,WSW,SSE,S,WSW,SSE,WSW,SSW,ESE,W,W,SW,S,SW,WSW,SE,WSW,WSW,SSW,WNW,SW,E,SW,NE,S,SSW,SW,WSW,ENE,SW,SW,SSE,W,S,E,SW,NE,SW,WSW,WSW,W,NE,WSW,WSW,SSE,W,S,E,SW,NE,SSW,SW,W,WSW,ENE,SSW,WSW,SSE,NW,ESE,SSE,WSW,NNE,S,SSW,W,WSW,ENE,SE,W,S,NW,S,SSE,WSW,NE,SSE,SW,W,WNW,ENE,SE,SW,S,SW,S,S,WNW,NNE,S,SW,WNW,SW,ENE,ESE,WSW,SSW,WSW,SSW,S,WNW,NE,SW,S,S,SW,NE,ESE,W,S,W,SSW,S,WSW,NE,S,NW,ENE,SSW,NE,S,SW,S,SW,S,SE,WSW,NNE,SSE,SSW,NE,SW,E,WSW,SW,NE,SSE,W,NE,E,SE,S,SW,SSW,SW,E,WNW,SSW,E,W,W,NE,ENE,SSW,SSW,WSW,SW,WSW,E,SW,SW,SE,SSW,SE,S,S,S,SSE,WSW,WSW,SSE,ESE,SW,WSW,SSW,SSE,SSE,S,S,SE,SSW,W,S,S,SE,WSW,SW,WNW,WNW,WNW,SW,SSE,SSE,WSW,WNW,ENE,SSW,SSE,WSW,SSE,NNE,NW,E,SSW,S,ESE,SSE,WSW,WSW,WSW,SW,S,NW,NE,WSW,ENE,ESE,SSW,SE,SW,S,W,W,SSW,SSW,W,SE,SW,E,S,WNW,SE,ESE,SSW,WSW,SSW,SW,WSW,SSW,WNW,WSW,ENE,SW,SW,SW,SSE,SSE,SE,WSW,SSW,WSW,WSW,W,WSW,NE,SW,WSW,SSW,E,SSW,ENE,SSW,S,WSW,SW,SW,WNW,E,WSW,NW,NE,NNE,SSE,ENE,SE,SSE,W,WSW,SW,WSW,WSW,S,W,NE,ENE,S,E,SE,SSW,SW,WSW,WSW,WSW,WNW,S,NNE,SSW,SW,SSW,ENE,WSW,W,WSW,W,WSW,SW,W,SSW,NE,SSW,SSE,S,ENE,WSW,SSE,W,SSE,W,WNW,WNW,E,SSE,S,W,S,NE,W,ESE,W,S,WNW,W,W,ENE,SSW,SSE,W,S,ENE,S,ENE,WSW,SW,NW,SE,SSW,WSW,SW,SE,W,SSW,E,W,ENE,WSW,W,W,NE,S,SW,SSW,S,WSW,SSW,WNW,W,ENE,WNW,SW,W,NE,SSW,NE,NW,S,WSW,S,NNW,WSW,ENE,WSW,WSW,NE,ENE,SSW,E,WSW,S,SSW,W,NW,SW,ESE,SW,NNE,S,SW,W,SSE,SE,WSW,SW,WSW,NW,W,WNW,S,ENE,NW,WNW,SSE,S,E,E,SSW,ENE,NW,SE,WSW,SE,E,NW,W,S,NE,ENE,E,WSW,SW,NNW,E,SW,WSW,ESE,WSW,WNW,SSE,ENE,NE,ENE,SSE,WSW,W,ENE,SE,SSE,SE,SW,WSW,SSE,S,NNE,ENE,S,SW,WSW,NE,SSW,NW,E,WSW,SW,SSW,NNE,NNE,ENE,SSE,WSW,SSW,ENE,NW,NW,ENE,SSW,WSW,SW,ENE,S,ENE,E,W,SSW,SE,S,NW,NE,SW,SSW,WSW,W,SSW,ENE,ESE,SSW,SSW,SW,WSW,NW,NNE,SSW,NW,SSW,SE,NW,W,SE,WSW,SW,WSW,SW,SE,ESE,SW,SSW,S,S,WNW,NNE,ESE,W,WSW,S,SE,SW,SSE,SSE,ENE,SSW,SSW,NW,ENE,E,W,NE,SSW,WSW,NE,NE,S,NE,SW,SW,NW,ENE,SW,W,ENE,SW,W,E,W,W,ENE,SSE,SSE,SSW,ENE,SE,WNW,SE,WNW,SSE,S,W,SSE,SSE,S,W,ESE,ENE,SSW,S,S,NNE,SSW,SSW,WNW,SSE,W,SSW,WSW,S,ENE,W,ENE,S,ENE,S,SE,SE,WNW,SE,SW,SW,NE,NE,W,SE,SW,WNW,W,ENE,SE,WNW,SE,SSE,SW,SSW,ESE,SW,SW,SW,NW,SE,E,S,WNW,SW,SW,W,NW,NE,SSW,WSW,SW,WNW,SSE,E,SE,WNW,SSW,NNW,NW,WSW,ESE,WSW,ENE,WSW,SW,SE,SE,S,SW,S,NW,W,SSW,SSE,W,SSE,S,SSE,SSE,NE,WSW,SW,SE,ESE,NE,SSW,SW,SW,SSE,SE,WNW,SSE,NE,NE,ENE,WSW,NE,SW,WSW,SSW,NE,WSW,ESE,W,SSW,NE,SE,SSW,SW,NE,WNW,WSW,SW,S,SSW,S,WSW,E,NE,SSW,WNW,WNW,NNE,WNW,SSW,SW,W,SW,SW,WNW,W,NNE,SE,NNW,ESE,NNE,ESE,E,S,WNW,SSE,SSE,WSW,SSW,NE,SW,S,E,NNE,E,S,WSW,WNW,S,S,W,SSW,E,ENE,NNE,S,NE,SSE,NNW,SW,E,ENE,S,W,WNW,SE,SSW,NE,WSW,E,SE,S,SSW,SSW,NNE,SSE,SW,S,SE,NE,ENE,NE,WSW,ESE,SSE,WSW,NNW,NE,SSE,SSW,SE,ESE,S,ENE,ENE,NNE,SE,S,W,E,NE,ESE,NE,SE,ESE,SE,E,ENE,NNE,SE,S,W,E,NE,ESE,NE,SE,ESE,SE,E,SE,NW,SE,SSW,SSW,E,WSW,ENE,WSW,S,ENE,ENE,W,NNW,SSE,ESE,SW,W,SSW,SSE,NNE,NW,S,ESE,ENE,NW,SSE,NE,ENE,S,WSW,SSE,ESE,S,WNW,W,ESE,SE,W,ESE,ENE,ENE,S,SW,ESE,SSW,WNW,SW,WSW,SSE,W,NNE,S,SSW,ENE,S,WSW,SE,SW,WSW,WNW,WSW,S,SSE,NNE,SSW,W,E,S,WNW,SW,SSE,WSW,WNW,WSW,WSW,ESE,NNE,SSW,WSW,WSW,SSW,S,SSE,ENE,W,NW,SSE,SW,S,ENE,S,SSE,NE,E,E,ENE,SSE,WSW,WSW,SW,S,SSW,E,E,S,ENE,SSE,WSW,W,SSW,SSW,SSE,E,S,SW,W,ESE,WSW,ENE,ESE,E,WNW,SW,SW,ESE,S,WNW,SSW,W,SW,W,NE,SSW,NE,SW,E,SE,SSE,WSW,NW,SW,WNW,WNW,SSE,NE,W,ENE,E,ENE,W,SSW,SSW,WNW,W,NW,WNW,WNW,NE,SSW,S,ENE,S,WNW,ENE,WNW,NW,SW,SW,W,SE,SE,WSW,W,SSE,S,E,E,NE,NNW,SE,SW,WSW,NNE,ESE,ENE,SW,ESE,SSW,ESE,NE,ENE,NNW,ENE,W,WSW,ENE,SE,NNE,NE,SSW,SW,SE,ENE,E,WNW,ESE,WSW,SW,W,SE,ENE,E,WSW,SW,SE,NW,ESE,SW,SE,W,SW,S,SE,S,S,SW,SE,ESE,W,SE,S,SSW,S,SSW,ESE,SE,SSW,WSW,WSW,WSW,ESE,SE,S,SSW,ESE,SSE,SE,ESE,SSW,S,SW,SSW,SW,SE,SE,WNW,WSW,SE,SSW,NE,ENE,W,WSW,SW,WSW,S,ESE,SE,SSE,ESE,NE,SSE,ENE,WNW,W,NNW,WSW,WSW,W,ENE,SSW,SE,SW,WNW,WNW,E,NNW,SSW,SSW,SW,WNW,SW,ESE,WSW,W,NNE,E,NNE,E,SE,WSW,SW,S,NW,SE,NW,SW,SE,NE,NNE,W,S,WNW,W,W,SSW,WSW,S,WNW,SW,NE,NE,S,SSW,SSW,W,SW,NW,SSW,NNE,W,WNW,S,S,NE,WNW,SSW,S,W,W,SSE,W,E,W,WSW,SSE,NNW,SSE,W,SW,SSW,NW,WSW,SSE,SSW,ENE,SW,SSW,S,NNW,SSW,SW,W,SSW,NW,W,SE,ESE,SE,SW,SSW,SW,NNW,S,WSW,WSW,SE,WNW,WSW,SW,WSW,S,W,S,SW,ENE,WNW,WNW,W,WSW,W,SE,E,WSW,SSE,WNW,S,SE,E,NW,SSE,SSW,WSW,W,SE,E,WSW,SSE,WNW,S,SE,E,NW,SSE,SSW,ESE,WNW,SSW,SSW,SSW,S,SSW,W,W,E,WSW,WSW,SW,SW,W,W,NE,S,S,SSE,NW,NW,E,WSW,W,S,ENE,ENE,SSE,ENE,WSW,S,W,SW,ESE,E,NW,WNW,SW,SW,ESE,SSW,ENE,W,ENE,WNW,E,E,ESE,WSW,SE,WSW,SW,WSW,W,ENE,WSW,W,SW,ENE,SE,SE,WNW,SSW,WNW,WNW,W,SW,W,ESE,SSW,WSW,NE,ESE,ENE,S,NNE,SSE,NE,S,SSE,NW,WSW,ENE,SW,NE,S,SSE,E,NE,NE,ENE,WSW,SSW,WSW,SSE,ENE,WSW,WSW,W,SW,SW,ENE,NE,NE,WNW,WNW,W,NNW,SW,SSW,WSW,WSW,SSW,WSW,ENE,ESE,NNE,WNW,SE,NW,NW,SW,WSW,WNW,NE,WNW,WSW,ENE,ESE,NNW,SW,NE,SE,NNW,SE,SW,SSE,S,W,S,SSE,SE,NNW,NNE,NE,SSE,NW,WSW,WSW,NNW,WSW,S,W,W,S,WNW,NE,NE,SW,E,S,ENE,SSW,WNW,NNE,S,NW,SW,SW,SE,SE,SW,NNE,SW,SSE,NNE,SSW,NNE,SW,SW,NW,NE,S,SSW,SSW,E,SE,WNW,ENE,SSW,ENE,W,SW,SW,SE,WSW,W,S,NE,SSE,WSW,ESE,WSW,WSW,SSE,WSW,NNW,SSW,S,W,SW,NNE,S,ENE,NNW,SSW,NW,SW,WSW,W,S,SSE,SW,SW,ENE,S,NNE,NNW,SW,NNW,SE,E,NW,SSW,ESE,SSW,SSW,WNW,SW,NE,WSW,SW,WNW,SSE,NNE,W,WSW,WSW,SSW,SSE,WSW,NW,ENE,ENE,SSW,NNE,W,NE,WNW,WNW,WNW,SW,WNW,SSW,ENE,SE,WSW,W,SSE,SE,SE,WNW,SSW,WNW,SSW,WSW,SW,W,WSW,WSW,WSW,NW,SSW,W,W,WSW,ENE,WSW,S,SSW,NNW,SW,SW,ENE,SW,SSW,WNW,S,SSE,NNE,SSW,S,SW,W,NNE,SW,SSW,WSW,W,W,ESE,W,NE,SW,SSW,S,SSW,NNE,SSW,W,WSW,SW,WSW,ESE,SSE,ENE,S,SSW,NE,WNW,S,WSW,WNW,WSW,S,E,S,W,WSW,SSW,SW,SSE,SW,WNW,W,ENE,SW,SSW,WSW,SE,W,NW,WSW,ESE,E,NW,WNW,W,ESE,WSW,SSW,WSW,SSW,W,NW,SSW,NNE,S,NW,WNW,SSW,NE,WSW,WSW,WNW,S,WNW,SW,SW,ESE,SW,WNW,WSW,SW,ENE,WNW,W,SSW,SW,WNW,S,SSW,SW,SSW,NNW,WSW,S,SW,WNW,NE,WNW,ESE,NNE,SSE,WSW,WSW,SW,NNE,WNW,S,WSW,WNW,ESE,E,NE,NE,WSW,WSW,SW,W,S,WSW,W,WSW,NNW,SE,E,ESE,NE,SSW,SW,W,NNW,SE,WSW,WNW,WSW,NNW,S,ESE,WNW,ESE,ENE,S,WNW,WNW,E,SSW,WSW,SSW,SSE,WSW,SSE,S,SSW,ENE,S,WSW,WNW,SSW,W,WSW,ENE,NE,ENE,SSW,SSE,SSW,W,SE,SSE,SW,WSW,SSE,SSW,S,NE,NE,SW,SSW,SSW,W,W,SW,WNW,WNW,WNW,WSW,SW,NNE,SE,WSW,SW,ENE,SSW,NW,SSW,WSW,WNW,ENE,SW,WSW,ENE,WSW,SW,SW,ESE,S,WNW,WSW,W,WSW,ESE,SW,W,ESE,W,WSW,WSW,NE,SSE,NW,SSE,SW,S,S,WSW,W,ENE,WNW,WSW,WNW,SSW,W,WSW,SSE,SW,SSW,SE,WSW,WSW,ENE,S,WSW,SSW,WSW,WNW,ENE,SE,WSW,S,SW,SSW,SSW,S,SSW,SW,SW,SSW,W,ENE,SSE,SSW,SSW,SW,WSW,SW,NW,WNW,SW,SSW,WSW,NW,SSW,SSW,NE,SSW,WSW,WNW,E,WNW,W,W,S,SW,S,SSW,S,NE,S,SSW,SE,WSW,SW,NNW,WSW,WSW,S,SSW,S,NE,W,WSW,SW,WNW,SW,NW,WSW,WSW,S,SSW,WSW,NNE,WNW,WNW,WSW,WNW,NW,NW,SW,WSW,SSE,SW,WSW,E,WSW,SSE,SW,WSW,NW,SSW,W,WSW,SSW,E,SW,S,W,SW,WSW,WSW,WSW,SSW,WNW,SSW,S,ENE,SW,S,W,WSW,WSW,WSW,NNW,W,NW,SSW,S,WNW,SSW,SW,WSW,WSW,W,SSE,W,NW,S,SW,S,SW,SW,SW,WSW,W,WNW,WSW,SSE,WSW,WSW,SW,SSW,WSW,W,SSW,WSW,WSW,W,W,NE,NNW,W,S,SW,S,SW,NE,WSW,ESE,WSW,WSW,SE,WNW,W,S,WSW,SSW,WSW,NE,E,SW,W,SE,WSW,SW,NW,SW,S,SSW,WSW,NE,ESE,WSW,S,ENE,WSW,SSW,WSW,SW,SE,SSE,WSW,NE,SE,S,S,SSE,SSW,WSW,WNW,WSW,SE,WSW,WNW,NNE,SW,SW,SW,SW,W,SSW,NNW,SSE,SSW,SSW,SW,E,NW,WSW,SW,S,WNW,WSW,WSW,S,SSW,W,NE,ESE,SE,W,SSW,SSW,NW,W,W,WSW,NW,WSW,SE,SE,NE,WSW,SSW,WSW,WSW,SSE,SW,WSW,NW,WSW,ENE,W,NE,ESE,S,W,S,SSE,WSW,W,WSW,SW,NW,SSE,NE,SW,SSW,NW,SE,SW,SW,SSW,W,WNW,NNE,SSE,SW,SSW,SSW,W,SE,SSE,WSW,SSW,W,ENE,S,S,SSW,SW,SSW,WSW,ESE,SW,SSW,SSW,W,SW,WSW,SSW,SSW,WSW,WSW,WSW,WSW,WNW,WSW,SSE,WNW,SSW,WSW,SW,SSW,WSW,WSW,SW,S,WSW,W,WSW,WSW,NW,SW,SW,NW,W,W,SW,SW,S,S,SSE,SSW,W,SSW,WSW,SSW,SE,WNW,SSW,SW,SW,ESE,SE,WSW,ESE,SSE,SSE,SSE,SSW,WSW,W,NNE,WSW,SW,WSW,W,SE,SW,SSE,S,SE,SSW,SW,SW,W,WNW,SSW,W,SSW,SW,W,WSW,SSW,SW,SW,SE,NNW,W,SE,SSW,SW,SSW,SSE,WNW,SW,WSW,WSW,S,ESE,WNW,ESE,WNW,SSW,S,SSE,W,SSE,W,W,E,SW,S,ESE,WSW,SSE,SW,WSW,S,SW,W,WSW,ESE,SW,SSE,SSW,SW,SW,WSW,SSE,SW,ESE,SW,SSE,S,WSW,SE,NW,WNW,SW,WSW,NW,SE,W,W,SSE,WSW,SW,E,SSW,SW,W,WNW,SW,SSW,ESE,WNW,WSW,SSE,SE,ESE,SW,SSW,WSW,NNE,W,S,NW,WNW,SSE,SW,SW,ESE,W,SW,SW,ENE,WSW,SW,SSW,SW,NW,W,SW,ESE,WSW,W,WSW,ESE,W,SW,NE,WSW,SW,S,SW,SE,WNW,SSW,SW,ESE,W,SW,ENE,W,SSW,SSW,WSW,SSW,SSW,E,SW,SE,W,SW,SSW,SW,ESE,W,SW,SW,SSW,SE,W,SSE,SSW,W,WSW,NE,SSW,WSW,SW,WSW,WSW,SSW,S,SW,SSW,W,NW,NE,S,SSW,SW,SSW,W,WSW,S,SSE,WSW,SW,WNW,ENE,SSW,NW,SSW,SW,S,WSW,E,SSE,SSW,WSW,WSW,ENE,SSW,W,SW,WSW,SSE,SW,W,S,W,WSW,S,SSE,WSW,WSW,WSW,SSW,SSW,S,SSE,WSW,WSW,WSW,SE,SW,WSW,W,WSW,S,WSW,SW,S,S,ESE,SW,SE,SW,SSW,NE,SW,SSW,SSW,SSW,S,W,SE,SW,ESE,SW,ESE,WSW,S,SW,SE,SSW,SE,S,E,WSW,SE,S,SE,W,E,WSW,SSE,WSW,SW,SSE,SSE,W,S,SE,W,W,SE,WSW,SW,SW,SSW,SSW,SSW,S,SW,SSE,SE,WSW,SSE,SSW,SSW,SSW,S,WSW,NE,ENE,S,SW,SW,SW,ESE,WSW,SSW,W,SSW,S,NE,E,SW,E,SSE,WSW,S,WSW,WSW,W,SW,SW,SSE,S,WSW,WSW,SE,SSE,SW,SSW,WSW,WSW,WSW,SSW,WSW,WSW,SE,WSW,S,SSW,W,SW,SW,NW,WSW,WSW,WSW,SW,SSE,ENE,SSW,NW,W,W,SSE,NW,S,WNW,W,W,SSW,S,WNW,NNE,SSE,NNW,SSW,SE,NE,NW,WNW,WNW,SSW,WNW,SW,NE,WNW,S,SSW,SSE,SSE,WSW,W,SE,WSW,SW,WNW,ENE,W,S,SSW,ESE,SSE,SSE,SW,ENE,W,WSW,SSW,SE,WSW,SW,SW,NNE,SSW,S,E,E,WSW,WSW,SSW,SE,SW,WSW,W,ENE,SW,W,SSE,S,S,W,SSW,NE,W,WNW,SW,ESE,SSW,SW,SSW,W,SSW,SSE,WSW,WNW,WSW,W,S,ESE,WSW,WSW,WSW,W,NW,ESE,WSW,WSW,W,W,S,SE,WSW,SW,WSW,SW,WSW,SSW,SW,WSW,NNW,WSW,WSW,WSW,SW,S,SW,S,ENE,SW,SW,SSW,SW,WSW,NNE,SW,SSE,SW,WSW,E,E,SSW,SSW,WSW,WNW,SSE,NNE,SSW,SSW,WSW,WNW,E,ESE,S,SW,WSW,SW,SSE,SE,WSW,SSW,WSW,WNW,NNE,SSE,SE,SW,SSW,WSW,WSW,NW,WSW,WSW,S,SW,SSW,S,SE,SW,E,SSE,SW,ESE,SW,WSW,SW,SW,NE,SSW,ESE,WSW,SW,NE,SE,NE,WSW,SSW,WSW,W,E,SSW,SSE,SW,WSW,WSW,S,NNE,WSW,ESE,SSW,WSW,SE,S,SSW,SW,S,SW,SSE,NNE,WSW,SW,SW,SSW,ESE,S,WSW,SW,SSW,NW,NE,ENE,WSW,SSW,WSW,W,SE,S,SE,SW,SW,NW,E,S,SW,SW,W,SW,SSW,SSW,ENE,W,SW,ENE,E,WSW,SW,SSW,SW,W,WSW,SSW,E,WSW,SSW,E,ENE,WSW,SSE,SSW,S,WSW,NW,SW,ESE,SSE,SW,SE,SE,SW,SSE,WSW,W,WSW,NW,SSW,S,WSW,WSW,SSE,SW,WSW,S,SSW,E,WNW,SW,WSW,WSW,SE,S,SW,SW,WNW,SW,SSE,SSE,ESE,SW,SW,SSE,E,WNW,SSE,SSW,W,WNW,S,S,SSW,W,W,SSW,E,S,SSW,SSW,ENE,SSE,SW,SSE,WSW,WSW,ENE,W,E,SSW,SSW,WNW,SW,SW,SE,SSW,E,ESE,NE,SSW,SE,SW,SW,SSE,W,WSW,E,SW,E,SSE,NE,SW,SSE,ESE,SW,WSW,W,ENE,SE,WSW,E,SSW,ENE,SW,S,ENE,SW,S,W,S,SSE,SW,E,WSW,ENE,SW,WSW,WSW,WSW,S,W,SSW,SE,SSW,E,WSW,ENE,S,S,WNW,SW,S,WSW,SSE,WSW,SSW,ESE,S,ENE,SW,SW,WSW,W,ESE,SW,SSE,SSW,SSW,SE,SSE,S,W,W,W,W,SSE,WSW,SE,WSW,SW,SSE,SSE,SSW,ENE,WSW,SSW,SSW,S,SSE,S,SW,SW,WNW,WSW,SE,ENE,W,SSE,ENE,S,SW,S,SW,WSW,WNW,SSE,S,NE,W,SSW,SE,SW,SSW,ESE,WSW,NW,SSE,S,SW,NE,WSW,ENE,SE,WSW,WSW,ESE,W,SSE,WSW,S,W,NE,WNW,W,SW,SW,E,ESE,SSW,WSW,SW,SSW,SE,SE,SW,S,SW,WSW,SW,ENE,WSW,ENE,WSW,SSW,NE,SE,WSW,ESE,WSW,WSW,WSW,NE,WSW,SE,ESE,SSW,ENE,ENE,SW,SSE,SW,W,NW,NNE,SE,SSW,SSW,SE,E,E,WSW,S,SW,W,WSW,NE,ENE,SSW,SSE,S,NE,E,SW,SSE,S,SE,ENE,SSW,E,SSW,SSE,SSW,NNE,E,SW,SSE,S,NNE,WNW,WNW,SE,SW,SW,SW,SSE,S,SSE,SSW,S,NNE,WNW,SSE,SSE,S,SW,SSW,WSW,SE,S,SSE,SSW,NNE,SSW,ESE,SSW,SSE,WSW,SW,SSE,SSW,SSW,W,SSW,SE,WNW,SSW,SW,SSE,S,SSE,SSW,SW,SSE,ESE,SSW,W,S,WSW,WSW,S,S,SSW,S,WSW,SSE,NE,S,SSW,SE,W,WSW,S,SSW,WSW,W,SW,SSW,W,SE,S,SE,SW,S,SE,SSW,SW,SW,WNW,SSW,SSE,SSE,S,SSE,SW,SSE,ESE,SSE,W,WSW,SW,SW,SW,SW,SSW,S,SSW,SE,ESE,SSW,SW,SW,E,WSW,W,E,SW,SSE,W,SE,E,SSW,S,SSW,ESE,SW,WNW,SSW,SW,SW,NW,SE,SSE,SSE,SW,SSE,SW,WSW,W,SW,S,WSW,SW,S,NE,SSW,SSW,ESE,WSW,WSW,WSW,SSW,SSW,SW,S,SE,E,SSW,S,SE,SW,NW,SW,WNW,SSW,SSW,SW,S,SW,SSW,SSE,SE,WSW,W,NE,WNW,SW,SSW,SSE,S,S,SW,SW,SW,W,NW,NE,NNE,WSW,ESE,S,SW,WSW,SW,S,SE,E,WNW,SSE,E,WSW,SSE,SE,SSE,S,SSW,S,SE,SE,WSW,SSE,ESE,S,SSE,NW,SSE,S,SSW,S,SE,WSW,SW,SSE,SSE,SW,WSW,SSW,SSE,SSW,SSW,S,SE,W,WSW,WSW,SSW,SW,S,SW,SSE,SSW,SW,S,SE,SW,S,SSE,SSW,SW,SW,SW,SSE,S,SW,SSW,S,SSW,S,SE,SSW,W,SSW,SW,SSE,WSW,SW,WSW,S,SW,W,ESE,WSW,SSE,SSW,W,WNW,WSW,WSW,SSW,SSW,WSW,WSW,SSE,W,ESE,S,NE,NE,WSW,SW,SSE,SW,W,E,S,S,SE,E,SE,ESE,SW,SSW,S,SSW,W,W,SSE,SSE,SE,SW,ESE,SSE,S,SW,SSE,WSW,SE,W,SSE,SW,SE,W,WSW,ESE,SSE,W,S,WSW,SW,WSW,SSE,SSE,SSE,SW,SSW,SE,WSW,SSW,SE,SW,E,W,SSW,SSW,SSE,S,SW,SE,SW,SSW,S,SW,SE,W,SSW,SW,SSW,S,SW,ESE,S,W,S,SW,SE,NW,SW,SSW,S,S,SSW,SE,SE,SSW,SE,WSW,SSE,WSW,S,SE,S,SSW,S,ESE,SE,ENE,S,WSW,SW,SSW,SE,ESE,S,S,ENE,SE,SE,SSE,WSW,SW,WSW,SSW,ESE,SSW,SW,SSW,ENE,S,S,ENE,SE,SW,SW,NW,E,E,SW,SW,SSE,S,SSW,SSW,ENE,WSW,SW,WSW,ENE,SSE,S,S,SSW,SSE,SSE,W,NE,W,SSW,W,ENE,WSW,W,S,SE,SSE,SSE,WSW,E,WSW,S,SW,E,SSE,WSW,S,ENE,SSE,SSE,ENE,ESE,WSW,SSE,WSW,E,SE,SSW,SSW,SSE,SE,SSW,NNE,SSE,WNW,S,SSW,ESE,SE,WSW,SW,WNW,SW,S,N,SSE,W,E,SSW,ESE,ESE,WSW,WSW,W,SSW,SE,SSW,SW,SSW,NE,SW,ESE,SSE,SSE,SSW,WSW,SSW,SSW,WSW,ESE,WSW,ENE,W,ENE,SSE,SSE,SSW,S,SW,S,WSW,ESE,WNW,SE,WSW,NE,S,SSW,SW,SSE,SW,SSW,SSW,SE,SSW,W,SW,ESE,S,SE,SSW,E,SSW,NNW,WNW,ESE,WSW,NE,WSW,SSE,SW,E,S,NE,SSE,NNW,W,ESE,WSW,ESE,WSW,SSE,W,E,SSW,ENE,SSW,W,WNW,ESE,WSW,WSW,WSW,SSW,S,S,SSE,ENE,S,SW,WNW,NE,SSW,WSW,ENE,SSW,NE,W,SSE,ENE,SW,W,ENE,NE,SW,SSW,SW,SW,W,S,S,S,SW,SSW,SSW,NNE,SSW,E,SW,WSW,SSW,S,SSW,S,WSW,WSW,WSW,E,WSW,ESE,W,W,SE,SSE,S,SW,WSW,WNW,WSW,SW,SSW,SE,WSW,SSE,SW,SE,SSW,SE,WSW,WSW,W,WNW,SW,SE,WSW,SW,SW,E,S,NE,WSW,SE,WSW,SW,S,S,SW,SW,WSW,WSW,SW,S,SW,SSW,WSW,SW,S,SSW,WSW,WSW,SW,E,S,W,WSW,SW,WSW,SSW,WSW,SW,WSW,W,W,WSW,WSW,WSW,WSW,WNW,S,SW,SSW,SW,SSW,WNW,SW,SE,SE,W,S,W,SSE,SW,SW,W,SSE,WNW,SSW,SE,NNE,W,SSW,SW,SSE,SW,SW,SW,WSW,ESE,SSW,SSE,NE,S,SSW,SSE,S,SW,S,S,SSW,ENE,SW,SW,ENE,S,SSW,SSE,SW,SSW,S,SSE,SW,E,SW,SSE,ENE,NW,SSW,SSW,SSW,SSW,SSE,SE,SW,SE,SW,S,SW,SW,SW,SW,S,WSW,SSW,SE,W,SSE,SSE,SSE,SSE,WSW,W,SSW,SSW,SW,SSW,SSW,WSW,SSW,SSW,SSW,E,S,WSW,WSW,S,SW,SSW,WSW,W,SSE,S,SSE,ESE,S,SW,SSE,SSW,WSW,SSW,ESE,W,S,SSE,SSE,SSW,SW,WSW,ESE,SW,WSW,SSW,ESE,W,SSW,SSE,SSW,S,ESE,WSW,SSW,S,WSW,SW,S,WSW,SW,S,S,SSW,ENE,WSW,SSW,SSW,SW,SW,SSW,W,WSW,SSW,WSW,SSW,NE,SW,WSW,SSW,SW,SW,SSW,WSW,WSW,WSW,SW,SE,SE,WSW,SSW,S,WSW,S,WSW,WSW,W,SW,W,SSW,ESE,SW,SSW,SSW,W,SW,WSW,SW,WSW,W,WNW,SSW,WSW,SW,SW,SW,WSW,SW,WSW,SSW,SSW,S,WSW,SSW,SSW,SW,WSW,S,E,SW,W,S,SW,E,SSW,SSW,SSE,SSW,SE,WSW,E,S,SSW,W,WSW,ESE,SSE,ESE,SE,SW,S,SW,WSW,SSW,SE,SSW,WSW,SSE,SSW,SSW,SE,W,SW,S,W,SSE,SSW,SW,W,S,SW,ENE,SW,SW,SSW,SSE,WSW,SSW,SW,SW,W,SSW,SSE
Amount of Rain,0.0 mm,2.8 mm,2.7 mm,8.1 mm,11.9 mm,2.7 mm,0.0 mm,0.0 mm,0.2 mm,12.1 mm,3.0 mm,0.0 mm,6.7 mm,1.2 mm,0.4 mm,0.4 mm,12.8 mm,0.5 mm,3.6 mm,5.5 mm,5.1 mm,4.8 mm,7.8 mm,1.8 mm,0.0 mm,0.0 mm,0.1 mm,5.6 mm,0.2 mm,4.6 mm,4.2 mm,1.9 mm,5.0 mm,19.1 mm,0.3 mm,17.4 mm,1.5 mm,7.3 mm,0.0 mm,1.0 mm,0.4 mm,0.3 mm,1.3 mm,1.1 mm,0.8 mm,0.4 mm,6.8 mm,7.7 mm,2.8 mm,1.0 mm,0.1 mm,1.4 mm,11.1 mm,1.1 mm,0.0 mm,28.5 mm,1.1 mm,7.9 mm,0.1 mm,1.1 mm,0.1 mm,1.5 mm,6.2 mm,0.0 mm,0.5 mm,0.0 mm,0.0 mm,18.6 mm,1.0 mm,0.9 mm,5.8 mm,0.2 mm,2.2 mm,0.0 mm,0.6 mm,1.0 mm,0.0 mm,1.1 mm,1.0 mm,1.0 mm,4.5 mm,0.9 mm,0.2 mm,3.7 mm,0.8 mm,8.0 mm,1.4 mm,2.6 mm,3.8 mm,1.0 mm,3.8 mm,0.0 mm,0.4 mm,2.8 mm,3.4 mm,0.5 mm,1.8 mm,21.4 mm,0.2 mm,1.1 mm,0.0 mm,9.4 mm,0.3 mm,7.1 mm,0.0 mm,6.7 mm,12.7 mm,1.8 mm,5.8 mm,3.1 mm,9.0 mm,0.0 mm,1.0 mm,0.2 mm,4.0 mm,9.6 mm,0.7 mm,0.0 mm,1.5 mm,0.0 mm,0.1 mm,1.3 mm,0.0 mm,11.5 mm,2.6 mm,12.3 mm,1.2 mm,0.4 mm,4.8 mm,1.3 mm,0.0 mm,1.6 mm,2.7 mm,0.3 mm,1.5 mm,1.0 mm,0.7 mm,11.3 mm,3.8 mm,0.8 mm,4.5 mm,0.0 mm,0.3 mm,0.0 mm,1.9 mm,13.5 mm,3.3 mm,0.0 mm,0.0 mm,1.2 mm,0.5 mm,10.0 mm,0.2 mm,6.0 mm,0.1 mm,13.9 mm,8.4 mm,0.4 mm,22.1 mm,0.8 mm,0.0 mm,0.3 mm,5.8 mm,5.9 mm,20.8 mm,0.0 mm,23.3 mm,0.5 mm,1.1 mm,5.1 mm,0.1 mm,7.9 mm,0.0 mm,0.6 mm,0.2 mm,3.3 mm,7.1 mm,6.2 mm,0.0 mm,5.2 mm,1.6 mm,0.1 mm,0.0 mm,0.0 mm,1.6 mm,0.0 mm,8.4 mm,4.0 mm,8.5 mm,3.5 mm,0.9 mm,9.8 mm,0.3 mm,1.8 mm,0.0 mm,0.2 mm,2.5 mm,0.0 mm,0.0 mm,3.4 mm,2.2 mm,0.3 mm,1.0 mm,0.0 mm,13.6 mm,0.5 mm,0.0 mm,0.1 mm,1.5 mm,6.6 mm,0.0 mm,0.0 mm,0.8 mm,1.2 mm,0.0 mm,0.6 mm,0.0 mm,9.8 mm,9.6 mm,2.0 mm,6.7 mm,11.9 mm,1.4 mm,6.7 mm,2.8 mm,0.0 mm,0.1 mm,2.7 mm,0.0 mm,0.0 mm,7.1 mm,0.0 mm,1.9 mm,0.3 mm,4.7 mm,2.3 mm,3.2 mm,23.3 mm,0.0 mm,0.0 mm,0.2 mm,0.0 mm,0.0 mm,5.7 mm,0.0 mm,6.3 mm,14.8 mm,0.5 mm,0.1 mm,0.8 mm,11.3 mm,5.4 mm,1.6 mm,0.1 mm,0.4 mm,0.0 mm,6.6 mm,0.0 mm,0.0 mm,0.7 mm,0.2 mm,0.5 mm,0.3 mm,7.6 mm,0.7 mm,0.7 mm,0.0 mm,0.2 mm,0.0 mm,2.0 mm,0.0 mm,0.0 mm,3.9 mm,3.8 mm,0.2 mm,3.2 mm,3.7 mm,0.0 mm,0.0 mm,0.0 mm,5.9 mm,0.0 mm,3.2 mm,1.2 mm,0.0 mm,6.1 mm,24.3 mm,0.2 mm,1.9 mm,4.2 mm,0.0 mm,0.7 mm,0.0 mm,6.7 mm,0.1 mm,1.1 mm,0.7 mm,0.0 mm,0.5 mm,3.2 mm,3.2 mm,2.4 mm,2.0 mm,0.3 mm,0.5 mm,12.7 mm,9.1 mm,2.1 mm,0.4 mm,0.0 mm,0.0 mm,3.1 mm,0.0 mm,5.8 mm,5.2 mm,0.1 mm,0.0 mm,2.0 mm,5.4 mm,0.1 mm,0.0 mm,6.7 mm,2.8 mm,0.0 mm,1.8 mm,0.0 mm,0.3 mm,0.2 mm,2.4 mm,0.6 mm,11.8 mm,12.2 mm,0.6 mm,0.0 mm,0.3 mm,3.9 mm,0.0 mm,0.8 mm,0.0 mm,1.1 mm,0.3 mm,1.0 mm,9.4 mm,7.6 mm,0.2 mm,4.2 mm,0.0 mm,0.1 mm,8.3 mm,6.6 mm,1.8 mm,0.0 mm,6.5 mm,0.0 mm,0.0 mm,0.6 mm,0.1 mm,0.9 mm,6.3 mm,0.3 mm,1.8 mm,12.9 mm,6.0 mm,31.1 mm,0.0 mm,14.1 mm,0.0 mm,0.0 mm,7.7 mm,0.0 mm,6.7 mm,0.5 mm,0.9 mm,4.0 mm,0.1 mm,2.9 mm,10.2 mm,0.0 mm,4.8 mm,0.0 mm,0.8 mm,4.4 mm,0.0 mm,4.0 mm,14.7 mm,13.2 mm,1.1 mm,3.1 mm,0.2 mm,1.2 mm,0.0 mm,2.0 mm,0.0 mm,0.1 mm,4.4 mm,0.0 mm,0.8 mm,6.7 mm,0.2 mm,12.9 mm,2.7 mm,2.1 mm,0.0 mm,0.3 mm,3.9 mm,0.5 mm,0.0 mm,8.4 mm,9.3 mm,1.7 mm,5.1 mm,0.4 mm,2.5 mm,5.4 mm,5.2 mm,4.1 mm,3.8 mm,10.2 mm,0.7 mm,0.0 mm,3.0 mm,0.0 mm,2.2 mm,18.1 mm,0.4 mm,11.1 mm,6.8 mm,6.2 mm,9.7 mm,0.4 mm,6.7 mm,7.4 mm,0.1 mm,3.1 mm,0.0 mm,0.0 mm,0.8 mm,5.6 mm,1.1 mm,0.4 mm,2.9 mm,14.8 mm,1.5 mm,2.5 mm,6.6 mm,0.0 mm,5.7 mm,0.0 mm,0.0 mm,7.9 mm,6.0 mm,1.1 mm,0.3 mm,5.9 mm,3.5 mm,0.4 mm,4.4 mm,1.3 mm,0.0 mm,2.5 mm,2.3 mm,0.0 mm,7.7 mm,1.5 mm,0.0 mm,0.1 mm,0.0 mm,1.1 mm,0.2 mm,0.6 mm,0.5 mm,0.0 mm,13.7 mm,2.7 mm,0.0 mm,0.0 mm,0.0 mm,0.5 mm,0.4 mm,0.0 mm,10.3 mm,1.3 mm,1.6 mm,0.1 mm,0.3 mm,0.1 mm,7.6 mm,0.1 mm,2.9 mm,5.0 mm,0.3 mm,13.9 mm,0.0 mm,26.0 mm,0.6 mm,0.0 mm,0.1 mm,0.1 mm,1.6 mm,9.5 mm,0.4 mm,9.8 mm,1.9 mm,0.0 mm,0.5 mm,1.7 mm,7.8 mm,3.0 mm,0.2 mm,0.0 mm,0.7 mm,0.8 mm,0.8 mm,0.9 mm,15.0 mm,0.0 mm,0.1 mm,5.8 mm,0.6 mm,0.8 mm,31.0 mm,0.5 mm,3.0 mm,0.0 mm,0.7 mm,0.7 mm,1.0 mm,4.9 mm,0.1 mm,1.2 mm,22.0 mm,25.1 mm,0.0 mm,4.3 mm,2.2 mm,13.8 mm,0.0 mm,0.1 mm,3.5 mm,0.0 mm,0.3 mm,6.1 mm,8.5 mm,12.6 mm,4.7 mm,0.0 mm,2.8 mm,1.3 mm,20.3 mm,0.0 mm,0.0 mm,4.1 mm,0.0 mm,0.1 mm,1.6 mm,1.8 mm,0.0 mm,0.7 mm,0.0 mm,2.7 mm,1.5 mm,1.1 mm,4.0 mm,0.0 mm,14.1 mm,0.0 mm,3.7 mm,0.0 mm,0.0 mm,0.0 mm,10.4 mm,0.0 mm,0.7 mm,3.1 mm,7.4 mm,4.5 mm,4.9 mm,4.2 mm,0.7 mm,4.3 mm,0.0 mm,0.0 mm,0.0 mm,1.4 mm,0.0 mm,1.8 mm,1.3 mm,6.0 mm,5.6 mm,3.3 mm,0.3 mm,0.0 mm,6.1 mm,0.0 mm,7.3 mm,0.0 mm,0.0 mm,4.3 mm,10.8 mm,0.5 mm,0.0 mm,3.2 mm,4.1 mm,0.9 mm,0.0 mm,0.0 mm,1.8 mm,0.1 mm,0.0 mm,3.4 mm,0.5 mm,13.5 mm,2.9 mm,0.0 mm,1.5 mm,0.1 mm,0.4 mm,0.5 mm,0.0 mm,3.4 mm,0.0 mm,0.0 mm,10.2 mm,0.9 mm,0.0 mm,3.8 mm,0.0 mm,3.0 mm,0.0 mm,0.3 mm,0.0 mm,0.0 mm,0.2 mm,0.0 mm,0.0 mm,3.1 mm,1.9 mm,0.8 mm,1.2 mm,0.0 mm,5.1 mm,1.6 mm,2.9 mm,0.0 mm,1.8 mm,0.6 mm,0.0 mm,0.2 mm,8.7 mm,2.1 mm,3.6 mm,1.0 mm,0.0 mm,0.0 mm,0.1 mm,1.6 mm,9.4 mm,9.5 mm,3.0 mm,0.0 mm,0.0 mm,2.9 mm,0.0 mm,0.4 mm,1.6 mm,0.0 mm,0.2 mm,0.3 mm,3.5 mm,9.3 mm,5.9 mm,3.2 mm,0.0 mm,0.1 mm,3.6 mm,0.0 mm,4.7 mm,12.7 mm,0.0 mm,0.0 mm,0.2 mm,0.2 mm,0.1 mm,19.2 mm,12.8 mm,0.0 mm,0.5 mm,0.5 mm,0.0 mm,3.3 mm,15.2 mm,0.3 mm,1.7 mm,2.7 mm,0.0 mm,20.8 mm,6.2 mm,16.0 mm,0.0 mm,0.0 mm,17.8 mm,0.0 mm,0.2 mm,6.2 mm,4.4 mm,1.6 mm,5.6 mm,0.0 mm,0.4 mm,0.2 mm,5.3 mm,0.0 mm,0.0 mm,2.1 mm,0.0 mm,0.2 mm,9.1 mm,0.2 mm,0.7 mm,8.8 mm,0.2 mm,3.5 mm,1.3 mm,0.1 mm,0.0 mm,0.0 mm,5.2 mm,0.0 mm,0.9 mm,3.8 mm,2.6 mm,1.3 mm,0.6 mm,0.8 mm,4.2 mm,0.1 mm,2.6 mm,0.0 mm,0.0 mm,15.0 mm,9.8 mm,3.3 mm,2.0 mm,1.0 mm,0.2 mm,0.3 mm,3.7 mm,15.8 mm,0.0 mm,5.2 mm,0.0 mm,0.0 mm,5.9 mm,0.0 mm,1.7 mm,15.0 mm,0.1 mm,1.4 mm,0.0 mm,1.2 mm,0.0 mm,0.0 mm,4.2 mm,0.0 mm,0.5 mm,2.3 mm,0.0 mm,0.5 mm,5.7 mm,0.0 mm,0.0 mm,0.7 mm,1.8 mm,8.8 mm,6.4 mm,7.3 mm,0.0 mm,3.9 mm,4.9 mm,0.0 mm,1.6 mm,0.4 mm,0.0 mm,0.5 mm,0.0 mm,0.2 mm,5.0 mm,3.8 mm,6.5 mm,0.6 mm,0.6 mm,15.9 mm,0.0 mm,0.0 mm,0.0 mm,0.5 mm,0.0 mm,0.1 mm,0.2 mm,4.5 mm,2.7 mm,0.0 mm,5.2 mm,5.9 mm,3.3 mm,0.0 mm,1.8 mm,0.0 mm,1.6 mm,4.2 mm,0.0 mm,0.2 mm,1.7 mm,12.4 mm,7.5 mm,2.5 mm,2.4 mm,1.1 mm,1.2 mm,22.9 mm,3.1 mm,2.3 mm,9.1 mm,0.0 mm,0.0 mm,0.1 mm,3.6 mm,12.8 mm,2.7 mm,2.3 mm,21.9 mm,0.3 mm,18.9 mm,8.7 mm,1.0 mm,0.2 mm,0.0 mm,0.0 mm,0.0 mm,0.7 mm,5.5 mm,0.9 mm,4.9 mm,20.1 mm,0.0 mm,0.0 mm,0.0 mm,0.0 mm,4.9 mm,3.0 mm,0.0 mm,0.0 mm,1.6 mm,4.6 mm,3.1 mm,8.6 mm,0.9 mm,0.0 mm,4.3 mm,0.2 mm,0.0 mm,4.1 mm,7.2 mm,0.0 mm,0.0 mm,0.0 mm,22.7 mm,11.9 mm,4.2 mm,3.3 mm,0.0 mm,2.7 mm,0.0 mm,2.3 mm,0.4 mm,11.4 mm,0.0 mm,0.3 mm,0.0 mm,4.0 mm,1.8 mm,11.9 mm,0.5 mm,3.3 mm,10.1 mm,0.0 mm,0.8 mm,1.0 mm,6.1 mm,0.0 mm,0.4 mm,0.0 mm,0.0 mm,4.1 mm,9.5 mm,14.5 mm,0.1 mm,0.8 mm,0.0 mm,1.0 mm,0.4 mm,1.9 mm,0.0 mm,0.4 mm,0.1 mm,0.0 mm,2.1 mm,7.9 mm,7.1 mm,8.6 mm,6.1 mm,0.8 mm,0.0 mm,0.0 mm,4.4 mm,0.0 mm,0.7 mm,0.0 mm,0.0 mm,1.9 mm,1.9 mm,9.9 mm,4.1 mm,1.8 mm,1.4 mm,2.4 mm,0.0 mm,0.0 mm,0.0 mm,0.6 mm,0.0 mm,0.0 mm,13.0 mm,13.4 mm,1.0 mm,9.0 mm,0.7 mm,3.0 mm,3.1 mm,0.0 mm,1.1 mm,0.0 mm,0.5 mm,0.0 mm,0.0 mm,0.4 mm,17.3 mm,0.3 mm,2.5 mm,1.3 mm,5.2 mm,0.0 mm,0.0 mm,1.5 mm,0.8 mm,0.8 mm,0.3 mm,0.0 mm,4.2 mm,12.5 mm,0.2 mm,6.3 mm,0.7 mm,6.5 mm,0.0 mm,0.0 mm,1.0 mm,0.6 mm,1.3 mm,0.0 mm,0.0 mm,6.6 mm,21.6 mm,0.0 mm,1.2 mm,0.0 mm,0.0 mm,1.1 mm,1.0 mm,1.0 mm,0.2 mm,0.2 mm,0.0 mm,0.9 mm,1.6 mm,6.0 mm,0.0 mm,3.0 mm,0.0 mm,0.0 mm,4.0 mm,4.7 mm,1.6 mm,0.9 mm,1.5 mm,0.1 mm,24.3 mm,0.4 mm,1.1 mm,0.1 mm,1.0 mm,0.0 mm,0.5 mm,6.5 mm,0.2 mm,4.3 mm,2.1 mm,1.8 mm,1.0 mm,8.4 mm,0.0 mm,0.0 mm,0.0 mm,0.3 mm,0.0 mm,13.4 mm,0.0 mm,0.0 mm,16.5 mm,0.0 mm,0.0 mm,0.8 mm,3.3 mm,0.6 mm,0.0 mm,0.1 mm,0.1 mm,0.0 mm,15.4 mm,0.0 mm,0.0 mm,0.7 mm,1.7 mm,5.6 mm,1.5 mm,4.1 mm,0.0 mm,0.0 mm,0.0 mm,0.6 mm,0.9 mm,0.1 mm,0.0 mm,0.0 mm,0.1 mm,3.7 mm,0.1 mm,1.9 mm,0.1 mm,3.5 mm,0.0 mm,0.0 mm,0.5 mm,10.3 mm,0.0 mm,0.0 mm,0.0 mm,0.5 mm,0.9 mm,0.0 mm,1.9 mm,0.0 mm,0.2 mm,0.7 mm,0.0 mm,0.0 mm,2.9 mm,0.0 mm,0.0 mm,0.0 mm,0.2 mm,0.4 mm,0.2 mm,2.6 mm,0.0 mm,0.0 mm,0.6 mm,0.0 mm,0.0 mm,17.8 mm,1.5 mm,0.0 mm,0.0 mm,0.1 mm,1.6 mm,5.8 mm,13.2 mm,0.0 mm,0.0 mm,4.7 mm,0.0 mm,1.6 mm,8.9 mm,6.9 mm,0.3 mm,0.0 mm,0.0 mm,0.9 mm,4.2 mm,0.0 mm,0.0 mm,1.1 mm,1.1 mm,0.0 mm,0.7 mm,7.6 mm,2.5 mm,0.0 mm,0.0 mm,0.0 mm,0.2 mm,2.8 mm,7.9 mm,0.0 mm,8.3 mm,0.5 mm,0.0 mm,2.0 mm,4.1 mm,7.5 mm,0.0 mm,0.0 mm,0.5 mm,0.0 mm,3.4 mm,7.4 mm,0.5 mm,17.0 mm,0.0 mm,0.0 mm,0.1 mm,3.3 mm,11.3 mm,0.0 mm,0.0 mm,0.6 mm,0.0 mm,13.6 mm,0.9 mm,0.5 mm,0.7 mm,0.0 mm,0.8 mm,0.0 mm,0.0 mm,7.7 mm,4.8 mm,1.5 mm,0.5 mm,0.0 mm,4.5 mm,4.0 mm,0.4 mm,1.8 mm,0.0 mm,2.5 mm,0.0 mm,0.0 mm,1.1 mm,8.3 mm,1.4 mm,1.4 mm,0.0 mm,20.3 mm,6.1 mm,29.1 mm,1.3 mm,0.0 mm,0.3 mm,0.0 mm,0.0 mm,3.2 mm,0.9 mm,0.0 mm,0.0 mm,0.4 mm,3.0 mm,2.4 mm,12.2 mm,2.9 mm,0.0 mm,0.0 mm,0.1 mm,0.0 mm,1.8 mm,0.0 mm,0.0 mm,0.0 mm,0.0 mm,10.6 mm,0.0 mm,0.2 mm,2.0 mm,6.4 mm,0.4 mm,0.0 mm,0.0 mm,10.0 mm,6.6 mm,0.1 mm,0.2 mm,0.0 mm,0.1 mm,6.0 mm,0.0 mm,1.5 mm,6.0 mm,2.0 mm,0.0 mm,0.0 mm,4.7 mm,4.0 mm,5.3 mm,0.1 mm,0.0 mm,3.6 mm,3.1 mm,0.3 mm,1.3 mm,1.5 mm,0.0 mm,0.0 mm,0.4 mm,0.5 mm,0.2 mm,0.3 mm,0.0 mm,0.4 mm,0.1 mm,4.9 mm,0.1 mm,0.2 mm,0.0 mm,0.0 mm,13.8 mm,0.0 mm,0.0 mm,0.1 mm,0.0 mm,0.6 mm,1.3 mm,0.0 mm,0.6 mm,0.8 mm,0.0 mm,0.0 mm,0.0 mm,3.9 mm,0.8 mm,0.0 mm,0.0 mm,3.8 mm,0.0 mm,1.1 mm,0.0 mm,2.4 mm,0.1 mm,0.0 mm,1.3 mm,0.0 mm,7.1 mm,4.5 mm,5.5 mm,0.0 mm,0.3 mm,1.4 mm,3.4 mm,0.0 mm,0.6 mm,0.1 mm,1.6 mm,2.7 mm,0.0 mm,0.8 mm,0.8 mm,0.0 mm,0.0 mm,10.3 mm,4.5 mm,0.2 mm,0.0 mm,0.0 mm,0.0 mm,0.1 mm,0.4 mm,1.0 mm,0.0 mm,0.0 mm,0.0 mm,0.0 mm,7.7 mm,2.2 mm,0.0 mm,0.0 mm,0.0 mm,0.7 mm,7.0 mm,0.0 mm,0.0 mm,18.4 mm,0.2 mm,2.0 mm,0.0 mm,3.9 mm,10.1 mm,0.2 mm,0.9 mm,3.2 mm,0.1 mm,8.7 mm,0.0 mm,0.0 mm,22.6 mm,0.0 mm,1.0 mm,5.6 mm,3.8 mm,4.1 mm,0.1 mm,0.0 mm,5.2 mm,0.5 mm,1.1 mm,0.2 mm,0.2 mm,3.9 mm,0.3 mm,0.1 mm,0.8 mm,1.0 mm,1.0 mm,0.5 mm,0.8 mm,0.8 mm,2.6 mm,0.1 mm,1.6 mm,1.3 mm,0.6 mm,0.0 mm,0.0 mm,0.0 mm,0.6 mm,0.7 mm,4.0 mm,0.9 mm,0.9 mm,0.8 mm,0.5 mm,0.0 mm,0.0 mm,0.5 mm,0.0 mm,0.0 mm,0.0 mm,3.1 mm,0.3 mm,0.1 mm,0.5 mm,0.5 mm,1.7 mm,5.1 mm,0.0 mm,0.0 mm,0.3 mm,2.7 mm,0.0 mm,0.0 mm,0.3 mm,0.0 mm,0.0 mm,0.0 mm,0.3 mm,2.4 mm,0.3 mm,2.9 mm,0.0 mm,0.0 mm,25.2 mm,0.0 mm,0.0 mm,2.7 mm,1.3 mm,0.4 mm,0.0 mm,2.0 mm,15.0 mm,0.0 mm,1.7 mm,0.1 mm,0.0 mm,0.3 mm,0.0 mm,0.0 mm,5.3 mm,0.0 mm,2.3 mm,0.0 mm,0.3 mm,3.8 mm,0.0 mm,0.0 mm,0.4 mm,0.9 mm,0.0 mm,0.0 mm,0.0 mm,4.0 mm,1.0 mm,0.0 mm,0.0 mm,0.2 mm,0.1 mm,0.0 mm,0.0 mm,0.0 mm,3.5 mm,0.0 mm,0.0 mm,0.0 mm,4.0 mm,1.0 mm,0.0 mm,0.0 mm,0.2 mm,0.1 mm,0.0 mm,0.0 mm,0.0 mm,3.5 mm,0.0 mm,0.7 mm,0.0 mm,9.2 mm,0.0 mm,1.5 mm,0.0 mm,0.0 mm,1.0 mm,0.0 mm,0.0 mm,0.0 mm,0.5 mm,0.0 mm,0.0 mm,0.0 mm,5.7 mm,0.0 mm,1.3 mm,0.0 mm,0.0 mm,4.7 mm,0.7 mm,0.0 mm,0.0 mm,0.4 mm,0.0 mm,0.0 mm,0.0 mm,2.1 mm,0.3 mm,3.9 mm,0.0 mm,2.4 mm,0.9 mm,0.7 mm,0.0 mm,0.0 mm,0.0 mm,0.0 mm,0.0 mm,0.0 mm,4.0 mm,0.0 mm,9.4 mm,0.1 mm,4.0 mm,0.7 mm,0.7 mm,12.3 mm,0.0 mm,0.0 mm,2.9 mm,2.7 mm,0.0 mm,4.5 mm,0.3 mm,0.9 mm,7.6 mm,13.6 mm,3.4 mm,3.1 mm,17.6 mm,0.0 mm,0.0 mm,4.8 mm,6.5 mm,0.8 mm,3.9 mm,9.2 mm,1.1 mm,4.7 mm,4.3 mm,1.6 mm,4.6 mm,14.2 mm,0.0 mm,0.0 mm,8.1 mm,0.1 mm,9.7 mm,1.7 mm,1.7 mm,16.3 mm,12.1 mm,7.7 mm,1.0 mm,0.2 mm,8.6 mm,0.0 mm,0.0 mm,7.7 mm,0.0 mm,4.2 mm,8.4 mm,0.0 mm,0.0 mm,1.8 mm,2.3 mm,2.4 mm,1.1 mm,0.5 mm,6.7 mm,0.0 mm,0.6 mm,0.0 mm,0.1 mm,0.0 mm,0.4 mm,2.7 mm,0.3 mm,4.0 mm,0.3 mm,2.5 mm,0.7 mm,2.0 mm,4.1 mm,0.0 mm,3.5 mm,0.0 mm,0.2 mm,0.0 mm,5.0 mm,4.4 mm,8.3 mm,0.0 mm,13.9 mm,0.7 mm,7.8 mm,0.2 mm,1.0 mm,3.8 mm,0.0 mm,5.5 mm,0.0 mm,1.8 mm,0.4 mm,0.6 mm,12.9 mm,3.6 mm,0.3 mm,10.2 mm,0.9 mm,0.1 mm,17.6 mm,0.0 mm,7.4 mm,1.5 mm,1.8 mm,0.0 mm,0.0 mm,7.7 mm,0.0 mm,4.7 mm,9.1 mm,1.7 mm,0.3 mm,1.3 mm,0.0 mm,0.9 mm,0.1 mm,0.2 mm,8.8 mm,1.6 mm,2.5 mm,0.0 mm,1.4 mm,0.2 mm,0.0 mm,0.0 mm,0.2 mm,0.6 mm,3.0 mm,0.1 mm,0.0 mm,2.8 mm,0.0 mm,6.0 mm,0.0 mm,14.6 mm,3.5 mm,6.8 mm,4.6 mm,0.0 mm,0.0 mm,16.6 mm,0.1 mm,0.0 mm,11.0 mm,0.0 mm,0.6 mm,0.0 mm,2.2 mm,0.0 mm,10.6 mm,4.0 mm,11.1 mm,0.0 mm,10.6 mm,0.0 mm,12.2 mm,2.1 mm,0.0 mm,0.6 mm,0.0 mm,2.3 mm,0.0 mm,2.4 mm,0.0 mm,8.1 mm,0.0 mm,0.0 mm,6.8 mm,13.8 mm,0.4 mm,0.0 mm,1.2 mm,0.0 mm,1.0 mm,0.0 mm,3.9 mm,1.3 mm,0.5 mm,0.0 mm,0.1 mm,5.2 mm,9.5 mm,0.0 mm,0.0 mm,2.1 mm,0.0 mm,8.9 mm,0.0 mm,1.1 mm,7.7 mm,0.6 mm,0.5 mm,7.8 mm,2.4 mm,8.3 mm,2.7 mm,0.0 mm,0.4 mm,0.1 mm,7.2 mm,0.2 mm,0.1 mm,2.7 mm,0.0 mm,0.5 mm,11.0 mm,0.6 mm,13.4 mm,0.3 mm,0.8 mm,0.0 mm,1.4 mm,4.7 mm,12.5 mm,3.1 mm,20.6 mm,13.3 mm,2.3 mm,4.2 mm,2.9 mm,4.0 mm,0.0 mm,1.2 mm,14.4 mm,0.0 mm,8.2 mm,0.9 mm,4.6 mm,0.7 mm,9.2 mm,1.8 mm,1.8 mm,5.7 mm,3.2 mm,0.0 mm,1.9 mm,18.5 mm,0.0 mm,0.8 mm,0.6 mm,1.7 mm,0.0 mm,0.0 mm,0.2 mm,0.1 mm,6.8 mm,3.7 mm,0.0 mm,7.5 mm,16.4 mm,7.6 mm,0.2 mm,0.0 mm,2.6 mm,6.0 mm,0.1 mm,1.2 mm,0.1 mm,2.2 mm,4.2 mm,1.0 mm,1.1 mm,6.7 mm,1.5 mm,0.0 mm,0.7 mm,2.3 mm,13.4 mm,0.0 mm,6.3 mm,6.1 mm,1.3 mm,0.3 mm,1.7 mm,2.4 mm,0.0 mm,0.0 mm,0.0 mm,0.2 mm,2.0 mm,1.3 mm,0.0 mm,2.8 mm,5.1 mm,23.1 mm,0.0 mm,2.5 mm,1.6 mm,2.7 mm,6.5 mm,0.2 mm,0.0 mm,6.1 mm,14.2 mm,6.4 mm,1.1 mm,0.1 mm,1.6 mm,0.0 mm,1.0 mm,1.5 mm,7.6 mm,0.3 mm,2.5 mm,0.0 mm,19.3 mm,0.0 mm,1.3 mm,2.2 mm,0.3 mm,0.8 mm,0.0 mm,1.3 mm,3.2 mm,19.1 mm,0.0 mm,2.1 mm,0.0 mm,8.1 mm,0.4 mm,0.1 mm,10.4 mm,6.7 mm,0.0 mm,0.2 mm,5.4 mm,1.8 mm,13.6 mm,0.0 mm,11.6 mm,0.4 mm,5.3 mm,0.1 mm,0.0 mm,6.0 mm,11.3 mm,4.9 mm,1.0 mm,2.7 mm,0.8 mm,2.7 mm,0.2 mm,1.7 mm,0.0 mm,2.6 mm,0.3 mm,0.0 mm,1.7 mm,2.5 mm,4.7 mm,0.6 mm,0.5 mm,0.5 mm,0.0 mm,1.8 mm,19.6 mm,0.7 mm,3.8 mm,0.3 mm,0.0 mm,1.7 mm,2.5 mm,4.7 mm,0.6 mm,0.5 mm,0.5 mm,0.0 mm,1.8 mm,19.6 mm,0.7 mm,3.8 mm,0.0 mm,0.1 mm,0.0 mm,3.7 mm,12.3 mm,5.9 mm,1.3 mm,8.2 mm,0.8 mm,5.7 mm,0.0 mm,2.2 mm,2.0 mm,0.1 mm,0.5 mm,0.0 mm,2.1 mm,0.8 mm,0.9 mm,0.0 mm,2.4 mm,3.7 mm,9.1 mm,0.9 mm,2.3 mm,4.0 mm,0.0 mm,0.2 mm,0.0 mm,0.0 mm,1.4 mm,0.0 mm,3.1 mm,0.2 mm,0.2 mm,2.5 mm,0.1 mm,0.7 mm,4.0 mm,3.2 mm,7.7 mm,1.0 mm,0.0 mm,8.0 mm,9.1 mm,1.5 mm,0.0 mm,0.0 mm,0.3 mm,0.8 mm,0.0 mm,4.1 mm,0.1 mm,1.0 mm,6.5 mm,0.0 mm,0.2 mm,22.5 mm,0.0 mm,0.5 mm,0.5 mm,2.7 mm,2.5 mm,0.3 mm,4.9 mm,5.2 mm,3.6 mm,0.0 mm,1.1 mm,1.7 mm,1.5 mm,3.4 mm,1.7 mm,7.6 mm,2.7 mm,13.4 mm,0.0 mm,0.0 mm,0.1 mm,1.2 mm,0.3 mm,4.1 mm,14.1 mm,0.7 mm,1.6 mm,6.6 mm,1.2 mm,11.1 mm,0.2 mm,0.0 mm,0.0 mm,0.0 mm,12.7 mm,0.1 mm,1.5 mm,2.7 mm,0.0 mm,5.3 mm,18.6 mm,7.5 mm,2.3 mm,7.6 mm,0.0 mm,0.0 mm,0.1 mm,4.8 mm,15.1 mm,13.9 mm,1.4 mm,0.0 mm,2.5 mm,2.9 mm,1.8 mm,8.2 mm,0.1 mm,0.0 mm,0.0 mm,0.0 mm,0.7 mm,0.3 mm,6.1 mm,4.0 mm,0.7 mm,1.8 mm,8.3 mm,0.2 mm,15.9 mm,0.0 mm,0.0 mm,0.0 mm,0.0 mm,0.0 mm,0.0 mm,0.1 mm,0.1 mm,0.7 mm,0.1 mm,27.0 mm,1.1 mm,2.8 mm,0.0 mm,0.0 mm,0.0 mm,0.0 mm,0.0 mm,0.0 mm,17.1 mm,0.0 mm,4.1 mm,0.3 mm,14.7 mm,3.9 mm,0.3 mm,21.4 mm,1.2 mm,1.9 mm,0.1 mm,0.0 mm,0.2 mm,12.0 mm,0.2 mm,11.3 mm,0.0 mm,17.1 mm,11.3 mm,0.3 mm,0.4 mm,1.3 mm,2.3 mm,0.1 mm,0.0 mm,6.9 mm,0.8 mm,0.6 mm,7.2 mm,0.0 mm,4.4 mm,0.0 mm,0.0 mm,8.0 mm,12.0 mm,21.7 mm,4.2 mm,6.2 mm,14.7 mm,15.2 mm,0.0 mm,0.1 mm,0.9 mm,4.3 mm,14.0 mm,0.0 mm,17.0 mm,1.6 mm,0.5 mm,1.4 mm,3.6 mm,3.4 mm,5.7 mm,0.0 mm,0.0 mm,0.0 mm,12.5 mm,4.7 mm,2.0 mm,0.1 mm,2.1 mm,3.3 mm,0.3 mm,7.6 mm,5.8 mm,6.6 mm,1.7 mm,7.4 mm,0.0 mm,1.7 mm,3.2 mm,10.6 mm,2.4 mm,5.1 mm,0.1 mm,14.6 mm,8.2 mm,0.1 mm,2.2 mm,1.4 mm,0.0 mm,0.1 mm,0.3 mm,23.6 mm,5.6 mm,0.0 mm,0.0 mm,0.0 mm,8.0 mm,22.3 mm,3.6 mm,1.7 mm,0.1 mm,0.0 mm,0.0 mm,0.0 mm,0.0 mm,11.9 mm,8.5 mm,0.3 mm,0.0 mm,22.9 mm,16.7 mm,0.0 mm,12.7 mm,0.0 mm,1.0 mm,0.0 mm,6.1 mm,1.1 mm,0.3 mm,2.6 mm,0.4 mm,0.1 mm,1.8 mm,2.5 mm,0.5 mm,10.2 mm,0.8 mm,0.0 mm,0.1 mm,11.4 mm,1.9 mm,1.9 mm,12.1 mm,0.2 mm,0.5 mm,0.0 mm,0.0 mm,2.5 mm,6.7 mm,13.8 mm,0.3 mm,7.3 mm,18.1 mm,1.1 mm,1.2 mm,3.5 mm,0.6 mm,0.0 mm,1.3 mm,0.1 mm,3.1 mm,0.7 mm,1.4 mm,1.2 mm,0.1 mm,8.3 mm,0.0 mm,2.7 mm,1.8 mm,1.1 mm,0.0 mm,1.3 mm,0.0 mm,3.0 mm,11.5 mm,2.6 mm,0.5 mm,0.0 mm,19.4 mm,16.8 mm,0.8 mm,5.5 mm,1.3 mm,0.0 mm,8.3 mm,0.0 mm,8.1 mm,9.3 mm,0.2 mm,0.9 mm,0.0 mm,1.2 mm,2.4 mm,3.2 mm,3.3 mm,0.1 mm,0.0 mm,0.0 mm,0.0 mm,1.1 mm,2.9 mm,0.2 mm,2.2 mm,0.0 mm,4.6 mm,0.9 mm,0.4 mm,0.0 mm,1.7 mm,1.5 mm,0.0 mm,0.0 mm,5.7 mm,1.6 mm,2.1 mm,1.9 mm,7.1 mm,5.0 mm,0.3 mm,0.6 mm,0.2 mm,9.7 mm,3.8 mm,0.5 mm,4.7 mm,4.7 mm,1.7 mm,0.0 mm,0.8 mm,5.1 mm,0.5 mm,0.0 mm,1.1 mm,0.4 mm,6.5 mm,0.6 mm,2.8 mm,0.8 mm,3.5 mm,10.1 mm,1.2 mm,1.4 mm,3.4 mm,12.0 mm,0.8 mm,0.1 mm,1.6 mm,0.1 mm,21.3 mm,3.0 mm,0.8 mm,5.2 mm,7.9 mm,6.0 mm,1.0 mm,7.4 mm,7.4 mm,0.5 mm,1.6 mm,0.3 mm,1.2 mm,0.5 mm,0.6 mm,0.0 mm,5.8 mm,10.7 mm,2.1 mm,0.4 mm,19.9 mm,1.4 mm,11.2 mm,1.5 mm,0.3 mm,0.6 mm,0.0 mm,0.0 mm,0.0 mm,2.7 mm,1.4 mm,5.6 mm,0.0 mm,5.8 mm,3.2 mm,1.0 mm,0.8 mm,0.0 mm,0.0 mm,0.2 mm,0.0 mm,0.1 mm,6.0 mm,12.6 mm,1.9 mm,2.7 mm,0.1 mm,16.1 mm,0.6 mm,0.2 mm,0.0 mm,0.0 mm,0.0 mm,0.0 mm,0.0 mm,6.9 mm,3.0 mm,2.8 mm,0.2 mm,0.1 mm,35.7 mm,4.9 mm,0.3 mm,0.0 mm,0.0 mm,0.6 mm,0.3 mm,0.0 mm,0.7 mm,0.6 mm,1.0 mm,0.4 mm,0.0 mm,2.6 mm,1.4 mm,0.0 mm,0.0 mm,0.1 mm,0.0 mm,8.8 mm,0.0 mm,1.2 mm,2.3 mm,5.6 mm,3.1 mm,8.2 mm,2.9 mm,6.4 mm,0.0 mm,0.0 mm,6.8 mm,1.1 mm,0.2 mm,0.0 mm,0.0 mm,0.0 mm,12.7 mm,6.5 mm,0.0 mm,2.9 mm,23.3 mm,0.0 mm,0.0 mm,1.5 mm,3.3 mm,1.8 mm,0.0 mm,3.7 mm,6.0 mm,14.8 mm,9.8 mm,0.0 mm,4.2 mm,9.3 mm,0.0 mm,0.0 mm,1.3 mm,22.8 mm,1.2 mm,0.3 mm,1.8 mm,0.5 mm,0.0 mm,6.0 mm,0.0 mm,2.1 mm,12.0 mm,0.0 mm,0.2 mm,2.2 mm,10.5 mm,0.0 mm,0.0 mm,5.1 mm,2.4 mm,0.8 mm,0.2 mm,0.0 mm,4.8 mm,16.6 mm,0.0 mm,2.6 mm,12.5 mm,0.4 mm,2.2 mm,0.0 mm,1.4 mm,0.0 mm,0.6 mm,0.0 mm,0.0 mm,8.7 mm,2.9 mm,0.0 mm,0.6 mm,3.4 mm,4.4 mm,3.4 mm,0.0 mm,0.3 mm,0.9 mm,13.8 mm,0.0 mm,0.0 mm,3.1 mm,0.5 mm,0.0 mm,0.0 mm,1.0 mm,1.1 mm,0.0 mm,0.2 mm,0.0 mm,0.0 mm,0.3 mm,1.2 mm,0.4 mm,1.2 mm,0.8 mm,1.2 mm,0.0 mm,2.2 mm,9.4 mm,0.3 mm,2.3 mm,0.0 mm,1.2 mm,1.3 mm,4.7 mm,7.6 mm,2.7 mm,0.2 mm,9.2 mm,0.0 mm,2.9 mm,1.5 mm,2.5 mm,0.7 mm,0.4 mm,3.2 mm,0.1 mm,6.6 mm,0.5 mm,1.0 mm,0.4 mm,0.0 mm,1.0 mm,4.1 mm,5.5 mm,1.5 mm,0.0 mm,2.6 mm,1.8 mm,0.0 mm,0.6 mm,1.7 mm,0.0 mm,4.5 mm,0.0 mm,1.4 mm,0.0 mm,8.6 mm,0.0 mm,5.6 mm,8.9 mm,0.0 mm,46.6 mm,6.0 mm,3.1 mm,3.4 mm,0.0 mm,0.5 mm,14.0 mm,1.9 mm,0.0 mm,6.1 mm,1.3 mm,0.0 mm,41.6 mm,2.8 mm,1.2 mm,0.2 mm,1.5 mm,0.2 mm,4.8 mm,4.7 mm,0.0 mm,5.7 mm,14.0 mm,0.3 mm,9.7 mm,0.0 mm,11.5 mm,8.8 mm,2.7 mm,2.1 mm,5.1 mm,5.1 mm,0.8 mm,1.6 mm,7.6 mm,0.1 mm,4.2 mm,0.0 mm,6.2 mm,8.0 mm,4.0 mm,8.7 mm,0.0 mm,8.0 mm,29.3 mm,8.3 mm,5.9 mm,0.2 mm,5.9 mm,10.7 mm,1.8 mm,24.4 mm,1.0 mm,15.0 mm,0.0 mm,0.3 mm,1.0 mm,13.2 mm,13.8 mm,0.2 mm,8.0 mm,4.7 mm,6.8 mm,0.1 mm,0.4 mm,4.4 mm,0.0 mm,0.7 mm,1.3 mm,5.5 mm,11.6 mm,0.0 mm,3.8 mm,3.6 mm,1.4 mm,6.2 mm,1.8 mm,0.8 mm,0.9 mm,0.1 mm,1.0 mm,2.8 mm,8.1 mm,0.0 mm,0.3 mm,0.2 mm,1.6 mm,0.5 mm,0.0 mm,0.5 mm,1.6 mm,0.0 mm,0.4 mm,9.5 mm,9.3 mm,0.0 mm,1.0 mm,0.2 mm,0.9 mm,1.9 mm,0.0 mm,0.0 mm,2.2 mm,4.4 mm,0.0 mm,18.1 mm,11.3 mm,0.0 mm,0.0 mm,0.3 mm,5.4 mm,4.4 mm,0.0 mm,0.0 mm,1.4 mm,2.3 mm,0.0 mm,5.0 mm,1.8 mm,0.0 mm,0.0 mm,4.8 mm,0.6 mm,0.0 mm,0.0 mm,1.1 mm,0.0 mm,10.7 mm,0.0 mm,5.6 mm,6.7 mm,0.0 mm,0.0 mm,16.4 mm,2.0 mm,3.8 mm,0.0 mm,1.1 mm,0.1 mm,2.2 mm,0.0 mm,6.4 mm,4.2 mm,0.1 mm,2.2 mm,3.2 mm,1.5 mm,15.6 mm,1.8 mm,15.6 mm,7.1 mm,3.0 mm,6.0 mm,9.7 mm,0.7 mm,0.0 mm,15.8 mm,1.8 mm,2.0 mm,0.2 mm,5.3 mm,0.6 mm,0.0 mm,5.6 mm,1.7 mm,1.6 mm,0.1 mm,0.0 mm,0.9 mm,0.0 mm,1.1 mm,19.3 mm,0.0 mm,0.0 mm,0.0 mm,20.5 mm,0.5 mm,0.3 mm,0.0 mm,0.1 mm,0.0 mm,0.0 mm,0.9 mm,7.9 mm,0.0 mm,0.0 mm,0.0 mm,11.0 mm,0.3 mm,19.7 mm,0.0 mm,6.2 mm,2.5 mm,1.6 mm,2.0 mm,13.4 mm,0.0 mm,0.2 mm,1.9 mm,8.7 mm,0.2 mm,2.9 mm,0.0 mm,1.2 mm,3.4 mm,13.8 mm,1.4 mm,18.1 mm,0.0 mm,0.2 mm,2.4 mm,0.1 mm,10.0 mm,2.9 mm,0.0 mm,0.0 mm,0.2 mm,4.6 mm,0.9 mm,5.7 mm,0.4 mm,7.9 mm,3.5 mm,3.1 mm,0.5 mm,11.6 mm,1.3 mm,0.0 mm,0.8 mm,9.2 mm,1.0 mm,1.3 mm,0.1 mm,25.7 mm,0.1 mm,0.4 mm,8.5 mm,1.9 mm,18.4 mm,1.5 mm,14.1 mm,1.7 mm,18.2 mm,1.6 mm,14.7 mm,11.6 mm,0.4 mm,0.0 mm,7.2 mm,0.6 mm,3.3 mm,0.6 mm,16.7 mm,2.5 mm,4.5 mm,16.1 mm,0.0 mm,0.1 mm,0.1 mm,4.4 mm,3.2 mm,0.8 mm,2.9 mm,3.9 mm,6.4 mm,2.7 mm,2.4 mm,20.2 mm,0.0 mm,0.0 mm,0.0 mm,0.0 mm,0.4 mm,0.3 mm,0.7 mm,2.9 mm,0.3 mm,0.1 mm,3.5 mm,2.2 mm,0.0 mm,6.4 mm,0.0 mm,0.0 mm,2.3 mm,0.0 mm,0.9 mm,0.0 mm,0.0 mm,0.0 mm,3.4 mm,2.0 mm,0.0 mm,0.7 mm,3.1 mm,3.6 mm,1.9 mm,0.0 mm,6.5 mm,0.0 mm,1.3 mm,0.0 mm,16.1 mm,3.6 mm,0.0 mm,9.3 mm,0.3 mm,0.2 mm,5.9 mm,3.1 mm,4.0 mm,0.9 mm,3.2 mm,0.0 mm,11.8 mm,2.6 mm,0.0 mm,1.2 mm,1.5 mm,0.0 mm,4.0 mm,0.0 mm,4.7 mm,0.0 mm,0.6 mm,6.2 mm,4.4 mm,1.3 mm,0.0 mm,1.1 mm,0.0 mm,0.0 mm,4.7 mm,0.1 mm,7.3 mm,0.2 mm,1.6 mm,0.0 mm,2.8 mm,14.3 mm,0.1 mm,1.1 mm,0.0 mm,0.0 mm,0.4 mm,19.2 mm,10.2 mm,1.8 mm,6.5 mm,0.0 mm,2.2 mm,0.1 mm,0.0 mm,2.0 mm,0.0 mm,0.0 mm,0.1 mm,4.4 mm,0.8 mm,4.1 mm,3.3 mm,0.2 mm,0.1 mm,0.0 mm,0.0 mm,0.8 mm,0.0 mm,1.3 mm,7.7 mm,11.0 mm,2.6 mm,1.5 mm,9.1 mm,2.3 mm,1.8 mm,5.4 mm,3.4 mm,0.3 mm,0.0 mm,0.2 mm,1.3 mm,5.4 mm,2.6 mm,0.1 mm,20.5 mm,0.0 mm,2.7 mm,0.3 mm,15.8 mm,13.6 mm,0.0 mm,0.0 mm,2.0 mm,0.0 mm,0.0 mm,3.0 mm,6.8 mm,2.5 mm,2.8 mm,15.0 mm,0.1 mm,0.8 mm,4.9 mm,2.2 mm,12.8 mm,0.0 mm,0.3 mm,1.4 mm,0.3 mm,1.7 mm,4.0 mm,5.5 mm,0.3 mm,0.3 mm,3.6 mm,8.8 mm,0.9 mm,6.5 mm,0.0 mm,1.6 mm,1.2 mm,0.0 mm,4.2 mm,7.3 mm,0.0 mm,3.0 mm,6.0 mm,3.7 mm,3.1 mm,5.1 mm,0.6 mm,2.5 mm,1.8 mm,2.0 mm,0.0 mm,3.7 mm,17.2 mm,2.5 mm,7.2 mm,0.0 mm,0.0 mm,17.3 mm,3.0 mm,0.3 mm,5.9 mm,6.0 mm,0.6 mm,0.6 mm,4.1 mm,0.9 mm,4.2 mm,0.0 mm,40.4 mm,2.0 mm,2.6 mm,0.0 mm,7.6 mm,18.1 mm,0.0 mm,8.1 mm,0.4 mm,7.4 mm,7.2 mm,0.0 mm,4.8 mm,0.0 mm,3.8 mm,0.0 mm,5.3 mm,41.4 mm,0.0 mm,0.9 mm,0.0 mm,0.2 mm,4.3 mm,0.0 mm,22.8 mm,0.0 mm,0.0 mm,3.2 mm,2.2 mm,31.2 mm,0.0 mm,2.3 mm,3.8 mm,1.3 mm,6.0 mm,0.0 mm,1.5 mm,3.7 mm,0.0 mm,5.8 mm,3.6 mm,6.2 mm,0.4 mm,6.9 mm,0.0 mm,20.0 mm,0.0 mm,0.0 mm,0.4 mm,5.2 mm,0.0 mm,6.4 mm,0.6 mm,0.0 mm,5.2 mm,2.8 mm,0.0 mm,0.8 mm,0.0 mm,0.6 mm,0.0 mm,0.0 mm,0.3 mm,0.0 mm,2.0 mm,0.0 mm,3.1 mm,2.0 mm,1.6 mm,0.4 mm,0.5 mm,0.6 mm,0.0 mm,2.1 mm,6.1 mm,0.0 mm,1.2 mm,0.0 mm,2.7 mm,0.2 mm,2.7 mm,0.0 mm,3.2 mm,0.0 mm,4.0 mm,0.6 mm,5.7 mm,0.2 mm,3.0 mm,0.0 mm,2.9 mm,0.0 mm,0.0 mm,0.0 mm,0.4 mm,0.0 mm,24.6 mm,3.2 mm,0.0 mm,0.2 mm,2.7 mm,0.0 mm,0.0 mm,0.5 mm,0.0 mm,0.0 mm,4.6 mm,0.0 mm,0.5 mm,2.4 mm,5.3 mm,0.2 mm,1.6 mm,10.2 mm,0.0 mm,2.6 mm,1.9 mm,0.0 mm,1.5 mm,7.3 mm,0.4 mm,9.2 mm,9.3 mm,5.2 mm,6.9 mm,3.3 mm,0.0 mm,0.0 mm,6.8 mm,0.3 mm,0.0 mm,0.3 mm,43.5 mm,17.5 mm,8.7 mm,1.3 mm,37.6 mm,1.6 mm,0.1 mm,1.3 mm,0.3 mm,0.7 mm,1.0 mm,0.0 mm,23.5 mm,22.1 mm,0.3 mm,0.0 mm,2.9 mm,33.7 mm,0.1 mm,0.0 mm,3.7 mm,2.2 mm,2.8 mm,0.3 mm,4.9 mm,4.3 mm,1.1 mm,0.0 mm,0.2 mm,2.3 mm,1.5 mm,0.0 mm,0.2 mm,3.2 mm,7.4 mm,0.8 mm,12.2 mm,3.8 mm,4.8 mm,0.0 mm,1.5 mm,0.0 mm,3.4 mm,0.0 mm,10.1 mm,9.1 mm,2.3 mm,0.0 mm,23.1 mm,1.3 mm,6.3 mm,0.0 mm,2.4 mm,3.4 mm,0.0 mm,2.7 mm,2.7 mm,0.0 mm,1.4 mm,0.0 mm,1.7 mm,0.0 mm,8.3 mm,3.8 mm,9.4 mm,0.3 mm,0.2 mm,1.5 mm,0.5 mm,3.3 mm,0.1 mm,14.1 mm,0.1 mm,0.0 mm,0.0 mm,0.1 mm,1.0 mm,0.6 mm,3.4 mm,0.4 mm,0.0 mm,4.5 mm,0.2 mm,0.0 mm,1.5 mm,1.4 mm,0.0 mm,0.0 mm,0.1 mm,1.1 mm,0.0 mm,0.8 mm,0.0 mm,0.0 mm,0.1 mm,11.2 mm,0.1 mm,1.8 mm,0.1 mm,0.0 mm,0.0 mm,1.3 mm,0.0 mm,0.0 mm,1.4 mm,0.4 mm,0.0 mm,2.5 mm,0.1 mm,14.4 mm,0.0 mm,0.0 mm,0.0 mm,0.0 mm,12.1 mm,0.1 mm,3.6 mm,0.6 mm,3.7 mm,7.7 mm,0.0 mm,1.4 mm,0.6 mm,0.0 mm,0.0 mm,1.3 mm,3.4 mm,1.2 mm,7.1 mm,1.9 mm,11.6 mm,0.0 mm,0.0 mm,5.2 mm,0.0 mm,0.0 mm,1.4 mm,0.6 mm,0.0 mm,3.7 mm,10.2 mm,0.0 mm,0.4 mm,0.0 mm,17.2 mm,8.7 mm,0.0 mm,1.3 mm,0.0 mm,2.7 mm,0.0 mm,2.6 mm,1.1 mm,4.8 mm,0.0 mm,0.0 mm,3.6 mm,7.5 mm,0.0 mm,17.9 mm,0.1 mm,1.0 mm,0.0 mm,18.8 mm,0.0 mm,4.9 mm,0.0 mm,0.0 mm,4.1 mm,1.0 mm,0.0 mm,7.6 mm,0.0 mm,0.1 mm,0.0 mm,18.8 mm,0.0 mm,0.2 mm,0.6 mm,1.2 mm,0.9 mm,0.0 mm,0.0 mm,18.1 mm,0.2 mm,0.1 mm,0.0 mm,0.0 mm,0.1 mm,0.0 mm,0.0 mm,0.0 mm,0.0 mm,0.8 mm,4.0 mm,14.7 mm,0.7 mm,0.0 mm,0.0 mm,3.6 mm,0.0 mm,2.7 mm,0.0 mm,0.0 mm,6.1 mm,0.1 mm,1.4 mm,7.0 mm,0.0 mm,5.5 mm,0.0 mm,3.6 mm,0.2 mm,1.0 mm,0.0 mm,2.3 mm,1.2 mm,0.3 mm,0.9 mm,0.7 mm,0.9 mm,2.6 mm,0.0 mm,9.9 mm,2.8 mm,1.2 mm,0.0 mm,6.4 mm,1.5 mm,0.1 mm,2.1 mm,8.7 mm,0.1 mm,18.1 mm,0.0 mm,17.6 mm,0.0 mm,0.0 mm,0.0 mm,4.1 mm,6.1 mm,0.8 mm,0.7 mm,1.2 mm,0.1 mm,4.1 mm,2.0 mm,5.5 mm,1.0 mm,0.0 mm,0.0 mm,0.5 mm,4.6 mm,0.3 mm,0.0 mm,6.0 mm,0.0 mm,7.0 mm,4.8 mm,0.3 mm,0.0 mm,0.0 mm,0.6 mm,0.0 mm,3.9 mm,2.0 mm,0.0 mm,4.4 mm,0.0 mm,0.6 mm,1.9 mm,0.3 mm,0.0 mm,0.5 mm,0.0 mm,0.0 mm,0.6 mm,9.8 mm,0.8 mm,9.4 mm,3.6 mm,0.7 mm,1.9 mm,5.2 mm,0.0 mm,0.1 mm,0.0 mm,0.0 mm,0.0 mm,1.3 mm,1.7 mm,1.7 mm,1.1 mm,0.3 mm,0.5 mm,1.8 mm,0.0 mm,0.0 mm,0.0 mm,0.0 mm,0.0 mm,0.1 mm,0.2 mm,2.7 mm,9.5 mm,0.5 mm,0.0 mm,1.4 mm,0.0 mm,0.0 mm,0.0 mm,0.1 mm,0.0 mm,0.0 mm,0.0 mm,0.0 mm,11.7 mm,0.0 mm,0.7 mm,0.1 mm,2.7 mm,0.0 mm,0.0 mm,0.0 mm,0.0 mm,0.8 mm,0.8 mm,0.1 mm,3.8 mm,5.5 mm,0.0 mm,0.0 mm,6.8 mm,2.6 mm,0.0 mm,0.2 mm,0.3 mm,0.0 mm,0.4 mm,0.1 mm,0.0 mm,9.7 mm,0.5 mm,0.0 mm,24.6 mm,19.4 mm,2.4 mm,0.1 mm,13.1 mm,0.0 mm,8.4 mm,0.0 mm,2.5 mm,0.0 mm,0.0 mm,0.0 mm,1.2 mm,6.4 mm,2.0 mm,0.0 mm,4.0 mm,0.0 mm,6.0 mm,0.0 mm,1.0 mm,0.9 mm,0.0 mm,0.0 mm,0.0 mm,3.7 mm,5.6 mm,0.0 mm,1.7 mm,0.2 mm,22.8 mm,0.6 mm,0.8 mm,0.0 mm,0.0 mm,0.0 mm,0.0 mm,5.8 mm,6.3 mm,0.0 mm,11.1 mm,0.2 mm,3.1 mm,0.0 mm,0.1 mm,0.0 mm,0.0 mm,0.0 mm,0.0 mm,6.6 mm,18.7 mm,0.0 mm,5.8 mm,0.0 mm,0.8 mm,0.0 mm,0.0 mm,0.0 mm,0.0 mm,2.8 mm,0.2 mm,3.1 mm,3.9 mm,1.1 mm,0.2 mm,0.0 mm,1.3 mm,0.0 mm,3.1 mm,0.0 mm,0.3 mm,6.1 mm,0.0 mm,6.7 mm,3.1 mm,5.4 mm,3.7 mm,0.0 mm,0.0 mm,0.0 mm,0.3 mm,0.0 mm,0.5 mm,40.5 mm,0.0 mm,7.7 mm,5.4 mm,4.5 mm,0.0 mm,0.0 mm,0.0 mm,0.0 mm,0.0 mm,0.0 mm,2.6 mm,0.0 mm,1.8 mm,16.9 mm,3.2 mm,0.2 mm,18.7 mm,0.0 mm,0.1 mm,0.0 mm,0.0 mm,0.0 mm,1.9 mm,4.0 mm,3.5 mm,9.9 mm,0.1 mm,0.3 mm,3.6 mm,0.0 mm,4.6 mm,0.0 mm,0.0 mm,0.0 mm,2.0 mm,3.1 mm,0.9 mm,1.4 mm,0.8 mm,5.1 mm,0.0 mm,0.6 mm,24.4 mm,1.6 mm,0.0 mm,0.2 mm,0.1 mm,0.2 mm,0.0 mm,11.5 mm,1.9 mm,8.7 mm,0.6 mm,1.7 mm,11.7 mm,9.6 mm,1.5 mm,0.7 mm,0.0 mm,8.4 mm,0.0 mm,0.0 mm,6.7 mm,3.3 mm,0.0 mm,4.4 mm,7.9 mm,0.2 mm,0.2 mm,13.0 mm,0.0 mm,0.3 mm,1.6 mm,18.4 mm,5.6 mm,8.4 mm,0.2 mm,7.4 mm,0.1 mm,0.0 mm,9.0 mm,2.1 mm,0.9 mm,12.1 mm,3.6 mm,0.1 mm,3.2 mm,10.6 mm,0.0 mm,10.1 mm,0.0 mm,0.0 mm,9.9 mm,6.2 mm,0.9 mm,10.1 mm,0.0 mm,9.2 mm,4.3 mm,0.0 mm,0.0 mm,6.6 mm,0.1 mm,6.8 mm,8.4 mm,0.4 mm,0.1 mm,0.8 mm,0.0 mm,6.9 mm,5.9 mm,28.6 mm,0.0 mm,5.1 mm,0.0 mm,9.2 mm,0.0 mm,0.5 mm,0.4 mm,0.8 mm,0.0 mm,2.0 mm,3.1 mm,6.0 mm,0.0 mm,1.2 mm,0.0 mm,6.1 mm,5.0 mm,0.0 mm,0.0 mm,0.2 mm,0.0 mm,0.1 mm,7.1 mm,4.4 mm,0.0 mm,17.7 mm,10.0 mm,1.2 mm,2.0 mm,0.0 mm,1.0 mm,0.5 mm,0.0 mm,0.3 mm,2.7 mm,0.3 mm,0.0 mm,1.0 mm,7.6 mm,6.4 mm,2.5 mm,0.0 mm,0.0 mm,0.3 mm,0.0 mm,4.0 mm,0.4 mm,0.0 mm,0.0 mm,0.0 mm,0.6 mm,2.3 mm,0.0 mm,7.0 mm,1.0 mm,0.0 mm,0.0 mm,1.0 mm,0.1 mm,0.0 mm,5.4 mm,0.0 mm,1.0 mm,9.4 mm,2.5 mm,8.2 mm,2.1 mm,0.0 mm,0.0 mm,5.9 mm,0.1 mm,4.2 mm,7.9 mm,0.0 mm,5.1 mm,1.8 mm,6.5 mm,11.9 mm,0.0 mm,0.7 mm,0.0 mm,6.9 mm,0.0 mm,1.1 mm,0.4 mm,0.0 mm,1.0 mm,4.0 mm,4.5 mm,2.8 mm,0.1 mm,0.0 mm,0.0 mm,5.6 mm,0.0 mm,0.0 mm,0.0 mm,3.4 mm,1.0 mm,0.3 mm,0.0 mm,0.1 mm,0.4 mm,0.0 mm,0.0 mm,2.9 mm,0.3 mm,0.0 mm,8.0 mm,2.1 mm,1.3 mm,2.3 mm,1.0 mm,2.0 mm,10.7 mm,0.0 mm,0.0 mm,3.0 mm,0.7 mm,0.0 mm,2.5 mm,0.1 mm,0.2 mm,7.2 mm,0.8 mm,0.9 mm,27.2 mm,10.8 mm,0.0 mm,19.8 mm,0.8 mm,0.0 mm,0.0 mm,0.0 mm,0.0 mm,0.3 mm,5.4 mm,0.2 mm,1.8 mm,1.2 mm,0.0 mm,8.5 mm,7.5 mm,4.9 mm,0.0 mm,0.0 mm,0.0 mm,1.0 mm,3.7 mm,1.9 mm,2.2 mm,8.4 mm,0.7 mm,0.1 mm,6.8 mm,0.0 mm,6.3 mm,0.0 mm,0.0 mm,5.1 mm,0.0 mm,0.2 mm,0.0 mm,1.7 mm,0.0 mm,0.2 mm,8.1 mm,2.2 mm,1.0 mm,0.0 mm,0.0 mm,0.3 mm,0.5 mm,0.7 mm,6.1 mm,1.8 mm,1.3 mm,0.0 mm,0.3 mm,1.8 mm,0.0 mm,2.0 mm,0.2 mm,7.0 mm,3.3 mm,0.6 mm,1.6 mm,0.9 mm,1.5 mm,0.2 mm,8.8 mm,1.7 mm,0.0 mm,0.0 mm,2.0 mm,11.8 mm,0.0 mm,0.0 mm,0.0 mm,1.2 mm,3.0 mm,0.0 mm,2.7 mm,0.2 mm,2.2 mm,0.0 mm,0.1 mm,5.1 mm,0.0 mm,0.0 mm,0.0 mm,4.1 mm,0.8 mm,6.4 mm,0.9 mm,0.0 mm,1.4 mm,0.0 mm,0.0 mm,7.4 mm,0.0 mm,0.0 mm,0.2 mm,1.4 mm,0.0 mm,0.2 mm,2.7 mm,0.3 mm,0.0 mm,0.0 mm,4.1 mm,0.2 mm,1.2 mm,0.0 mm,0.6 mm,3.5 mm,0.0 mm,0.0 mm,8.6 mm,0.0 mm,3.9 mm,0.1 mm,9.8 mm,0.0 mm,0.5 mm,0.0 mm,0.0 mm,0.6 mm,23.0 mm,0.0 mm,1.9 mm,0.0 mm,1.9 mm,0.0 mm,0.0 mm,0.5 mm,0.0 mm,0.0 mm,0.0 mm,0.5 mm,1.2 mm,0.0 mm,0.0 mm,10.0 mm,0.0 mm,1.0 mm,3.3 mm,2.3 mm,0.0 mm,0.0 mm,0.2 mm,0.2 mm,3.5 mm,5.8 mm,4.7 mm,14.5 mm,0.4 mm,3.0 mm,1.4 mm,17.4 mm,0.7 mm,0.0 mm,1.5 mm,0.6 mm,0.7 mm,6.8 mm,2.9 mm,3.7 mm,1.9 mm,0.1 mm,7.2 mm,2.4 mm,6.9 mm,0.0 mm,0.0 mm,1.2 mm,0.0 mm,6.9 mm,0.3 mm,9.2 mm,3.6 mm,0.6 mm,2.4 mm,12.3 mm,9.0 mm,0.7 mm,1.0 mm,0.2 mm,0.0 mm,3.9 mm,0.0 mm,4.0 mm,8.2 mm,0.0 mm,0.8 mm,8.2 mm,0.9 mm,2.6 mm,8.2 mm,11.5 mm,0.0 mm,5.6 mm,0.0 mm,0.4 mm,12.6 mm,0.0 mm,1.4 mm,5.2 mm,0.6 mm,1.5 mm,0.1 mm,0.0 mm,0.0 mm,5.0 mm,0.0 mm,5.8 mm,1.0 mm,0.0 mm,4.9 mm,10.0 mm,0.4 mm,2.2 mm,3.5 mm,0.0 mm,1.8 mm,4.2 mm,0.0 mm,0.2 mm,3.1 mm,0.0 mm,0.9 mm,12.1 mm,0.0 mm,0.7 mm,1.4 mm,0.2 mm,0.3 mm,0.0 mm,0.1 mm,1.3 mm,6.9 mm,0.0 mm,0.2 mm,4.6 mm,0.1 mm,0.7 mm,12.7 mm,0.2 mm,1.6 mm,0.3 mm,0.7 mm,4.2 mm,11.0 mm,0.0 mm,6.5 mm,4.9 mm,2.0 mm,0.2 mm,14.5 mm,3.6 mm,10.3 mm,0.0 mm,0.1 mm,0.1 mm,9.7 mm,0.0 mm,0.3 mm,0.1 mm,4.7 mm,0.0 mm,6.0 mm,1.2 mm,9.1 mm,1.0 mm,0.0 mm,1.8 mm,8.6 mm,0.0 mm,0.0 mm,2.3 mm,2.0 mm,0.0 mm,0.0 mm,6.6 mm,7.4 mm,3.0 mm,0.4 mm,4.9 mm,23.4 mm,0.0 mm,0.1 mm,0.4 mm,0.0 mm,2.0 mm,2.4 mm,1.2 mm,0.5 mm,1.2 mm,0.1 mm,0.5 mm,6.7 mm,0.0 mm,0.0 mm,2.6 mm,0.2 mm,6.8 mm,1.8 mm,0.7 mm,0.0 mm,0.0 mm,0.3 mm,1.5 mm,0.0 mm,0.0 mm,0.0 mm,0.5 mm,1.1 mm,5.0 mm,10.9 mm,0.5 mm,0.0 mm,0.0 mm,7.5 mm,7.9 mm,0.0 mm,0.0 mm,0.0 mm,0.0 mm,14.5 mm,0.9 mm,19.8 mm,0.0 mm,0.0 mm,0.0 mm,2.1 mm,2.1 mm,0.0 mm,0.1 mm,0.0 mm,0.0 mm,0.9 mm,14.7 mm,4.3 mm,0.2 mm,0.0 mm,7.7 mm,0.0 mm,0.4 mm,0.4 mm,0.4 mm,3.3 mm,0.2 mm,0.7 mm,1.2 mm,8.9 mm,1.9 mm,0.0 mm,31.4 mm,0.0 mm,0.1 mm,0.4 mm,0.0 mm,0.0 mm,3.9 mm,0.0 mm,18.3 mm,0.2 mm,3.8 mm,0.6 mm,1.3 mm,2.7 mm,0.0 mm,0.1 mm,0.0 mm,0.0 mm,0.4 mm,0.0 mm,2.7 mm,3.3 mm,13.4 mm,0.0 mm,0.0 mm,0.2 mm,0.5 mm,0.0 mm,0.0 mm,0.0 mm,1.1 mm,0.0 mm,1.2 mm,10.0 mm,9.2 mm,0.0 mm,0.0 mm,0.0 mm,4.4 mm,0.6 mm,0.0 mm,0.0 mm,2.1 mm,0.0 mm,2.0 mm,3.0 mm,0.3 mm,0.0 mm,2.5 mm,0.0 mm,18.2 mm,1.7 mm,0.2 mm,8.5 mm,1.0 mm,0.0 mm,0.1 mm,0.0 mm,2.2 mm,0.0 mm,0.0 mm,0.4 mm,5.3 mm,2.6 mm,0.0 mm,3.7 mm,0.7 mm,0.6 mm,12.9 mm,0.0 mm,7.7 mm,4.2 mm,0.0 mm,0.0 mm,1.8 mm,1.4 mm,0.5 mm,0.4 mm,1.1 mm,0.0 mm,8.5 mm,0.0 mm,8.9 mm,0.2 mm,0.0 mm,0.0 mm,0.5 mm,2.0 mm,0.2 mm,6.0 mm,0.0 mm,0.0 mm,0.6 mm,0.0 mm,2.2 mm,2.2 mm,0.5 mm,0.0 mm,3.0 mm,0.0 mm,0.9 mm,1.4 mm,0.2 mm,0.7 mm,0.0 mm,0.3 mm,13.9 mm,0.0 mm,7.0 mm,0.3 mm,10.2 mm,0.0 mm,0.0 mm,0.6 mm,1.9 mm,0.0 mm,6.0 mm,0.0 mm,4.1 mm,3.1 mm,12.3 mm,0.0 mm,6.6 mm,4.0 mm,0.0 mm,0.6 mm,2.9 mm,0.0 mm,8.5 mm,0.0 mm,0.0 mm,2.6 mm,5.0 mm,0.0 mm,0.2 mm,2.2 mm,0.0 mm,0.3 mm,0.6 mm,0.0 mm,31.5 mm,0.0 mm,1.0 mm,0.8 mm,0.1 mm,0.8 mm,0.0 mm,1.0 mm,4.4 mm,1.1 mm,0.1 mm,0.0 mm,17.1 mm,0.8 mm,0.0 mm,1.2 mm,0.0 mm,13.9 mm,0.3 mm,3.5 mm,5.5 mm,1.1 mm,0.3 mm,0.1 mm,0.1 mm,1.1 mm,0.0 mm,22.6 mm,0.2 mm,0.0 mm,5.4 mm,0.0 mm,12.6 mm,6.3 mm,0.0 mm,0.3 mm,0.0 mm,0.0 mm,5.7 mm,13.7 mm,0.6 mm,6.3 mm,1.4 mm,3.5 mm,0.9 mm,1.9 mm,1.1 mm,0.0 mm,0.4 mm,0.0 mm,1.6 mm,1.3 mm,0.0 mm,1.4 mm,7.8 mm,21.8 mm,3.5 mm,2.6 mm,3.5 mm,0.0 mm,0.0 mm,0.0 mm,0.7 mm,0.5 mm,0.0 mm,0.0 mm,9.2 mm,0.0 mm,2.9 mm,0.7 mm,4.0 mm,0.1 mm,0.4 mm,0.0 mm,0.3 mm,3.0 mm,5.7 mm,0.0 mm,0.0 mm,0.0 mm,9.2 mm,9.7 mm,2.9 mm,1.2 mm,1.4 mm,0.0 mm,6.3 mm,12.1 mm,4.5 mm,28.9 mm,5.7 mm,5.1 mm,1.4 mm,0.0 mm,0.0 mm,0.7 mm,4.0 mm,0.0 mm,5.7 mm,7.1 mm,4.5 mm,0.0 mm,0.6 mm,3.4 mm,6.3 mm,7.3 mm,0.1 mm,0.0 mm,4.5 mm,0.4 mm,5.3 mm,13.2 mm,8.1 mm,0.2 mm,18.6 mm,6.8 mm,0.6 mm,3.9 mm,0.0 mm,0.8 mm,0.0 mm,0.3 mm,18.3 mm,5.9 mm,0.4 mm,0.0 mm,2.4 mm,3.5 mm,0.0 mm,1.3 mm,0.0 mm,2.5 mm,13.8 mm,7.4 mm,14.2 mm,1.8 mm,9.6 mm,2.9 mm,0.5 mm,4.1 mm,6.8 mm,2.6 mm,0.0 mm,5.7 mm,1.6 mm,0.5 mm,4.1 mm,0.1 mm,0.0 mm,7.7 mm,1.0 mm,1.4 mm,12.4 mm,0.5 mm,0.0 mm,0.6 mm,7.3 mm,0.8 mm,21.3 mm,0.0 mm,10.0 mm,1.5 mm,0.0 mm,1.8 mm,10.3 mm,9.1 mm,1.9 mm,0.0 mm,0.0 mm,0.3 mm,17.5 mm,0.1 mm,12.4 mm,7.1 mm,0.0 mm,0.3 mm,0.4 mm,1.8 mm,0.0 mm,2.1 mm,0.2 mm,0.0 mm,0.4 mm,0.0 mm,3.3 mm,8.2 mm,0.2 mm,14.0 mm,27.3 mm,3.3 mm,0.0 mm,0.2 mm,13.5 mm,0.0 mm,1.2 mm,5.0 mm,1.8 mm,0.0 mm,0.9 mm,3.7 mm,1.3 mm,3.3 mm,0.0 mm,2.3 mm,0.4 mm,0.1 mm,1.0 mm,3.2 mm,4.8 mm,0.3 mm,1.5 mm,0.8 mm,0.9 mm,0.2 mm,0.0 mm,0.5 mm,0.6 mm,1.1 mm,10.8 mm,0.0 mm,5.4 mm,0.0 mm,1.1 mm,11.7 mm,0.2 mm,0.8 mm,8.4 mm,4.8 mm,1.5 mm,0.3 mm,1.8 mm,1.0 mm,0.0 mm,0.2 mm,9.8 mm,3.3 mm,12.9 mm,4.7 mm,0.0 mm,1.0 mm,2.0 mm,0.0 mm,1.0 mm,3.7 mm,1.6 mm,0.0 mm,2.7 mm,0.2 mm,0.8 mm,10.0 mm,0.0 mm,0.3 mm,3.2 mm,0.5 mm,2.4 mm,24.1 mm,0.0 mm,9.7 mm,7.5 mm,1.6 mm,9.7 mm,11.2 mm,1.1 mm,0.5 mm,1.7 mm,22.4 mm,7.6 mm,7.2 mm,9.6 mm,22.1 mm,0.0 mm,14.2 mm,1.0 mm,23.0 mm,0.8 mm,0.2 mm,1.1 mm,0.0 mm,0.9 mm,15.7 mm,1.7 mm,27.5 mm,0.5 mm,12.2 mm,9.3 mm,5.1 mm,7.1 mm,1.6 mm,1.4 mm,1.0 mm,1.5 mm,7.8 mm,9.4 mm,3.9 mm,16.8 mm,0.2 mm,1.1 mm,4.6 mm,17.1 mm,0.5 mm,2.6 mm,2.3 mm,0.6 mm,0.0 mm,3.6 mm,0.9 mm,0.0 mm,2.0 mm,1.0 mm,5.5 mm,0.4 mm,0.1 mm,0.1 mm,3.2 mm,4.3 mm,0.0 mm,0.2 mm,0.1 mm,1.0 mm,1.7 mm,0.1 mm,24.9 mm,2.1 mm,6.5 mm,0.0 mm,0.0 mm,5.2 mm,0.0 mm,5.3 mm,3.8 mm,2.9 mm,1.0 mm,0.0 mm,4.8 mm,20.6 mm,0.0 mm,0.7 mm,0.0 mm,2.6 mm,0.1 mm,0.0 mm,3.8 mm,8.6 mm,0.2 mm,4.3 mm,0.0 mm,2.6 mm,1.1 mm,0.5 mm,0.0 mm,10.8 mm,1.4 mm,0.0 mm,1.4 mm,19.7 mm,0.0 mm,8.7 mm,2.5 mm,0.4 mm,0.2 mm,0.0 mm,0.0 mm,7.3 mm,2.1 mm,0.0 mm,7.7 mm,9.5 mm,0.4 mm,7.2 mm,0.1 mm,0.4 mm,0.2 mm,4.3 mm,0.0 mm,18.3 mm,2.4 mm,0.0 mm,7.1 mm
Humidity,74%,89%,99%,92%,89%,84%,90%,88%,46%,75%,82%,78%,91%,88%,90%,98%,91%,91%,87%,84%,85%,93%,81%,67%,83%,87%,66%,92%,97%,86%,93%,86%,89%,86%,90%,73%,81%,86%,84%,89%,93%,96%,84%,95%,87%,89%,87%,86%,83%,88%,86%,91%,93%,94%,95%,90%,95%,91%,85%,87%,81%,79%,87%,89%,88%,89%,89%,99%,87%,95%,86%,66%,88%,66%,85%,85%,84%,91%,90%,91%,97%,87%,91%,85%,89%,84%,72%,77%,90%,88%,97%,92%,95%,94%,94%,91%,90%,91%,79%,96%,77%,78%,89%,97%,82%,93%,99%,90%,91%,87%,91%,84%,92%,86%,74%,91%,89%,83%,94%,88%,94%,90%,90%,88%,82%,93%,85%,82%,80%,92%,86%,97%,91%,89%,80%,90%,82%,88%,88%,93%,93%,86%,85%,82%,95%,97%,92%,79%,85%,86%,82%,84%,94%,87%,83%,86%,91%,92%,98%,86%,76%,89%,84%,82%,86%,83%,87%,81%,84%,97%,96%,95%,86%,81%,89%,82%,83%,87%,79%,76%,75%,77%,91%,95%,92%,87%,90%,87%,77%,86%,90%,79%,85%,72%,74%,86%,92%,94%,66%,93%,87%,77%,84%,88%,77%,78%,83%,82%,94%,98%,92%,62%,95%,84%,85%,89%,80%,78%,81%,81%,97%,92%,98%,97%,70%,91%,79%,79%,82%,73%,77%,74%,80%,91%,90%,98%,95%,95%,90%,82%,74%,63%,58%,81%,63%,79%,87%,85%,91%,93%,94%,91%,88%,86%,69%,57%,88%,56%,88%,70%,92%,91%,88%,94%,92%,93%,74%,89%,83%,85%,56%,78%,71%,83%,91%,97%,90%,93%,87%,83%,75%,70%,88%,55%,81%,82%,92%,82%,98%,91%,93%,85%,84%,95%,82%,83%,83%,83%,83%,91%,83%,98%,91%,94%,93%,88%,91%,89%,80%,81%,83%,82%,86%,94%,98%,82%,93%,81%,96%,82%,83%,84%,90%,76%,88%,84%,87%,93%,79%,89%,86%,96%,86%,84%,88%,92%,87%,88%,86%,72%,86%,86%,91%,86%,94%,81%,76%,81%,83%,87%,88%,83%,95%,80%,84%,90%,83%,87%,81%,74%,84%,82%,78%,96%,79%,97%,76%,79%,92%,83%,81%,78%,92%,82%,78%,78%,88%,70%,93%,66%,77%,89%,79%,85%,81%,93%,81%,81%,84%,75%,71%,95%,70%,75%,89%,80%,90%,87%,90%,83%,88%,83%,64%,71%,97%,77%,57%,97%,82%,91%,85%,88%,76%,91%,79%,90%,78%,97%,94%,52%,89%,84%,88%,84%,91%,84%,92%,86%,91%,92%,97%,97%,63%,88%,84%,90%,79%,91%,83%,92%,78%,87%,92%,99%,95%,70%,92%,80%,87%,89%,89%,76%,80%,76%,79%,89%,97%,93%,50%,84%,80%,80%,92%,89%,67%,81%,82%,87%,91%,99%,91%,44%,92%,81%,76%,81%,88%,65%,77%,82%,86%,94%,98%,86%,52%,93%,82%,74%,75%,91%,61%,77%,78%,91%,87%,91%,88%,71%,91%,85%,81%,73%,88%,55%,78%,80%,93%,85%,88%,80%,80%,93%,76%,94%,80%,81%,73%,72%,75%,91%,94%,89%,86%,74%,81%,80%,94%,84%,74%,88%,80%,70%,93%,90%,91%,95%,67%,78%,80%,86%,83%,89%,80%,78%,62%,91%,89%,91%,93%,81%,83%,79%,81%,80%,90%,77%,81%,64%,82%,93%,90%,88%,97%,90%,90%,71%,82%,83%,67%,75%,84%,79%,90%,93%,92%,99%,86%,83%,76%,90%,80%,56%,56%,82%,64%,82%,94%,92%,96%,98%,77%,72%,90%,78%,81%,52%,80%,74%,99%,92%,90%,97%,98%,82%,73%,88%,88%,78%,64%,67%,90%,95%,93%,86%,96%,91%,82%,88%,80%,93%,72%,68%,69%,89%,70%,98%,80%,92%,83%,74%,83%,79%,82%,67%,69%,73%,80%,70%,95%,81%,85%,88%,87%,74%,84%,87%,62%,76%,73%,79%,98%,94%,76%,80%,84%,82%,80%,86%,93%,66%,75%,79%,79%,90%,94%,64%,78%,78%,82%,81%,86%,92%,68%,82%,71%,67%,94%,94%,60%,75%,75%,81%,77%,86%,88%,61%,84%,72%,72%,92%,96%,56%,88%,82%,79%,81%,82%,83%,52%,66%,81%,67%,89%,94%,88%,93%,92%,73%,81%,79%,79%,37%,38%,81%,76%,83%,89%,93%,88%,98%,78%,84%,78%,79%,34%,46%,72%,74%,88%,88%,90%,92%,97%,80%,84%,72%,81%,52%,55%,82%,77%,93%,83%,81%,86%,95%,80%,78%,66%,83%,45%,54%,84%,74%,88%,87%,89%,93%,94%,80%,69%,67%,78%,37%,79%,75%,74%,87%,90%,89%,90%,90%,79%,78%,66%,86%,36%,83%,75%,65%,88%,83%,74%,87%,81%,74%,71%,77%,78%,39%,78%,82%,69%,80%,78%,80%,83%,83%,74%,77%,80%,77%,85%,77%,77%,72%,75%,74%,80%,86%,78%,77%,80%,84%,78%,85%,67%,75%,85%,98%,73%,81%,83%,73%,81%,80%,86%,81%,81%,72%,87%,56%,97%,81%,80%,77%,68%,69%,74%,76%,88%,81%,73%,90%,49%,88%,71%,55%,80%,77%,65%,66%,84%,87%,83%,70%,80%,69%,87%,76%,62%,85%,86%,77%,55%,74%,92%,77%,68%,80%,75%,84%,75%,91%,80%,90%,57%,88%,67%,94%,77%,74%,79%,88%,95%,73%,90%,92%,90%,61%,82%,73%,79%,82%,76%,88%,80%,85%,79%,82%,86%,89%,83%,83%,80%,75%,85%,71%,84%,72%,92%,90%,78%,87%,91%,71%,83%,76%,73%,77%,64%,72%,71%,82%,92%,83%,85%,88%,65%,81%,76%,79%,84%,75%,69%,71%,83%,92%,87%,81%,87%,72%,82%,69%,79%,76%,81%,70%,75%,84%,91%,82%,73%,83%,75%,80%,81%,80%,65%,85%,72%,78%,86%,91%,84%,77%,81%,84%,82%,73%,71%,82%,81%,76%,75%,81%,79%,91%,83%,90%,82%,81%,72%,80%,65%,69%,65%,76%,69%,72%,87%,84%,77%,83%,79%,80%,92%,58%,69%,76%,83%,67%,79%,82%,77%,85%,78%,81%,78%,91%,52%,68%,71%,63%,65%,89%,63%,73%,95%,64%,73%,79%,86%,58%,75%,76%,60%,64%,91%,56%,75%,79%,79%,82%,82%,77%,71%,72%,63%,75%,81%,83%,65%,75%,85%,79%,76%,85%,71%,86%,64%,44%,77%,91%,79%,82%,74%,86%,77%,69%,81%,80%,79%,82%,38%,75%,87%,72%,71%,74%,57%,75%,69%,85%,82%,69%,66%,36%,76%,96%,72%,74%,75%,59%,78%,87%,87%,74%,65%,71%,37%,75%,96%,90%,75%,74%,66%,80%,80%,75%,79%,68%,77%,47%,72%,91%,86%,73%,78%,71%,66%,77%,69%,72%,73%,72%,62%,69%,92%,88%,66%,75%,76%,63%,80%,72%,76%,87%,69%,68%,72%,89%,89%,70%,76%,73%,59%,84%,71%,84%,70%,68%,63%,60%,79%,85%,76%,85%,70%,51%,71%,73%,73%,63%,64%,62%,57%,70%,75%,95%,85%,76%,51%,72%,78%,78%,70%,67%,53%,54%,75%,75%,91%,76%,69%,58%,70%,73%,87%,82%,57%,56%,66%,73%,70%,79%,74%,69%,62%,75%,74%,79%,74%,73%,72%,65%,76%,90%,92%,69%,69%,61%,64%,75%,82%,73%,72%,75%,60%,84%,90%,85%,83%,73%,67%,70%,75%,74%,79%,72%,56%,70%,82%,82%,76%,84%,76%,80%,67%,82%,77%,75%,71%,57%,78%,74%,68%,84%,75%,76%,75%,68%,75%,81%,60%,73%,58%,62%,79%,66%,80%,75%,61%,75%,68%,72%,84%,58%,66%,70%,76%,83%,89%,77%,70%,62%,71%,78%,75%,82%,54%,71%,66%,83%,82%,83%,77%,86%,85%,73%,68%,63%,72%,64%,70%,62%,63%,65%,77%,69%,87%,89%,73%,60%,68%,76%,69%,60%,56%,92%,71%,88%,69%,82%,86%,76%,72%,68%,75%,81%,55%,45%,96%,78%,84%,81%,84%,85%,73%,66%,69%,79%,80%,52%,64%,74%,86%,72%,75%,78%,77%,76%,77%,80%,81%,75%,61%,64%,67%,78%,76%,68%,76%,79%,77%,79%,79%,83%,72%,65%,58%,63%,61%,72%,62%,81%,79%,73%,75%,75%,83%,70%,67%,55%,67%,70%,77%,55%,73%,73%,64%,70%,71%,76%,70%,60%,56%,65%,89%,69%,60%,71%,79%,57%,61%,70%,77%,62%,73%,59%,56%,77%,66%,55%,80%,66%,77%,63%,68%,75%,54%,56%,67%,74%,77%,75%,54%,78%,76%,76%,65%,70%,67%,50%,52%,70%,79%,77%,75%,54%,78%,76%,76%,65%,70%,67%,50%,52%,70%,79%,68%,72%,51%,87%,71%,75%,64%,64%,74%,62%,48%,46%,67%,70%,69%,51%,83%,65%,77%,76%,63%,78%,61%,48%,48%,67%,79%,68%,60%,78%,79%,75%,72%,64%,73%,67%,55%,51%,69%,70%,61%,57%,89%,78%,75%,65%,70%,75%,75%,64%,60%,62%,77%,63%,55%,85%,78%,75%,83%,83%,74%,71%,71%,62%,57%,82%,89%,64%,80%,88%,73%,83%,75%,69%,68%,74%,63%,59%,79%,80%,88%,79%,78%,82%,77%,75%,73%,60%,76%,57%,49%,89%,63%,86%,80%,67%,74%,77%,73%,78%,68%,69%,84%,53%,79%,60%,72%,81%,71%,90%,57%,72%,74%,72%,69%,78%,86%,76%,80%,63%,73%,65%,89%,77%,76%,71%,74%,75%,74%,73%,80%,77%,56%,85%,71%,79%,68%,69%,85%,64%,78%,76%,66%,81%,92%,61%,92%,79%,82%,63%,65%,90%,60%,78%,78%,68%,80%,91%,58%,85%,77%,68%,84%,68%,86%,61%,73%,70%,64%,68%,77%,68%,84%,73%,71%,77%,61%,90%,61%,68%,79%,73%,90%,75%,64%,93%,73%,64%,74%,58%,84%,58%,68%,53%,86%,90%,88%,52%,94%,65%,73%,67%,67%,81%,54%,73%,48%,74%,75%,97%,51%,82%,83%,83%,72%,55%,88%,55%,65%,54%,79%,76%,84%,47%,79%,84%,87%,59%,57%,84%,54%,77%,53%,75%,75%,80%,66%,88%,81%,87%,73%,61%,73%,54%,76%,57%,74%,74%,76%,77%,87%,74%,93%,73%,70%,73%,71%,77%,81%,67%,84%,92%,81%,86%,81%,82%,62%,72%,79%,64%,76%,57%,87%,72%,95%,80%,81%,85%,85%,66%,74%,83%,55%,68%,64%,89%,68%,87%,77%,77%,88%,88%,62%,81%,84%,81%,61%,60%,92%,77%,80%,76%,76%,79%,83%,69%,78%,81%,72%,63%,64%,82%,93%,73%,85%,85%,82%,82%,69%,76%,71%,55%,54%,64%,82%,79%,79%,91%,85%,91%,77%,83%,77%,72%,69%,65%,66%,83%,90%,92%,86%,72%,94%,79%,71%,79%,75%,69%,80%,62%,90%,77%,82%,82%,73%,86%,73%,70%,80%,92%,72%,68%,64%,87%,75%,74%,89%,84%,82%,69%,72%,78%,92%,67%,74%,68%,85%,74%,73%,87%,84%,90%,70%,72%,76%,81%,64%,86%,73%,76%,73%,79%,78%,88%,85%,74%,72%,74%,72%,59%,90%,66%,68%,73%,79%,78%,88%,85%,74%,72%,74%,72%,59%,90%,66%,68%,72%,81%,77%,88%,94%,78%,76%,95%,78%,68%,63%,67%,74%,70%,78%,76%,83%,74%,72%,65%,88%,83%,73%,58%,72%,78%,72%,74%,64%,74%,77%,68%,75%,81%,82%,68%,69%,76%,81%,76%,84%,69%,74%,94%,81%,70%,83%,79%,63%,75%,66%,79%,70%,82%,85%,75%,77%,96%,64%,89%,75%,65%,71%,61%,84%,87%,78%,80%,82%,73%,90%,70%,90%,75%,62%,75%,56%,73%,69%,72%,87%,87%,96%,87%,69%,86%,76%,71%,60%,56%,66%,67%,92%,77%,82%,80%,76%,72%,94%,83%,66%,80%,52%,66%,75%,91%,93%,90%,82%,73%,75%,82%,79%,69%,75%,56%,60%,71%,85%,79%,90%,90%,77%,67%,90%,76%,85%,67%,57%,58%,67%,76%,73%,81%,75%,73%,67%,88%,72%,84%,60%,56%,58%,67%,73%,83%,95%,77%,75%,69%,91%,79%,70%,76%,66%,74%,74%,75%,79%,93%,82%,88%,66%,82%,81%,70%,64%,76%,77%,70%,69%,84%,82%,78%,83%,60%,80%,69%,75%,77%,83%,88%,76%,71%,86%,91%,70%,69%,69%,83%,78%,62%,71%,70%,82%,84%,86%,86%,88%,71%,66%,57%,79%,78%,62%,60%,68%,92%,75%,83%,83%,85%,81%,85%,67%,83%,81%,77%,64%,72%,73%,83%,88%,78%,84%,86%,80%,69%,83%,86%,72%,61%,72%,71%,82%,92%,76%,79%,79%,79%,67%,86%,78%,75%,69%,73%,66%,94%,81%,77%,87%,73%,76%,63%,83%,80%,69%,68%,76%,67%,77%,89%,73%,90%,81%,73%,66%,84%,82%,76%,78%,66%,76%,69%,79%,82%,89%,88%,76%,76%,92%,80%,71%,70%,72%,68%,78%,72%,87%,82%,79%,83%,72%,89%,75%,72%,70%,76%,61%,90%,73%,86%,89%,75%,81%,76%,93%,78%,68%,79%,71%,75%,86%,72%,88%,92%,75%,85%,65%,78%,80%,65%,74%,71%,67%,75%,66%,82%,84%,73%,84%,65%,88%,85%,70%,65%,71%,61%,72%,77%,85%,87%,76%,83%,77%,89%,80%,75%,63%,80%,71%,70%,84%,89%,86%,74%,87%,82%,82%,69%,82%,65%,78%,77%,76%,83%,90%,92%,84%,82%,75%,82%,74%,71%,78%,70%,80%,82%,80%,87%,88%,83%,79%,76%,89%,76%,69%,69%,72%,77%,80%,74%,92%,85%,79%,76%,89%,84%,73%,65%,72%,73%,70%,75%,69%,84%,83%,84%,76%,86%,79%,82%,76%,65%,60%,75%,67%,70%,82%,91%,86%,80%,77%,88%,83%,72%,62%,54%,68%,70%,75%,90%,87%,80%,77%,62%,94%,86%,73%,62%,57%,74%,77%,68%,87%,82%,78%,66%,61%,83%,79%,70%,74%,62%,65%,87%,64%,78%,91%,85%,66%,74%,90%,86%,62%,70%,75%,67%,80%,66%,70%,84%,92%,88%,61%,80%,90%,56%,64%,71%,78%,78%,72%,88%,87%,83%,92%,59%,83%,86%,59%,53%,72%,82%,78%,75%,81%,83%,79%,82%,61%,86%,84%,59%,60%,76%,81%,76%,61%,84%,83%,82%,74%,50%,87%,94%,45%,69%,82%,85%,77%,49%,84%,78%,72%,75%,53%,82%,91%,46%,68%,78%,84%,75%,66%,85%,80%,89%,65%,65%,80%,77%,48%,67%,77%,75%,75%,76%,84%,71%,83%,66%,55%,81%,81%,55%,62%,77%,82%,67%,77%,79%,73%,84%,84%,72%,86%,77%,66%,64%,83%,78%,73%,73%,74%,85%,77%,79%,66%,79%,75%,65%,70%,69%,81%,74%,62%,77%,79%,69%,71%,55%,75%,80%,52%,70%,66%,87%,53%,80%,88%,75%,93%,79%,76%,79%,58%,72%,86%,80%,53%,84%,86%,74%,98%,72%,85%,78%,70%,71%,89%,85%,60%,83%,90%,78%,88%,59%,82%,79%,72%,72%,77%,84%,64%,77%,89%,77%,93%,50%,81%,82%,71%,76%,67%,90%,78%,77%,83%,81%,91%,81%,79%,88%,67%,75%,68%,71%,74%,95%,91%,78%,90%,86%,82%,68%,61%,82%,59%,77%,65%,92%,93%,80%,86%,88%,79%,74%,60%,77%,76%,69%,64%,80%,91%,72%,84%,83%,81%,77%,51%,76%,74%,64%,59%,78%,90%,68%,80%,76%,83%,88%,47%,76%,86%,69%,74%,84%,91%,67%,70%,58%,86%,78%,49%,70%,76%,75%,64%,85%,87%,70%,61%,65%,71%,71%,48%,64%,67%,82%,51%,81%,87%,71%,56%,74%,71%,72%,46%,67%,66%,76%,48%,85%,86%,82%,73%,79%,74%,71%,48%,70%,76%,70%,63%,86%,83%,65%,94%,79%,74%,57%,52%,72%,64%,78%,92%,85%,78%,49%,84%,65%,74%,67%,57%,63%,65%,88%,75%,83%,69%,55%,77%,64%,72%,70%,55%,55%,58%,83%,74%,94%,73%,75%,72%,60%,72%,73%,45%,46%,72%,85%,74%,83%,77%,72%,85%,81%,76%,85%,52%,49%,72%,70%,94%,89%,82%,73%,81%,72%,77%,75%,50%,51%,75%,69%,80%,86%,78%,71%,83%,82%,74%,74%,40%,84%,63%,71%,78%,83%,87%,77%,81%,72%,84%,71%,61%,91%,65%,60%,84%,86%,94%,73%,87%,65%,80%,71%,49%,66%,64%,70%,74%,91%,81%,78%,84%,70%,78%,72%,53%,57%,59%,65%,69%,83%,81%,79%,74%,62%,79%,65%,56%,68%,48%,60%,76%,77%,77%,64%,59%,54%,74%,69%,48%,69%,64%,80%,77%,71%,85%,54%,69%,53%,92%,72%,46%,78%,68%,74%,80%,79%,80%,67%,80%,45%,92%,72%,46%,79%,66%,59%,76%,82%,80%,61%,77%,69%,85%,69%,49%,66%,66%,53%,82%,84%,79%,54%,70%,55%,81%,78%,58%,64%,48%,52%,68%,91%,83%,75%,77%,52%,84%,64%,41%,66%,47%,59%,59%,84%,79%,84%,82%,62%,78%,54%,33%,70%,46%,80%,86%,86%,82%,77%,81%,73%,83%,67%,58%,66%,46%,81%,77%,86%,84%,70%,79%,61%,74%,66%,63%,75%,42%,71%,65%,79%,81%,80%,81%,58%,74%,75%,54%,67%,52%,79%,83%,75%,77%,69%,72%,70%,83%,79%,53%,65%,56%,88%,77%,86%,71%,79%,74%,74%,88%,85%,45%,68%,63%,81%,77%,87%,70%,74%,80%,68%,82%,70%,62%,71%,68%,72%,71%,90%,76%,72%,80%,69%,81%,65%,74%,67%,68%,58%,91%,83%,74%,72%,86%,76%,77%,72%,70%,76%,79%,67%,87%,74%,77%,63%,81%,92%,74%,68%,60%,69%,67%,74%,91%,80%,69%,78%,81%,93%,69%,75%,65%,73%,69%,66%,85%,81%,68%,84%,81%,78%,63%,84%,56%,87%,71%,53%,75%,86%,70%,79%,79%,63%,73%,71%,65%,69%,65%,55%,68%,76%,84%,71%,74%,55%,74%,68%,78%,64%,64%,70%,76%,78%,83%,58%,76%,56%,79%,62%,65%,58%,61%,68%,80%,88%,83%,54%,76%,50%,86%,58%,61%,55%,63%,58%,87%,82%,73%,60%,80%,54%,71%,56%,64%,57%,73%,57%,77%,84%,71%,72%,78%,79%,66%,72%,62%,49%,74%,85%,76%,83%,82%,86%,80%,70%,65%,61%,64%,51%,69%,70%,91%,89%,90%,69%,95%,62%,67%,68%,58%,55%,68%,67%,94%,88%,79%,60%,76%,86%,71%,58%,68%,53%,74%,70%,86%,84%,79%,63%,78%,76%,68%,56%,61%,57%,67%,71%,90%,84%,79%,67%,82%,71%,79%,56%,62%,72%,73%,66%,93%,82%,81%,70%,85%,68%,69%,63%,68%,63%,74%,53%,87%,81%,92%,85%,88%,62%,60%,70%,61%,55%,66%,68%,87%,81%,81%,73%,86%,75%,79%,60%,56%,68%,65%,73%,88%,77%,77%,76%,83%,70%,73%,62%,61%,58%,61%,74%,86%,75%,84%,81%,81%,70%,77%,58%,73%,66%,63%,73%,83%,84%,79%,69%,80%,84%,78%,57%,70%,73%,84%,77%,75%,80%,80%,59%,79%,75%,82%,73%,64%,74%,71%,80%,68%,82%,74%,62%,81%,75%,72%,73%,72%,63%,72%,71%,88%,85%,71%,78%,83%,84%,67%,70%,72%,71%,69%,64%,89%,93%,73%,81%,81%,84%,73%,79%,64%,77%,68%,67%,89%,92%,63%,77%,80%,73%,73%,79%,57%,70%,80%,79%,87%,85%,66%,90%,82%,66%,65%,70%,65%,59%,64%,80%,77%,85%,83%,89%,83%,63%,65%,67%,66%,71%,60%,81%,88%,86%,71%,89%,81%,69%,58%,72%,74%,78%,70%,93%,85%,84%,80%,85%,79%,83%,60%,68%,70%,80%,67%,91%,83%,80%,86%,93%,85%,78%,57%,79%,58%,58%,58%,89%,79%,84%,81%,81%,81%,66%,66%,79%,68%,59%,58%,86%,88%,81%,72%,76%,77%,81%,77%,71%,58%,85%,59%,75%,88%,85%,80%,78%,71%,75%,78%,67%,52%,77%,58%,74%,83%,86%,79%,88%,81%,77%,85%,76%,52%,74%,48%,76%,81%,87%,78%,80%,84%,78%,71%,80%,66%,68%,47%,82%,76%,86%,73%,87%,85%,78%,74%,76%,61%,59%,49%,81%,85%,82%,60%,82%,88%,68%,66%,66%,54%,54%,52%,71%,77%,87%,74%,85%,83%,80%,63%,69%,70%,64%,56%,85%,79%,82%,69%,87%,78%,89%,75%,76%,87%,80%,62%,82%,93%,76%,82%,83%,79%,75%,70%,72%,71%,77%,67%,81%,87%,78%,84%,83%,84%,80%,70%,74%,65%,81%,76%,78%,87%,81%,90%,84%,85%,75%,74%,70%,48%,89%,79%,78%,93%,87%,88%,78%,83%,75%,72%,67%,49%,75%,78%,85%,95%,82%,84%,66%,81%,75%,67%,74%,67%,78%,84%,88%,86%,79%,81%,67%,82%,68%,78%,77%,56%,75%,89%,92%,93%,71%,73%,71%,90%,68%,75%,90%,54%,77%,85%,88%,83%,77%,70%,69%,85%,67%,81%,71%,67%,83%,82%,82%,91%,81%,81%,66%,81%,59%,80%,78%,82%,78%,74%,74%,85%,77%,83%,56%,73%,67%,82%,79%,76%,79%,80%,80%,80%,80%,85%,74%,76%,74%,81%,72%,75%,83%,73%,90%,84%,88%,89%,92%,92%,75%,70%,76%,66%,76%,83%,91%,85%,84%,92%,87%,84%,86%,81%,80%,68%,84%,83%,87%,89%,86%,84%,84%,82%,83%,85%,82%,68%,81%,80%,86%,87%,95%,75%,82%,92%,89%,78%,87%,58%,88%,84%,76%,80%,91%,80%,88%,90%,83%,80%,88%,67%,85%,77%,90%,73%,93%,79%,86%,80%,81%,80%,84%,69%,80%,79%,92%,75%,92%,75%,88%,86%,62%,83%,79%,70%,72%,83%,87%,82%,95%,84%,85%,85%,59%,85%,73%,65%,76%,82%,83%,85%,83%,83%,85%,84%,71%,79%,84%,60%,78%,74%,75%,90%,75%,86%,85%,77%,88%,76%,80%,56%,77%,76%,81%,93%,72%,81%,90%,84%,95%,86%,72%,52%,85%,72%,89%,96%,77%,90%,87%,89%,93%,80%,69%,59%,84%,72%,79%,90%,89%,88%,92%,90%,85%,82%,74%,65%,85%,72%,86%,81%,86%,78%,90%,85%,85%,87%,74%,81%,74%,81%,68%,89%,85%,72%,85%,84%,89%,89%,74%,78%,78%,72%,65%,90%,86%,86%,88%,88%,90%,95%,67%,73%,93%,73%,61%,78%,76%,77%,85%,88%,86%,89%,74%,68%,83%,77%,83%,76%,74%,67%,84%,91%,91%,88%,76%,73%,85%,82%,89%,81%,77%,71%,84%,88%,75%,84%,82%,73%,83%,87%,88%,91%,78%,75%,87%,83%,82%,93%,88%,80%,80%,77%,89%,88%,82%,86%,86%,92%,84%,92%,87%,82%,78%,78%,87%,79%,84%,79%,89%,89%,85%,84%,87%,81%,71%,80%,82%,70%,81%,66%,86%,84%,79%,89%,77%,73%,77%,77%,81%,80%,84%,76%,79%,74%,75%,90%,78%,67%,79%,78%,95%,81%,78%,74%,80%,88%,84%,88%,69%,73%,77%,81%,87%,88%,90%,93%,83%,90%,83%,85%,71%,79%,75%,83%,78%,91%,89%,83%,77%,85%,79%,84%,74%,71%,70%,78%,83%,92%,88%,83%,86%,73%,78%,87%,70%,74%,82%,85%,89%,90%,88%,83%,93%,85%,68%,85%,74%,78%,83%,80%,87%,94%,74%,94%,85%,85%,55%,89%,79%,71%,86%,73%,89%,92%,71%,89%,88%,86%,73%,80%,79%,84%,85%,80%,87%,93%,76%,90%,88%,88%,87%,88%,80%,85%,87%,80%,86%,94%,90%,87%,92%,87%,85%,84%,80%,70%,90%,66%,86%,94%,89%,92%,93%,82%,88%,87%,79%,71%,83%,68%,91%,94%,88%,89%,90%,86%,83%,87%,85%,77%,81%,71%,91%,94%,85%,84%,85%,84%,77%,90%,86%,81%,83%,81%,94%,95%,80%,87%,92%,87%,80%,94%,79%,79%,81%,87%,91%,92%,83%,92%,88%,91%,79%,89%,83%,79%,81%,88%,89%,93%,83%,89%,84%,89%,85%,85%,82%,88%,84%,80%,87%,96%,81%,81%,90%,90%,80%,84%,80%,81%,86%,82%,76%,92%,75%,72%,90%,89%,78%,79%,82%,79%,77%,80%,82%,91%,74%,86%,93%,90%,83%,94%,88%,67%,80%,75%,90%,93%,77%,86%,79%,95%,83%,94%,83%,68%,79%,79%,88%,90%,84%,78%,82%,91%,84%,88%,78%,64%,80%,82%,80%,88%,90%,95%,86%,92%,73%,81%,78%,52%,92%,77%,76%,90%,86%,92%,93%,90%,82%,83%,75%,72%,87%,73%,76%,91%,87%,87%,88%,88%,84%,79%,84%,65%,86%,77%,81%,90%,84%,79%,83%,91%,82%,84%,88%,74%,84%,74%,76%,90%,87%,89%,89%,89%,80%,83%,73%,80%,83%,84%,83%,93%,95%,89%,92%,84%,79%,88%,65%,76%,78%,84%,87%,96%,91%,94%,91%,91%,76%,88%,84%,82%,86%,86%,79%,94%,82%,82%,90%,85%,90%,80%,79%,89%,88%,79%,78%,92%,88%,90%,88%,87%,89%,88%,82%,87%,86%,84%,84%,86%,86%,88%,91%,88%,82%,87%,82%,81%,81%,85%,87%,94%,85%,94%,95%,87%,78%,79%,84%,78%,83%,79%,84%,96%,85%,90%,91%,88%,82%,62%,83%,78%,76%,69%,87%,96%,85%,89%,92%,90%,83%,57%,88%,83%,85%,74%,89%,92%,87%,87%,92%,88%,91%,91%,89%,81%,79%,90%,81%,93%,87%,92%,91%,83%,81%,93%,85%,87%,89%,88%,86%,94%,90%,89%,84%,79%,79%,79%,89%,85%,93%,87%,87%,94%,90%,94%,92%,85%,81%,54%,95%,76%,84%,78%,87%,98%,88%,91%,86%,90%,71%,59%,91%,78%,81%,85%,88%,97%,88%,83%,82%,97%,79%,78%,85%,88%,85%,82%,88%,95%,88%,88%,93%,86%,82%,84%,79%,80%,86%,91%,93%,97%,84%,89%,92%,87%,81%,68%,76%,74%,81%,84%,90%,98%,80%,95%,89%,92%,88%,86%,78%,76%,80%,90%,92%,99%,85%,94%,84%,86%,80%,85%,83%,75%,75%,85%,91%,99%,84%,94%,88%,90%,86%,89%,92%,78%,84%,83%,88%,98%,89%,86%,84%,90%,89%,93%,89%,84%,82%,92%,85%,81%,83%,83%,73%,87%,87%,91%,84%,77%,86%,89%,72%,86%,87%,93%,88%,84%,87%,92%,79%,70%,80%,79%,82%,96%,85%,90%,75%,83%,87%,92%,88%,62%,77%,86%,81%,97%,92%,91%,65%,93%,91%,90%,88%,84%,90%,89%,79%,96%,90%,93%,78%,94%,83%,88%,88%,92%,79%,85%,78%,94%,90%,94%,87%,93%,89%,97%,96%,82%,84%,85%,63%,98%,87%,93%,87%,88%,87%,92%,93%,79%,77%,84%,87%,96%,94%,84%,87%,88%,90%,88%,94%,83%,72%,86%,89%,96%,93%,95%,71%,91%,80%,86%,97%,80%,81%,87%,97%,98%,97%,93%,81%,89%,80%,94%,97%,82%,84%,87%,94%,99%,93%,93%,86%,90%,79%,90%,91%,93%,85%,93%,95%,98%,93%,87%,80%,88%,79%,86%,86%,84%,84%,80%,95%,98%,93%,84%,87%,87%,85%,89%,80%,82%,87%,83%,93%,98%,93%,90%,91%,93%,80%,83%,74%,69%,87%,84%,88%,96%,93%,93%,84%,89%,77%,91%,78%,65%,86%,77%,92%,94%,86%,92%,91%,66%,83%,92%,76%,62%,84%,83%,91%,97%,88%,86%,91%,92%,86%,87%,81%,87%,66%,90%,97%,96%,89%,86%,84%,97%,85%,72%,83%,88%,48%,89%,95%,95%,95%,85%,73%,98%,80%,51%,80%,95%,79%,89%
Cloud coverage,15%,83%,83%,85%,79%,46%,25%,51%,29%,63%,93%,0%,95%,56%,53%,70%,59%,67%,68%,52%,84%,71%,90%,70%,36%,86%,31%,85%,74%,46%,91%,41%,72%,82%,80%,98%,78%,99%,79%,74%,52%,38%,52%,80%,30%,34%,63%,66%,80%,87%,79%,100%,73%,72%,38%,67%,82%,43%,18%,72%,31%,45%,99%,63%,99%,3%,51%,91%,65%,80%,59%,26%,87%,48%,71%,98%,43%,100%,61%,44%,69%,65%,78%,28%,41%,74%,99%,69%,71%,51%,100%,14%,63%,52%,78%,75%,32%,84%,2%,93%,46%,85%,91%,100%,4%,100%,78%,62%,80%,59%,73%,35%,93%,47%,35%,100%,49%,0%,88%,24%,69%,57%,33%,67%,54%,87%,79%,76%,85%,83%,10%,98%,54%,73%,21%,24%,59%,64%,93%,67%,100%,35%,91%,28%,73%,88%,64%,19%,14%,79%,94%,89%,92%,97%,61%,87%,79%,45%,98%,32%,34%,38%,59%,89%,85%,56%,98%,88%,72%,89%,44%,91%,40%,65%,51%,40%,78%,76%,21%,79%,99%,98%,6%,28%,59%,10%,87%,70%,84%,96%,62%,65%,77%,71%,68%,52%,49%,18%,6%,86%,65%,55%,59%,25%,57%,85%,35%,62%,40%,90%,43%,7%,72%,34%,14%,24%,16%,85%,65%,54%,97%,77%,85%,66%,34%,39%,21%,76%,31%,24%,87%,42%,87%,90%,72%,96%,69%,83%,53%,44%,69%,29%,14%,73%,73%,71%,97%,39%,57%,59%,62%,77%,96%,41%,77%,18%,75%,14%,44%,86%,41%,59%,37%,83%,69%,95%,42%,33%,6%,55%,9%,4%,86%,50%,46%,87%,67%,59%,22%,75%,39%,7%,87%,52%,43%,92%,92%,43%,96%,71%,22%,80%,29%,73%,64%,69%,70%,10%,62%,69%,90%,89%,58%,60%,72%,57%,92%,56%,73%,32%,4%,59%,42%,97%,80%,50%,46%,62%,90%,33%,24%,88%,94%,16%,91%,13%,23%,70%,80%,40%,69%,91%,72%,10%,48%,99%,36%,83%,15%,62%,26%,20%,70%,55%,87%,91%,16%,33%,92%,95%,94%,9%,97%,4%,6%,51%,15%,86%,49%,78%,97%,87%,88%,100%,4%,100%,4%,42%,93%,18%,60%,65%,53%,82%,48%,77%,92%,3%,80%,0%,86%,48%,55%,69%,79%,97%,15%,99%,79%,95%,1%,59%,13%,22%,46%,29%,73%,80%,75%,86%,75%,90%,60%,47%,93%,28%,0%,83%,84%,88%,100%,52%,37%,79%,96%,100%,50%,80%,42%,0%,61%,14%,77%,76%,56%,75%,93%,94%,88%,58%,66%,65%,30%,75%,17%,47%,49%,65%,75%,38%,94%,89%,83%,91%,92%,6%,64%,33%,34%,93%,69%,62%,50%,86%,70%,63%,74%,72%,47%,46%,50%,53%,84%,52%,10%,57%,30%,97%,37%,92%,48%,48%,62%,56%,27%,23%,50%,67%,58%,16%,94%,74%,82%,31%,23%,59%,57%,50%,41%,100%,40%,73%,3%,98%,68%,49%,19%,34%,68%,65%,72%,83%,76%,9%,79%,83%,97%,80%,50%,15%,41%,51%,39%,86%,70%,73%,38%,77%,88%,53%,96%,84%,57%,14%,45%,54%,87%,81%,93%,85%,98%,89%,43%,88%,94%,90%,10%,43%,56%,23%,64%,82%,70%,59%,79%,30%,55%,89%,91%,47%,39%,40%,15%,42%,53%,51%,55%,70%,13%,87%,100%,47%,94%,23%,57%,10%,58%,6%,3%,28%,78%,0%,28%,100%,70%,93%,58%,26%,47%,100%,2%,24%,10%,75%,49%,49%,99%,62%,93%,90%,41%,17%,61%,13%,83%,2%,70%,100%,100%,33%,38%,81%,95%,43%,13%,8%,38%,21%,1%,92%,90%,81%,37%,15%,81%,42%,26%,72%,12%,89%,60%,48%,68%,79%,32%,74%,11%,94%,26%,44%,21%,79%,66%,12%,2%,92%,64%,64%,77%,43%,33%,76%,69%,1%,54%,51%,58%,41%,87%,27%,94%,55%,44%,25%,27%,58%,77%,98%,98%,19%,45%,96%,23%,76%,50%,18%,51%,35%,41%,89%,99%,99%,9%,50%,64%,1%,98%,74%,18%,27%,58%,39%,20%,99%,100%,2%,65%,69%,8%,93%,100%,38%,77%,85%,14%,71%,55%,95%,4%,4%,94%,7%,66%,79%,95%,73%,99%,5%,51%,24%,60%,15%,8%,84%,2%,35%,72%,86%,59%,98%,43%,61%,28%,60%,26%,9%,93%,20%,98%,73%,92%,78%,66%,41%,76%,52%,87%,56%,0%,90%,53%,100%,38%,68%,65%,73%,42%,64%,16%,86%,20%,0%,76%,8%,54%,91%,67%,83%,44%,50%,30%,18%,68%,15%,33%,79%,2%,57%,82%,32%,80%,71%,58%,74%,62%,98%,45%,99%,94%,0%,75%,19%,30%,57%,48%,31%,34%,83%,80%,54%,84%,82%,0%,25%,26%,62%,31%,41%,43%,46%,84%,35%,49%,90%,56%,14%,58%,13%,59%,65%,0%,16%,42%,76%,70%,56%,70%,53%,86%,94%,49%,64%,69%,3%,12%,40%,84%,79%,38%,64%,98%,34%,94%,58%,59%,29%,21%,6%,52%,44%,93%,62%,83%,100%,5%,39%,4%,1%,57%,68%,22%,72%,61%,64%,61%,68%,78%,12%,75%,42%,1%,45%,77%,33%,18%,33%,83%,45%,81%,83%,77%,68%,6%,60%,35%,99%,16%,65%,24%,69%,44%,70%,82%,96%,86%,4%,75%,73%,93%,0%,62%,30%,53%,68%,79%,99%,78%,67%,22%,55%,51%,87%,18%,62%,31%,18%,47%,81%,97%,90%,88%,68%,38%,47%,82%,0%,55%,16%,32%,75%,70%,87%,95%,54%,91%,76%,19%,17%,0%,65%,8%,25%,100%,70%,88%,93%,82%,85%,63%,2%,43%,13%,58%,6%,53%,28%,80%,42%,90%,84%,96%,11%,3%,48%,69%,59%,56%,61%,41%,88%,79%,80%,61%,82%,28%,20%,62%,60%,65%,11%,7%,98%,82%,48%,89%,37%,24%,84%,42%,70%,48%,60%,1%,77%,98%,60%,28%,84%,29%,39%,83%,53%,25%,65%,63%,35%,100%,75%,20%,62%,88%,12%,67%,30%,15%,66%,51%,62%,92%,99%,11%,18%,55%,42%,10%,89%,21%,30%,75%,19%,5%,93%,95%,30%,66%,86%,45%,15%,64%,8%,8%,43%,38%,71%,92%,61%,27%,15%,35%,75%,62%,36%,3%,0%,48%,55%,38%,82%,37%,92%,2%,0%,83%,82%,26%,19%,1%,87%,23%,24%,94%,31%,63%,52%,1%,75%,75%,50%,33%,16%,54%,49%,74%,90%,19%,24%,19%,5%,27%,86%,27%,42%,17%,28%,56%,90%,96%,5%,40%,63%,10%,77%,92%,64%,61%,15%,16%,62%,73%,32%,11%,54%,82%,3%,57%,68%,56%,26%,9%,40%,30%,70%,33%,2%,64%,59%,16%,75%,68%,81%,7%,14%,59%,18%,66%,65%,14%,99%,48%,19%,43%,65%,80%,3%,43%,66%,16%,95%,49%,60%,74%,2%,76%,25%,5%,65%,28%,87%,29%,12%,63%,72%,35%,60%,16%,45%,27%,5%,46%,71%,63%,60%,25%,71%,87%,22%,40%,42%,14%,6%,2%,56%,68%,22%,12%,31%,76%,44%,78%,83%,2%,20%,25%,0%,43%,25%,37%,2%,9%,68%,36%,22%,85%,57%,77%,33%,3%,71%,82%,27%,64%,32%,69%,69%,28%,67%,95%,83%,47%,48%,72%,48%,45%,54%,34%,58%,48%,22%,54%,63%,6%,41%,60%,55%,46%,42%,49%,53%,37%,69%,47%,69%,50%,0%,92%,18%,3%,35%,19%,76%,49%,49%,38%,66%,20%,32%,4%,82%,53%,24%,33%,81%,6%,46%,15%,26%,71%,44%,24%,52%,79%,54%,71%,4%,52%,53%,43%,10%,43%,50%,25%,25%,29%,69%,37%,32%,32%,100%,54%,34%,2%,24%,0%,48%,53%,42%,73%,21%,16%,5%,83%,72%,59%,40%,30%,48%,65%,20%,10%,100%,22%,63%,17%,40%,70%,62%,51%,17%,53%,67%,13%,5%,100%,19%,57%,40%,51%,68%,31%,22%,46%,80%,46%,63%,32%,69%,39%,27%,24%,18%,59%,39%,54%,59%,82%,79%,43%,44%,43%,17%,24%,41%,33%,51%,41%,58%,57%,53%,49%,26%,33%,45%,15%,16%,11%,68%,31%,49%,57%,52%,71%,51%,24%,10%,72%,39%,40%,7%,16%,30%,7%,11%,45%,74%,32%,16%,15%,72%,73%,3%,12%,52%,44%,39%,18%,62%,54%,16%,62%,32%,35%,26%,10%,4%,33%,13%,46%,11%,51%,46%,3%,20%,41%,86%,21%,19%,5%,47%,24%,24%,12%,46%,12%,1%,8%,35%,80%,21%,19%,5%,47%,24%,24%,12%,46%,12%,1%,8%,35%,80%,0%,44%,11%,63%,46%,31%,48%,20%,78%,5%,1%,3%,52%,8%,15%,14%,38%,17%,35%,14%,74%,86%,17%,8%,0%,52%,29%,12%,10%,39%,57%,15%,7%,60%,54%,24%,16%,3%,27%,9%,2%,4%,70%,20%,29%,17%,49%,48%,65%,40%,35%,26%,28%,19%,0%,59%,20%,14%,90%,78%,47%,61%,49%,2%,10%,48%,55%,9%,44%,64%,43%,80%,62%,27%,37%,45%,2%,9%,56%,41%,58%,42%,77%,56%,78%,80%,21%,32%,47%,16%,12%,66%,22%,41%,53%,17%,52%,61%,48%,53%,57%,57%,81%,31%,43%,26%,36%,49%,25%,81%,46%,81%,44%,59%,41%,76%,85%,23%,48%,12%,44%,28%,65%,37%,99%,11%,76%,44%,89%,61%,15%,27%,2%,63%,32%,50%,35%,45%,91%,54%,40%,72%,72%,45%,55%,9%,72%,40%,69%,29%,11%,91%,15%,42%,65%,55%,60%,96%,1%,57%,27%,12%,87%,33%,90%,12%,86%,36%,59%,24%,47%,9%,29%,23%,18%,65%,18%,97%,3%,47%,82%,90%,97%,37%,12%,93%,9%,33%,46%,6%,70%,1%,38%,7%,89%,89%,71%,10%,89%,11%,48%,24%,11%,27%,0%,54%,2%,87%,15%,100%,14%,48%,40%,45%,38%,6%,96%,0%,62%,24%,72%,46%,79%,19%,24%,45%,88%,76%,3%,92%,1%,84%,67%,45%,43%,38%,42%,45%,64%,66%,53%,15%,32%,13%,41%,31%,30%,19%,56%,24%,45%,47%,52%,25%,63%,3%,39%,57%,83%,78%,49%,81%,28%,51%,61%,69%,14%,16%,32%,40%,56%,54%,83%,32%,100%,37%,20%,61%,64%,33%,13%,73%,20%,23%,52%,96%,27%,87%,15%,12%,84%,58%,11%,25%,50%,82%,6%,22%,96%,60%,82%,23%,14%,75%,21%,39%,64%,26%,52%,10%,56%,63%,83%,35%,53%,50%,49%,51%,29%,69%,25%,25%,15%,32%,71%,28%,51%,83%,48%,82%,20%,72%,62%,53%,39%,59%,30%,69%,63%,57%,53%,28%,97%,22%,68%,53%,26%,16%,88%,35%,95%,17%,43%,33%,55%,67%,6%,64%,44%,74%,42%,51%,18%,85%,24%,28%,51%,45%,14%,10%,35%,60%,89%,24%,52%,56%,88%,21%,7%,44%,19%,70%,34%,24%,54%,25%,14%,88%,28%,59%,22%,7%,4%,39%,58%,40%,36%,55%,32%,36%,100%,23%,87%,22%,7%,4%,39%,58%,40%,36%,55%,32%,36%,100%,23%,87%,16%,30%,4%,36%,77%,39%,61%,100%,25%,53%,30%,67%,86%,14%,13%,18%,9%,37%,37%,27%,98%,56%,44%,37%,66%,63%,15%,30%,4%,5%,51%,27%,86%,74%,36%,23%,16%,55%,96%,40%,54%,32%,4%,97%,64%,69%,43%,4%,13%,28%,21%,76%,46%,70%,55%,14%,32%,98%,54%,43%,2%,32%,63%,43%,81%,80%,40%,34%,16%,16%,84%,65%,27%,25%,20%,42%,11%,48%,6%,36%,61%,36%,95%,77%,75%,62%,21%,20%,10%,4%,20%,6%,78%,10%,14%,53%,15%,48%,77%,50%,14%,72%,15%,11%,24%,85%,87%,46%,53%,6%,67%,57%,30%,25%,40%,13%,9%,10%,44%,24%,76%,84%,36%,58%,82%,20%,65%,21%,6%,3%,5%,35%,2%,27%,34%,11%,74%,77%,24%,79%,16%,19%,20%,29%,0%,16%,84%,25%,20%,64%,80%,39%,34%,56%,54%,60%,63%,2%,8%,83%,40%,57%,13%,21%,58%,11%,34%,85%,58%,54%,10%,44%,62%,8%,35%,10%,8%,42%,31%,45%,75%,94%,44%,34%,32%,69%,12%,14%,24%,17%,62%,3%,59%,79%,90%,54%,47%,78%,44%,1%,12%,5%,26%,67%,30%,26%,73%,91%,43%,40%,54%,30%,19%,20%,27%,22%,63%,51%,50%,64%,52%,53%,72%,17%,17%,66%,11%,30%,56%,50%,25%,40%,70%,34%,53%,55%,45%,28%,53%,19%,14%,31%,19%,34%,35%,92%,6%,80%,24%,36%,62%,30%,47%,19%,90%,26%,36%,44%,75%,48%,24%,64%,18%,64%,51%,5%,10%,84%,64%,96%,52%,19%,54%,11%,39%,54%,77%,69%,13%,26%,97%,42%,70%,30%,51%,10%,41%,14%,47%,40%,42%,56%,27%,80%,5%,54%,29%,57%,3%,61%,11%,32%,54%,25%,59%,58%,92%,16%,50%,50%,63%,41%,30%,14%,47%,52%,45%,63%,15%,58%,56%,47%,18%,47%,27%,16%,27%,36%,18%,19%,54%,18%,79%,73%,47%,15%,59%,26%,41%,31%,50%,30%,10%,41%,77%,79%,28%,78%,17%,84%,33%,18%,66%,68%,69%,10%,79%,78%,70%,0%,77%,23%,63%,66%,46%,86%,52%,60%,41%,62%,74%,64%,6%,28%,41%,27%,77%,45%,64%,60%,58%,60%,46%,72%,87%,7%,35%,21%,40%,59%,50%,25%,48%,18%,61%,30%,87%,51%,10%,62%,27%,55%,83%,22%,8%,30%,29%,64%,11%,86%,24%,59%,75%,13%,1%,60%,15%,7%,34%,55%,77%,25%,80%,67%,66%,75%,20%,6%,26%,5%,14%,86%,40%,52%,43%,36%,73%,85%,55%,17%,28%,59%,25%,3%,48%,39%,33%,26%,52%,15%,61%,8%,5%,14%,64%,41%,2%,56%,68%,62%,43%,40%,66%,53%,20%,3%,55%,50%,16%,11%,19%,39%,80%,81%,23%,39%,83%,13%,1%,78%,61%,14%,11%,60%,44%,60%,67%,30%,80%,69%,4%,5%,79%,60%,32%,22%,42%,16%,33%,30%,7%,84%,45%,4%,16%,78%,63%,21%,8%,30%,30%,38%,6%,1%,58%,85%,1%,24%,77%,97%,20%,9%,39%,24%,41%,6%,5%,56%,70%,0%,26%,63%,88%,18%,10%,66%,26%,69%,19%,5%,17%,24%,8%,14%,76%,61%,22%,48%,37%,26%,61%,30%,9%,34%,51%,22%,4%,89%,75%,25%,34%,24%,17%,47%,43%,23%,67%,45%,20%,24%,96%,67%,39%,43%,21%,37%,29%,46%,4%,44%,19%,29%,27%,81%,76%,25%,18%,27%,15%,0%,23%,21%,23%,12%,17%,47%,48%,76%,10%,16%,39%,1%,90%,53%,41%,33%,6%,49%,89%,33%,11%,39%,44%,3%,98%,40%,56%,50%,35%,40%,95%,60%,15%,29%,44%,45%,45%,7%,25%,64%,74%,53%,81%,49%,16%,16%,48%,36%,81%,9%,67%,40%,36%,66%,36%,39%,26%,39%,46%,41%,59%,63%,18%,87%,40%,32%,6%,22%,33%,93%,76%,41%,75%,96%,44%,35%,12%,47%,40%,27%,24%,90%,72%,26%,41%,87%,26%,37%,7%,82%,75%,15%,19%,31%,63%,32%,35%,75%,47%,47%,3%,77%,68%,24%,19%,68%,58%,23%,27%,44%,68%,90%,4%,48%,85%,31%,29%,43%,78%,14%,14%,7%,61%,49%,19%,31%,80%,55%,7%,51%,57%,8%,4%,41%,56%,21%,12%,46%,20%,52%,6%,34%,70%,2%,14%,70%,55%,24%,21%,35%,53%,50%,8%,37%,57%,45%,33%,56%,58%,36%,24%,25%,59%,34%,37%,40%,41%,0%,83%,51%,64%,16%,28%,37%,9%,35%,58%,56%,15%,4%,34%,46%,58%,32%,26%,23%,21%,60%,28%,50%,4%,6%,10%,43%,69%,41%,19%,4%,50%,35%,46%,81%,4%,31%,10%,55%,58%,56%,14%,12%,69%,48%,57%,28%,1%,9%,51%,56%,56%,84%,18%,5%,62%,19%,69%,71%,5%,29%,42%,40%,56%,59%,28%,11%,76%,20%,51%,60%,15%,17%,36%,80%,56%,67%,9%,53%,33%,21%,46%,40%,56%,37%,16%,62%,64%,43%,26%,92%,81%,22%,65%,54%,41%,12%,52%,26%,60%,73%,25%,18%,35%,29%,29%,80%,23%,47%,53%,41%,44%,36%,37%,18%,8%,16%,46%,59%,41%,47%,23%,8%,43%,30%,31%,31%,3%,29%,49%,1%,11%,3%,24%,12%,32%,50%,25%,29%,46%,70%,45%,16%,36%,3%,22%,6%,99%,51%,8%,27%,44%,23%,29%,50%,11%,30%,19%,6%,98%,42%,3%,56%,57%,5%,46%,58%,21%,25%,37%,46%,52%,53%,12%,24%,27%,11%,44%,56%,46%,16%,24%,10%,20%,37%,28%,37%,10%,11%,17%,61%,34%,28%,41%,7%,27%,19%,6%,39%,5%,28%,43%,42%,44%,48%,37%,8%,33%,27%,5%,36%,5%,71%,60%,55%,52%,67%,50%,39%,62%,40%,35%,17%,14%,56%,44%,43%,36%,31%,39%,25%,26%,38%,51%,42%,14%,43%,37%,30%,11%,44%,25%,61%,41%,90%,26%,37%,52%,58%,66%,22%,13%,26%,8%,17%,68%,80%,16%,28%,32%,55%,19%,75%,11%,52%,13%,43%,81%,78%,21%,41%,35%,50%,39%,79%,19%,21%,19%,18%,22%,50%,38%,43%,41%,14%,19%,73%,36%,18%,27%,44%,48%,32%,60%,24%,47%,2%,77%,30%,35%,37%,59%,57%,18%,32%,44%,66%,68%,5%,76%,34%,25%,9%,51%,100%,31%,33%,6%,38%,42%,8%,83%,20%,24%,47%,48%,100%,5%,43%,36%,91%,54%,6%,48%,30%,3%,51%,32%,70%,12%,53%,12%,73%,32%,1%,17%,49%,12%,21%,39%,31%,28%,25%,14%,22%,23%,16%,8%,13%,33%,17%,13%,16%,41%,43%,82%,24%,45%,29%,9%,29%,31%,16%,15%,16%,67%,45%,53%,8%,45%,8%,26%,44%,35%,22%,50%,8%,55%,24%,54%,5%,42%,4%,44%,20%,5%,16%,31%,20%,2%,10%,22%,2%,71%,9%,29%,24%,45%,32%,17%,41%,0%,45%,66%,14%,56%,56%,48%,25%,35%,42%,67%,84%,0%,23%,54%,16%,49%,10%,88%,38%,67%,41%,91%,36%,3%,65%,38%,12%,86%,15%,82%,53%,20%,18%,9%,87%,15%,21%,88%,12%,88%,50%,48%,31%,32%,20%,37%,33%,26%,13%,8%,22%,83%,32%,76%,33%,8%,20%,36%,18%,46%,12%,42%,50%,53%,12%,67%,39%,34%,21%,75%,10%,8%,34%,48%,4%,35%,13%,41%,16%,76%,56%,57%,11%,23%,65%,48%,10%,72%,21%,34%,11%,8%,30%,50%,52%,27%,24%,5%,37%,62%,29%,47%,13%,17%,33%,21%,42%,27%,36%,25%,10%,31%,69%,55%,9%,26%,27%,20%,26%,22%,23%,72%,55%,61%,53%,26%,46%,16%,6%,12%,61%,63%,39%,32%,48%,97%,49%,12%,30%,38%,0%,28%,71%,54%,77%,22%,31%,70%,38%,8%,57%,16%,8%,21%,59%,8%,60%,51%,28%,53%,13%,80%,57%,16%,55%,45%,88%,1%,57%,51%,54%,24%,10%,59%,97%,2%,66%,8%,69%,4%,96%,46%,67%,57%,8%,62%,88%,4%,42%,14%,10%,3%,57%,40%,40%,86%,56%,67%,35%,21%,79%,41%,11%,4%,30%,51%,15%,12%,52%,14%,47%,41%,59%,44%,14%,38%,69%,10%,72%,1%,48%,35%,50%,25%,61%,12%,63%,13%,41%,38%,45%,12%,75%,51%,40%,63%,66%,68%,77%,6%,60%,71%,63%,13%,77%,85%,16%,44%,91%,57%,58%,4%,63%,12%,4%,55%,75%,41%,23%,16%,51%,24%,40%,15%,35%,34%,9%,13%,73%,55%,18%,9%,41%,52%,72%,46%,33%,18%,74%,30%,9%,34%,55%,25%,43%,3%,60%,43%,38%,2%,43%,6%,8%,46%,50%,41%,70%,33%,60%,73%,60%,6%,33%,15%,24%,34%,46%,11%,59%,19%,58%,60%,64%,7%,16%,1%,14%,31%,40%,20%,71%,23%,57%,52%,58%,9%,2%,10%,39%,24%,20%,49%,43%,58%,28%,41%,14%,39%,0%,1%,11%,9%,41%,25%,60%,42%,76%,19%,22%,58%,31%,2%,63%,19%,25%,63%,65%,27%,76%,29%,18%,99%,60%,44%,45%,51%,20%,72%,16%,44%,52%,10%,14%,12%,61%,60%,19%,49%,9%,41%,25%,53%,47%,11%,26%,6%,65%,86%,4%,61%,18%,61%,45%,75%,41%,30%,16%,32%,88%,93%,1%,71%,15%,62%,13%,40%,3%,15%,13%,3%,48%,71%,16%,85%,2%,31%,13%,27%,5%,38%,65%,40%,80%,97%,89%,51%,3%,18%,7%,42%,7%,47%,49%,3%,75%,88%,76%,72%,7%,12%,11%,55%,2%,30%,67%,12%,69%,71%,69%,49%,0%,25%,2%,14%,0%,56%,32%,50%,86%,64%,57%,83%,0%,67%,15%,30%,0%,62%,93%,82%,52%,48%,39%,34%,5%,65%,24%,5%,30%,54%,51%,46%,46%,65%,78%,28%,47%,51%,34%,3%,39%,36%,72%,30%,77%,63%,50%,35%,65%,70%,58%,93%,31%,0%,67%,0%,67%,93%,72%,55%,44%,50%,60%,43%,74%,49%,32%,9%,93%,87%,68%,61%,57%,9%,17%,38%,77%,74%,94%,43%,67%,86%,41%,29%,48%,33%,39%,47%,94%,52%,69%,6%,70%,93%,5%,3%,77%,18%,77%,41%,68%,25%,69%,51%,72%,67%,89%,1%,89%,8%,54%,13%,36%,47%,84%,5%,51%,48%,82%,0%,88%,13%,60%,26%,7%,44%,75%,17%,68%,71%,64%,0%,97%,65%,34%,35%,30%,98%,34%,25%,34%,87%,61%,2%,13%,51%,74%,41%,42%,59%,62%,8%,35%,89%,13%,33%,15%,42%,48%,29%,83%,62%,12%,10%,25%,54%,7%,88%,5%,49%,79%,39%,76%,43%,0%,11%,65%,87%,85%,80%,0%,39%,56%,41%,100%,13%,15%,21%,76%,77%,33%,77%,9%,43%,58%,44%,87%,38%,8%,17%,75%,40%,33%,34%,28%,37%,60%,18%,56%,34%,1%,56%,44%,74%,27%,57%,17%,23%,23%,13%,83%,74%,17%,45%,86%,50%,19%,60%,33%,41%,42%,37%,95%,97%,54%,14%,78%,71%,36%,17%,12%,22%,33%,60%,76%,95%,31%,6%,60%,88%,60%,34%,15%,16%,29%,56%,94%,80%,79%,54%,50%,62%,31%,52%,8%,17%,42%,69%,40%,17%,83%,64%,36%,80%,60%,34%,7%,43%,28%,52%,66%,88%,98%,100%,35%,70%,56%,46%,49%,68%,67%,85%,71%,91%,68%,85%,27%,75%,71%,41%,18%,52%,39%,26%,32%,56%,67%,81%,11%,52%,27%,73%,21%,10%,33%,13%,10%,70%,42%,38%,70%,83%,17%,53%,27%,6%,40%,20%,60%,88%,79%,36%,18%,85%,66%,30%,47%,75%,27%,66%,32%,80%,71%,91%,31%,87%,17%,50%,34%,79%,9%,57%,6%,25%,51%,96%,12%,97%,25%,45%,13%,18%,53%,18%,8%,14%,84%,46%,7%,25%,76%,42%,35%,41%,79%,10%,2%,38%,63%,61%,79%,98%,51%,63%,63%,46%,86%,30%,2%,31%,58%,26%,70%,86%,47%,84%,33%,40%,60%,54%,14%,36%,56%,7%,89%,45%,62%,74%,49%,24%,61%,90%,43%,62%,50%,19%,47%,25%,88%,81%,31%,59%,66%,56%,50%,82%,57%,35%,86%,3%,55%,65%,39%,44%,64%,27%,80%,72%,21%,17%,90%,14%,55%,73%,50%,76%,83%,20%,78%,98%,27%,43%,57%,9%,28%,63%,9%,80%,49%,13%,14%,80%,93%,21%,25%,38%,100%,76%,6%,35%,49%,35%,74%,85%,64%,32%,41%,55%,88%,93%,2%,72%,52%,38%,82%,95%,79%,77%,4%,43%,57%,57%,5%,45%,28%,53%,46%,68%,65%,68%,44%,47%,60%,58%,4%,28%,72%,38%,69%,68%,75%,84%,54%,44%,44%,93%,12%,63%,16%,28%,76%,70%,40%,48%,84%,61%,57%,70%,5%,3%,59%,39%,66%,45%,62%,13%,48%,58%,64%,42%,1%,15%,60%,58%,98%,100%,97%,7%,39%,71%,66%,27%,4%,14%,10%,72%,88%,97%,86%,6%,19%,74%,66%,72%,31%,22%,56%,37%,96%,86%,33%,1%,47%,81%,66%,77%,48%,69%,46%,69%,70%,44%,61%,12%,97%,24%,16%,72%,8%,24%,68%,70%,87%,41%,43%,75%,72%,85%,19%,34%,37%,12%,38%,16%,81%,79%,92%,64%,35%,42%,36%,24%,25%,37%,65%,22%,56%,89%,92%,34%,42%,71%,61%,84%,19%,13%,90%,34%,38%,59%,24%,37%,48%,93%,86%,80%,48%,58%,79%,19%,34%,47%,49%,12%,31%,46%,75%,69%,34%,63%,60%,56%,81%,49%,74%,72%,18%,11%,59%,90%,34%,24%,64%,22%,77%,11%,69%,89%,55%,77%,65%,68%,40%,51%,33%,64%,17%,30%,74%,98%,80%,36%,71%,61%,28%,59%,66%,82%,9%,61%,96%,56%,92%,56%,92%,25%,6%,58%,81%,35%,72%,5%,53%,64%,99%,14%,69%,87%,16%,85%,65%,17%,100%,2%,37%,76%,84%,6%,45%,82%,25%,39%,66%,17%,83%,39%,85%,67%,13%,43%,39%,88%,64%,60%,48%,60%,92%,97%,63%,55%,69%,81%,42%,87%,47%,53%,35%,53%,68%,86%,17%,100%,55%,58%,86%,59%,56%,77%,43%,56%,17%,4%,94%,75%,61%,100%,73%,57%,69%,75%,60%,29%,35%,1%,84%,37%,6%,85%,72%,90%,45%,72%,42%,59%,31%,6%,76%,81%,19%,46%,65%,43%,56%,39%,67%,83%,59%,46%,67%,100%,89%,36%,17%,53%,58%,75%,80%,59%,55%,46%,59%,87%,88%,100%,69%,86%,59%,20%,61%,45%,32%,28%,51%,87%,64%,28%,56%,70%,29%,85%,58%,35%,16%,74%,70%,85%,69%,91%,98%,84%,31%,75%,10%,54%,42%,55%,83%,53%,38%,51%,95%,87%,39%,63%,0%,44%,97%,97%,70%,40%,89%,76%,79%,64%,44%,58%,5%,86%,73%,76%,61%,35%,50%,99%,59%,29%,45%,68%,6%,66%,93%,80%,80%,16%,90%,66%,4%,42%,50%,64%,31%,9%,44%,74%,69%,44%,65%,85%,5%,39%,42%,37%,45%,59%,74%,29%,72%,26%,50%,86%,31%,81%,93%,80%,11%,64%,100%,31%,70%,97%,68%,32%,74%,51%,56%,77%,24%,76%,70%,84%,49%,69%,58%,71%,78%,57%,54%,59%,41%,92%,70%,95%,97%,24%,31%,21%,39%,86%,44%,60%,42%,63%,70%,30%,97%,70%,14%,52%,69%,52%,81%,58%,17%,44%,64%,11%,91%,88%,44%,61%,44%,56%,76%,93%,44%,70%,65%,24%,100%,97%,30%,67%,85%,86%,96%,79%,66%,89%,92%,96%,96%,88%,93%,98%,25%,100%,69%,98%,37%,62%,58%,56%,94%,88%,81%,96%,54%,100%,69%,61%,75%,69%,49%,77%,91%,56%,72%,88%,99%,56%,74%,58%,59%,61%,76%,97%,69%,44%,76%,76%,29%,86%,71%,83%,49%,38%,29%,54%,61%,38%,73%,74%,71%,53%,32%,78%,56%,94%,19%,38%,94%,78%,40%,94%,64%,58%,45%,82%,72%,13%,48%,45%,64%,35%,23%,61%,59%,69%,59%,37%,45%,65%,61%,1%,49%,98%,35%,80%,98%,15%,58%,39%,36%,82%,12%,0%,77%,88%,9%,75%,100%,72%,97%,59%,35%,94%,35%,0%,91%,82%,17%,100%
Pressure,1029 mb,999 mb,1021 mb,1009 mb,1006 mb,1008 mb,1034 mb,1024 mb,1021 mb,1000 mb,1030 mb,1033 mb,1009 mb,1028 mb,1014 mb,1023 mb,1009 mb,1022 mb,1001 mb,1027 mb,1012 mb,1023 mb,1008 mb,1035 mb,1028 mb,1014 mb,1028 mb,1020 mb,1024 mb,1010 mb,1030 mb,1005 mb,1024 mb,1004 mb,1024 mb,994 mb,1039 mb,1020 mb,1016 mb,1020 mb,1018 mb,1019 mb,1012 mb,1034 mb,1004 mb,1032 mb,1010 mb,1016 mb,996 mb,1037 mb,1030 mb,1016 mb,1020 mb,1008 mb,1011 mb,995 mb,1033 mb,1006 mb,1033 mb,997 mb,1031 mb,998 mb,1031 mb,1034 mb,1018 mb,1026 mb,1004 mb,998 mb,1016 mb,1030 mb,1006 mb,1024 mb,999 mb,1040 mb,1008 mb,1032 mb,1028 mb,1017 mb,1023 mb,1011 mb,1006 mb,1018 mb,1029 mb,1012 mb,1027 mb,995 mb,1033 mb,1024 mb,1031 mb,1026 mb,1013 mb,1030 mb,1019 mb,1004 mb,1021 mb,1026 mb,1017 mb,1022 mb,1003 mb,1031 mb,1024 mb,1016 mb,1023 mb,1016 mb,1031 mb,1016 mb,1011 mb,1017 mb,1021 mb,1009 mb,1020 mb,1002 mb,1024 mb,1013 mb,1018 mb,1016 mb,1024 mb,1030 mb,1015 mb,1021 mb,1033 mb,1014 mb,1016 mb,1012 mb,993 mb,1010 mb,1010 mb,1026 mb,1015 mb,1026 mb,1030 mb,1018 mb,1009 mb,1033 mb,1017 mb,1018 mb,1018 mb,989 mb,1009 mb,1017 mb,1024 mb,1031 mb,1020 mb,1023 mb,1015 mb,1014 mb,1025 mb,1019 mb,1023 mb,1017 mb,995 mb,1005 mb,1026 mb,1019 mb,1023 mb,1009 mb,1015 mb,1007 mb,1011 mb,1027 mb,1018 mb,1012 mb,1007 mb,1009 mb,996 mb,1025 mb,1007 mb,1017 mb,1016 mb,1015 mb,1009 mb,1012 mb,1028 mb,1014 mb,1007 mb,1009 mb,1007 mb,1011 mb,1021 mb,1013 mb,1007 mb,1021 mb,1021 mb,1021 mb,1020 mb,1027 mb,1007 mb,1008 mb,1002 mb,1008 mb,1020 mb,1007 mb,1019 mb,1011 mb,1026 mb,1021 mb,1018 mb,1024 mb,1028 mb,1011 mb,1001 mb,1006 mb,1021 mb,1027 mb,994 mb,1010 mb,1024 mb,1026 mb,1017 mb,1013 mb,1023 mb,1030 mb,1018 mb,1001 mb,1014 mb,1026 mb,1037 mb,1000 mb,1005 mb,1017 mb,1019 mb,1002 mb,1025 mb,1024 mb,1028 mb,1011 mb,1002 mb,1014 mb,1022 mb,1040 mb,999 mb,1019 mb,1023 mb,1023 mb,993 mb,1023 mb,1029 mb,1017 mb,1000 mb,1000 mb,1013 mb,1018 mb,1038 mb,1008 mb,1017 mb,1035 mb,1010 mb,996 mb,1017 mb,1031 mb,1015 mb,996 mb,1005 mb,1013 mb,1019 mb,1035 mb,1005 mb,1018 mb,1046 mb,1001 mb,1006 mb,1021 mb,1035 mb,1009 mb,999 mb,1012 mb,1013 mb,1026 mb,1031 mb,1013 mb,1022 mb,1042 mb,992 mb,999 mb,1025 mb,1031 mb,1009 mb,1005 mb,1013 mb,1018 mb,1026 mb,1028 mb,1010 mb,1009 mb,1037 mb,992 mb,976 mb,1024 mb,1028 mb,1015 mb,1010 mb,1013 mb,1025 mb,1030 mb,1027 mb,1021 mb,1001 mb,1032 mb,995 mb,988 mb,1023 mb,1025 mb,1021 mb,1015 mb,1015 mb,1021 mb,1031 mb,1028 mb,1015 mb,1011 mb,1025 mb,997 mb,998 mb,1029 mb,1014 mb,1022 mb,1019 mb,1016 mb,1029 mb,1026 mb,1030 mb,1013 mb,1014 mb,1022 mb,1003 mb,1002 mb,1039 mb,1010 mb,1017 mb,1012 mb,1005 mb,1021 mb,1022 mb,1026 mb,1019 mb,1006 mb,1017 mb,1015 mb,1013 mb,1029 mb,1020 mb,1022 mb,1005 mb,995 mb,1022 mb,1015 mb,1020 mb,1030 mb,988 mb,1008 mb,1014 mb,1019 mb,1006 mb,1024 mb,1028 mb,1011 mb,998 mb,1008 mb,1022 mb,1018 mb,1030 mb,995 mb,996 mb,1005 mb,1022 mb,989 mb,1021 mb,1030 mb,1008 mb,1001 mb,987 mb,1024 mb,1020 mb,1027 mb,1004 mb,1008 mb,997 mb,1023 mb,993 mb,1022 mb,1027 mb,1007 mb,1007 mb,976 mb,1012 mb,1012 mb,1028 mb,994 mb,1008 mb,999 mb,1020 mb,1004 mb,1025 mb,1027 mb,1013 mb,1008 mb,982 mb,1010 mb,1017 mb,1008 mb,996 mb,1008 mb,1004 mb,1013 mb,1009 mb,1026 mb,1032 mb,1003 mb,1000 mb,990 mb,1016 mb,1016 mb,1001 mb,990 mb,1006 mb,996 mb,1002 mb,1008 mb,1028 mb,1034 mb,1005 mb,1011 mb,1001 mb,1015 mb,1009 mb,1004 mb,997 mb,1010 mb,1002 mb,1000 mb,1009 mb,1025 mb,1037 mb,1016 mb,1012 mb,1005 mb,1018 mb,1004 mb,1008 mb,1019 mb,1012 mb,998 mb,998 mb,1012 mb,1020 mb,1039 mb,1010 mb,1008 mb,1014 mb,1022 mb,1000 mb,1019 mb,1026 mb,1014 mb,1012 mb,995 mb,1007 mb,1020 mb,1034 mb,1001 mb,999 mb,1023 mb,1023 mb,1003 mb,1026 mb,1027 mb,1033 mb,1012 mb,993 mb,1013 mb,1023 mb,1035 mb,999 mb,1001 mb,1028 mb,1011 mb,1016 mb,1016 mb,1023 mb,1031 mb,1009 mb,991 mb,1020 mb,1019 mb,1039 mb,1010 mb,994 mb,1032 mb,1001 mb,1018 mb,1017 mb,1012 mb,1026 mb,998 mb,1002 mb,1013 mb,1022 mb,1039 mb,1014 mb,994 mb,1031 mb,994 mb,1023 mb,1020 mb,1011 mb,1020 mb,1002 mb,1003 mb,1008 mb,1023 mb,1038 mb,1019 mb,993 mb,1030 mb,990 mb,1028 mb,1015 mb,1005 mb,1011 mb,1006 mb,988 mb,1010 mb,1017 mb,1039 mb,1012 mb,996 mb,1031 mb,993 mb,1023 mb,1015 mb,997 mb,996 mb,1012 mb,1012 mb,1014 mb,1012 mb,1036 mb,1004 mb,1001 mb,1026 mb,1005 mb,1021 mb,1003 mb,1018 mb,1006 mb,1029 mb,1018 mb,1018 mb,1014 mb,1032 mb,1014 mb,1004 mb,1022 mb,1001 mb,1026 mb,1013 mb,1034 mb,1014 mb,1033 mb,1020 mb,1019 mb,1011 mb,1023 mb,1024 mb,996 mb,1016 mb,991 mb,1029 mb,1014 mb,1036 mb,1006 mb,1039 mb,1026 mb,1014 mb,1006 mb,1016 mb,1019 mb,1003 mb,1010 mb,989 mb,1030 mb,1016 mb,1036 mb,1016 mb,1038 mb,1027 mb,1008 mb,1001 mb,1013 mb,1018 mb,998 mb,1014 mb,1015 mb,1033 mb,1013 mb,1031 mb,1019 mb,1029 mb,1021 mb,1003 mb,1000 mb,1023 mb,1024 mb,1008 mb,1019 mb,1035 mb,1030 mb,1025 mb,1026 mb,1008 mb,1018 mb,1020 mb,996 mb,1005 mb,1022 mb,1024 mb,1014 mb,1032 mb,1023 mb,1026 mb,1024 mb,1022 mb,1014 mb,1017 mb,1028 mb,996 mb,1014 mb,1015 mb,1022 mb,1014 mb,1039 mb,1016 mb,1027 mb,1026 mb,1018 mb,1020 mb,1013 mb,1027 mb,993 mb,1017 mb,1018 mb,1018 mb,1013 mb,1028 mb,1020 mb,1023 mb,1020 mb,1019 mb,1018 mb,1015 mb,1027 mb,998 mb,1017 mb,1033 mb,1024 mb,1010 mb,1011 mb,1012 mb,1018 mb,1019 mb,1023 mb,1015 mb,1015 mb,1031 mb,1000 mb,1019 mb,1031 mb,1024 mb,1006 mb,999 mb,1010 mb,1015 mb,1024 mb,1027 mb,1024 mb,1016 mb,1023 mb,990 mb,1020 mb,1028 mb,1019 mb,1014 mb,1008 mb,1008 mb,1008 mb,1023 mb,1035 mb,1021 mb,1019 mb,1019 mb,993 mb,1024 mb,1022 mb,1016 mb,1020 mb,996 mb,1013 mb,998 mb,1022 mb,1038 mb,1016 mb,1029 mb,1025 mb,998 mb,1023 mb,1025 mb,1016 mb,1015 mb,1005 mb,1018 mb,1011 mb,1025 mb,1038 mb,1016 mb,1030 mb,1028 mb,994 mb,1027 mb,1024 mb,1021 mb,1010 mb,1017 mb,1014 mb,1019 mb,1029 mb,1038 mb,1002 mb,1027 mb,1021 mb,991 mb,1017 mb,1026 mb,1030 mb,1016 mb,1016 mb,1013 mb,1012 mb,1028 mb,1034 mb,998 mb,1032 mb,1018 mb,1001 mb,1015 mb,1026 mb,1032 mb,1015 mb,1015 mb,1011 mb,1000 mb,1023 mb,1027 mb,1002 mb,1038 mb,1016 mb,985 mb,1024 mb,1024 mb,1028 mb,1003 mb,1018 mb,1017 mb,992 mb,1021 mb,1017 mb,1002 mb,1037 mb,1009 mb,1008 mb,1033 mb,1026 mb,1026 mb,1001 mb,1004 mb,1017 mb,999 mb,1010 mb,1015 mb,994 mb,1033 mb,1014 mb,1021 mb,1034 mb,1026 mb,1025 mb,1002 mb,1006 mb,1000 mb,1007 mb,1000 mb,1015 mb,990 mb,1031 mb,1012 mb,1023 mb,1011 mb,1023 mb,1024 mb,992 mb,1017 mb,1001 mb,1008 mb,998 mb,1007 mb,1002 mb,1028 mb,992 mb,1021 mb,1009 mb,1020 mb,1019 mb,1003 mb,1025 mb,998 mb,995 mb,997 mb,995 mb,1011 mb,1021 mb,989 mb,1024 mb,1011 mb,1014 mb,1011 mb,1019 mb,1036 mb,996 mb,998 mb,995 mb,1006 mb,995 mb,1027 mb,998 mb,1022 mb,1013 mb,1024 mb,1004 mb,1028 mb,1036 mb,1000 mb,1001 mb,992 mb,1002 mb,993 mb,1033 mb,1011 mb,1033 mb,1033 mb,1020 mb,1000 mb,1026 mb,1030 mb,1005 mb,1014 mb,995 mb,995 mb,1014 mb,1027 mb,1005 mb,1029 mb,1025 mb,1026 mb,999 mb,1031 mb,1025 mb,1015 mb,1016 mb,1001 mb,1010 mb,1012 mb,1023 mb,1008 mb,1028 mb,1016 mb,1036 mb,999 mb,1028 mb,1026 mb,1009 mb,1019 mb,1007 mb,1011 mb,1013 mb,1020 mb,1009 mb,1026 mb,1014 mb,1035 mb,1002 mb,1025 mb,1020 mb,1018 mb,1027 mb,1002 mb,1007 mb,1008 mb,1018 mb,1021 mb,1020 mb,1015 mb,1034 mb,1007 mb,1030 mb,1016 mb,1027 mb,1022 mb,996 mb,1018 mb,1011 mb,1003 mb,1020 mb,1020 mb,1009 mb,1033 mb,1005 mb,1032 mb,1016 mb,1030 mb,1017 mb,993 mb,1014 mb,1011 mb,1006 mb,1020 mb,1024 mb,1005 mb,1033 mb,1007 mb,1028 mb,1019 mb,1034 mb,1025 mb,1002 mb,1005 mb,1016 mb,999 mb,1017 mb,1023 mb,1014 mb,1032 mb,1012 mb,1026 mb,1021 mb,1033 mb,1032 mb,1011 mb,1004 mb,1022 mb,1008 mb,1026 mb,1023 mb,1016 mb,1027 mb,1015 mb,1021 mb,1020 mb,1027 mb,1032 mb,999 mb,1005 mb,1014 mb,1012 mb,1033 mb,1025 mb,1011 mb,1021 mb,1010 mb,1019 mb,1017 mb,1029 mb,1024 mb,1002 mb,1007 mb,1019 mb,1023 mb,1034 mb,1025 mb,1010 mb,1016 mb,1000 mb,1020 mb,1017 mb,1028 mb,1016 mb,1007 mb,1003 mb,1028 mb,1025 mb,1033 mb,1022 mb,1021 mb,1016 mb,994 mb,1016 mb,1016 mb,1023 mb,1007 mb,1010 mb,1017 mb,1026 mb,1022 mb,1028 mb,1016 mb,1031 mb,1030 mb,998 mb,1021 mb,1023 mb,1022 mb,1009 mb,1013 mb,1028 mb,1024 mb,1024 mb,1032 mb,1010 mb,1034 mb,1035 mb,1004 mb,1016 mb,1025 mb,1021 mb,1008 mb,1021 mb,1034 mb,1025 mb,1028 mb,1029 mb,1013 mb,1035 mb,1035 mb,1018 mb,1008 mb,1019 mb,1019 mb,1009 mb,1028 mb,1034 mb,1027 mb,1023 mb,1026 mb,1022 mb,1037 mb,1031 mb,1018 mb,1004 mb,1024 mb,1015 mb,1014 mb,1017 mb,1030 mb,1031 mb,1024 mb,1012 mb,1019 mb,1039 mb,1027 mb,1016 mb,1006 mb,1017 mb,1013 mb,1017 mb,1007 mb,1029 mb,1034 mb,1025 mb,1008 mb,1012 mb,1034 mb,1027 mb,1016 mb,1014 mb,1009 mb,1014 mb,1028 mb,1003 mb,1027 mb,1031 mb,1022 mb,1001 mb,1006 mb,1021 mb,1031 mb,1015 mb,1013 mb,1006 mb,1013 mb,1029 mb,1008 mb,1024 mb,1027 mb,1018 mb,1003 mb,1006 mb,1017 mb,1035 mb,1014 mb,1014 mb,1008 mb,1015 mb,1025 mb,1015 mb,1031 mb,1022 mb,1015 mb,999 mb,1006 mb,1015 mb,1034 mb,1012 mb,1014 mb,1016 mb,1008 mb,1024 mb,1012 mb,1033 mb,1020 mb,1024 mb,996 mb,1009 mb,1015 mb,1031 mb,1010 mb,1017 mb,1017 mb,1000 mb,1021 mb,1002 mb,1035 mb,1022 mb,1022 mb,1009 mb,1004 mb,1016 mb,1024 mb,1009 mb,1019 mb,1001 mb,1006 mb,1025 mb,1006 mb,1031 mb,1029 mb,1030 mb,1021 mb,994 mb,1014 mb,1020 mb,1009 mb,1016 mb,1004 mb,1010 mb,1024 mb,1002 mb,1022 mb,1029 mb,1031 mb,1024 mb,999 mb,1015 mb,1015 mb,1012 mb,1014 mb,1001 mb,1013 mb,1015 mb,1000 mb,1023 mb,1030 mb,1023 mb,1021 mb,1009 mb,1021 mb,1018 mb,1012 mb,1011 mb,1016 mb,1020 mb,1012 mb,1008 mb,1021 mb,1023 mb,1022 mb,1018 mb,1013 mb,1015 mb,1011 mb,1012 mb,1007 mb,1016 mb,1017 mb,1020 mb,1008 mb,1007 mb,1015 mb,1024 mb,1016 mb,1008 mb,1013 mb,1003 mb,1016 mb,1004 mb,1020 mb,1011 mb,1026 mb,1001 mb,1002 mb,1015 mb,1026 mb,1019 mb,1009 mb,1020 mb,1007 mb,1012 mb,1008 mb,1018 mb,1007 mb,1024 mb,1002 mb,1001 mb,1024 mb,1022 mb,1023 mb,1025 mb,1025 mb,1016 mb,1012 mb,1014 mb,1025 mb,1007 mb,1026 mb,1012 mb,1006 mb,1022 mb,1008 mb,1015 mb,1023 mb,1026 mb,1013 mb,1019 mb,1017 mb,1030 mb,1009 mb,1028 mb,1019 mb,1005 mb,1021 mb,1014 mb,1010 mb,1018 mb,1025 mb,1009 mb,1020 mb,1014 mb,1036 mb,1009 mb,1025 mb,1011 mb,1005 mb,1030 mb,1018 mb,1013 mb,1025 mb,1025 mb,1014 mb,1008 mb,1015 mb,1033 mb,1011 mb,1025 mb,1008 mb,1009 mb,1026 mb,1022 mb,1015 mb,1032 mb,1025 mb,1003 mb,1001 mb,1024 mb,1027 mb,1008 mb,1023 mb,1004 mb,1012 mb,1025 mb,1015 mb,1009 mb,1031 mb,1024 mb,995 mb,1004 mb,1022 mb,1020 mb,1011 mb,1021 mb,1003 mb,1016 mb,1027 mb,1011 mb,1009 mb,1026 mb,1020 mb,999 mb,1000 mb,1019 mb,1019 mb,1011 mb,1025 mb,1006 mb,1022 mb,1024 mb,1010 mb,1010 mb,1022 mb,1022 mb,1002 mb,1002 mb,1018 mb,1028 mb,1011 mb,1017 mb,1002 mb,1025 mb,1016 mb,1024 mb,1010 mb,1019 mb,1022 mb,1005 mb,1016 mb,1019 mb,1015 mb,1014 mb,1015 mb,1008 mb,1024 mb,1020 mb,1032 mb,1009 mb,1017 mb,1019 mb,1005 mb,1021 mb,1019 mb,1015 mb,1015 mb,1017 mb,1017 mb,1025 mb,1027 mb,1032 mb,1009 mb,1019 mb,1021 mb,1012 mb,1019 mb,1026 mb,1017 mb,1017 mb,1015 mb,1013 mb,1024 mb,1025 mb,1029 mb,1006 mb,1024 mb,1022 mb,1020 mb,1019 mb,1029 mb,1015 mb,1019 mb,1019 mb,1015 mb,1017 mb,1018 mb,1028 mb,1005 mb,1023 mb,1024 mb,1010 mb,1020 mb,1021 mb,1018 mb,1017 mb,1019 mb,1025 mb,1022 mb,1017 mb,1025 mb,1013 mb,1015 mb,1020 mb,994 mb,1016 mb,1015 mb,1026 mb,1016 mb,1026 mb,1030 mb,1025 mb,1015 mb,1023 mb,1021 mb,1016 mb,1016 mb,991 mb,1023 mb,1015 mb,1023 mb,1017 mb,1035 mb,1027 mb,1028 mb,1019 mb,1019 mb,1021 mb,1016 mb,1016 mb,991 mb,1023 mb,1015 mb,1023 mb,1017 mb,1035 mb,1027 mb,1028 mb,1019 mb,1019 mb,1024 mb,1019 mb,1015 mb,999 mb,1020 mb,1005 mb,1030 mb,1024 mb,1030 mb,1021 mb,1021 mb,1018 mb,1018 mb,1024 mb,1018 mb,1011 mb,1005 mb,1017 mb,1011 mb,1028 mb,1019 mb,1025 mb,1013 mb,1010 mb,1020 mb,1023 mb,1024 mb,1017 mb,1011 mb,1002 mb,1020 mb,1018 mb,1020 mb,1015 mb,1025 mb,1015 mb,1000 mb,1020 mb,1029 mb,1020 mb,1020 mb,1015 mb,996 mb,1025 mb,1018 mb,1013 mb,1014 mb,1016 mb,1016 mb,1001 mb,1013 mb,1028 mb,1012 mb,1021 mb,1020 mb,1000 mb,1022 mb,1012 mb,1009 mb,1008 mb,1009 mb,1011 mb,1007 mb,1013 mb,1026 mb,1009 mb,1024 mb,1020 mb,1005 mb,1011 mb,1011 mb,1007 mb,1001 mb,1012 mb,1016 mb,1013 mb,1010 mb,1020 mb,1003 mb,1028 mb,1018 mb,1015 mb,1012 mb,1007 mb,1008 mb,1006 mb,1016 mb,1012 mb,1013 mb,1007 mb,1010 mb,1003 mb,1024 mb,1014 mb,1012 mb,1016 mb,1010 mb,1013 mb,1014 mb,1015 mb,1011 mb,1018 mb,1004 mb,1006 mb,1010 mb,1013 mb,1011 mb,1007 mb,1017 mb,1011 mb,1018 mb,1014 mb,1018 mb,1007 mb,1024 mb,1004 mb,1006 mb,1018 mb,1009 mb,1010 mb,1015 mb,1023 mb,1011 mb,1013 mb,1019 mb,1011 mb,999 mb,1022 mb,1002 mb,1013 mb,1022 mb,1010 mb,1011 mb,1016 mb,1022 mb,1011 mb,1010 mb,1025 mb,1011 mb,1010 mb,1017 mb,1002 mb,1014 mb,1027 mb,1009 mb,1011 mb,1014 mb,1019 mb,1016 mb,1011 mb,1023 mb,1016 mb,1012 mb,1011 mb,1008 mb,1018 mb,1025 mb,1012 mb,1016 mb,1011 mb,1017 mb,1024 mb,1005 mb,1022 mb,1019 mb,1017 mb,1012 mb,1016 mb,1018 mb,1025 mb,1021 mb,1021 mb,1005 mb,1018 mb,1023 mb,1007 mb,1028 mb,1019 mb,1023 mb,1011 mb,1018 mb,1002 mb,1020 mb,1018 mb,1023 mb,1006 mb,1022 mb,1017 mb,1002 mb,1024 mb,1020 mb,1024 mb,1020 mb,1022 mb,1007 mb,1017 mb,1007 mb,1020 mb,1011 mb,1019 mb,1009 mb,1011 mb,1015 mb,1013 mb,1023 mb,1021 mb,1024 mb,1008 mb,1016 mb,1007 mb,1018 mb,1017 mb,1015 mb,1010 mb,1017 mb,1011 mb,1014 mb,1019 mb,1018 mb,1024 mb,1011 mb,1013 mb,1010 mb,1018 mb,1013 mb,1011 mb,1011 mb,1016 mb,1012 mb,1020 mb,1011 mb,1003 mb,1019 mb,1015 mb,1018 mb,1010 mb,1022 mb,1013 mb,1013 mb,1011 mb,1017 mb,1013 mb,1020 mb,1007 mb,999 mb,1013 mb,1004 mb,1019 mb,1009 mb,1024 mb,1016 mb,1014 mb,1010 mb,1026 mb,1010 mb,1010 mb,1012 mb,1009 mb,1005 mb,1006 mb,1019 mb,1009 mb,1022 mb,1021 mb,1014 mb,1005 mb,1021 mb,1005 mb,1000 mb,1019 mb,1015 mb,1012 mb,1010 mb,1020 mb,1009 mb,1018 mb,1033 mb,1014 mb,1010 mb,1018 mb,1000 mb,1002 mb,1014 mb,1033 mb,1019 mb,1010 mb,1017 mb,1013 mb,1021 mb,1031 mb,1013 mb,1016 mb,1019 mb,1003 mb,1010 mb,1012 mb,1038 mb,1016 mb,1010 mb,1009 mb,1012 mb,1016 mb,1018 mb,1009 mb,1028 mb,1013 mb,1013 mb,1020 mb,1012 mb,1033 mb,1017 mb,1008 mb,1006 mb,1013 mb,1021 mb,1010 mb,1001 mb,1034 mb,1016 mb,1020 mb,1029 mb,1015 mb,1026 mb,1021 mb,1005 mb,1013 mb,1015 mb,1022 mb,1021 mb,999 mb,1031 mb,1023 mb,1020 mb,1027 mb,1016 mb,1018 mb,1025 mb,1004 mb,1013 mb,1021 mb,1020 mb,1021 mb,1002 mb,1023 mb,1024 mb,1017 mb,1018 mb,1021 mb,1008 mb,1023 mb,1003 mb,1018 mb,1027 mb,1017 mb,1009 mb,1008 mb,1015 mb,1011 mb,1011 mb,1011 mb,1023 mb,1006 mb,1023 mb,1012 mb,1021 mb,1027 mb,1016 mb,1011 mb,1008 mb,1008 mb,1007 mb,1015 mb,1012 mb,1023 mb,1005 mb,1022 mb,1016 mb,1020 mb,1029 mb,1018 mb,1007 mb,1008 mb,1011 mb,1014 mb,1017 mb,1021 mb,1022 mb,1007 mb,1023 mb,1022 mb,1014 mb,1029 mb,1020 mb,1001 mb,1010 mb,1011 mb,1024 mb,1017 mb,1026 mb,1016 mb,1013 mb,1022 mb,1008 mb,1014 mb,1029 mb,1020 mb,1001 mb,1010 mb,1011 mb,1024 mb,1017 mb,1026 mb,1016 mb,1013 mb,1022 mb,1008 mb,1019 mb,1023 mb,1023 mb,1019 mb,1009 mb,1010 mb,1021 mb,1011 mb,1018 mb,1018 mb,1018 mb,1023 mb,1012 mb,1019 mb,1014 mb,1024 mb,1025 mb,1011 mb,1014 mb,1019 mb,1016 mb,1023 mb,1018 mb,1015 mb,1029 mb,1011 mb,1017 mb,1012 mb,1025 mb,1025 mb,1014 mb,1019 mb,1016 mb,1015 mb,1024 mb,1018 mb,1017 mb,1032 mb,1012 mb,1011 mb,1009 mb,1011 mb,1022 mb,1012 mb,1015 mb,1020 mb,1017 mb,1021 mb,1020 mb,1014 mb,1035 mb,1013 mb,1023 mb,1009 mb,1014 mb,1019 mb,1010 mb,1010 mb,1023 mb,1015 mb,1018 mb,1018 mb,1009 mb,1033 mb,1019 mb,1026 mb,1013 mb,1016 mb,1015 mb,1004 mb,1012 mb,1015 mb,1013 mb,1018 mb,1017 mb,1009 mb,1033 mb,1024 mb,1031 mb,1016 mb,1015 mb,1016 mb,1002 mb,1016 mb,1011 mb,1007 mb,1013 mb,1013 mb,1021 mb,1029 mb,1026 mb,1026 mb,1008 mb,1012 mb,1018 mb,1007 mb,1021 mb,1014 mb,1004 mb,1014 mb,1014 mb,1023 mb,1025 mb,1027 mb,1023 mb,1013 mb,1015 mb,1016 mb,1009 mb,1022 mb,1012 mb,1012 mb,1021 mb,1014 mb,1024 mb,1024 mb,1023 mb,1022 mb,1016 mb,1028 mb,1017 mb,1016 mb,1021 mb,1015 mb,1014 mb,1021 mb,1016 mb,1022 mb,1022 mb,1020 mb,1021 mb,1018 mb,1032 mb,1016 mb,1024 mb,1019 mb,1012 mb,1010 mb,1016 mb,1018 mb,1015 mb,1018 mb,1016 mb,1019 mb,1020 mb,1028 mb,1009 mb,1027 mb,1014 mb,1021 mb,1012 mb,1013 mb,1018 mb,1013 mb,1006 mb,1020 mb,1016 mb,1021 mb,1018 mb,1011 mb,1023 mb,1007 mb,1026 mb,1013 mb,1015 mb,1014 mb,1009 mb,998 mb,1022 mb,1011 mb,1019 mb,1008 mb,1017 mb,1019 mb,1012 mb,1018 mb,1017 mb,1013 mb,1013 mb,1007 mb,996 mb,1021 mb,1002 mb,1012 mb,1003 mb,1008 mb,1019 mb,1016 mb,1023 mb,1020 mb,1003 mb,1013 mb,1011 mb,999 mb,1024 mb,1003 mb,1011 mb,1006 mb,1004 mb,1020 mb,1014 mb,1029 mb,1021 mb,1011 mb,1014 mb,1011 mb,1006 mb,1022 mb,1008 mb,1007 mb,1007 mb,1006 mb,1017 mb,1018 mb,1029 mb,1021 mb,1015 mb,1014 mb,1017 mb,1013 mb,1023 mb,1006 mb,1006 mb,1014 mb,1013 mb,1012 mb,1017 mb,1029 mb,1019 mb,1013 mb,1013 mb,1022 mb,1017 mb,1021 mb,1012 mb,1006 mb,1015 mb,1010 mb,1013 mb,1018 mb,1026 mb,1015 mb,1020 mb,1012 mb,1013 mb,1016 mb,1022 mb,1012 mb,1007 mb,1017 mb,1003 mb,1016 mb,1025 mb,1020 mb,1011 mb,1016 mb,1012 mb,1012 mb,1011 mb,1020 mb,1020 mb,1012 mb,1019 mb,1004 mb,1017 mb,1027 mb,1012 mb,1008 mb,1016 mb,1013 mb,1010 mb,1008 mb,1020 mb,1022 mb,1016 mb,1015 mb,1014 mb,1015 mb,1022 mb,1010 mb,1002 mb,1019 mb,1016 mb,1012 mb,1011 mb,1027 mb,1018 mb,1015 mb,1018 mb,1019 mb,1019 mb,1021 mb,1012 mb,1000 mb,1019 mb,1016 mb,1014 mb,1013 mb,1022 mb,1016 mb,1023 mb,1017 mb,1014 mb,1013 mb,1023 mb,1018 mb,1000 mb,1015 mb,1016 mb,1013 mb,1015 mb,1020 mb,1021 mb,1022 mb,1012 mb,1015 mb,1016 mb,1022 mb,1024 mb,1018 mb,1020 mb,1015 mb,1020 mb,1015 mb,1015 mb,1022 mb,1018 mb,1012 mb,1020 mb,1014 mb,1022 mb,1024 mb,1006 mb,1026 mb,1018 mb,1020 mb,1011 mb,1010 mb,1017 mb,1014 mb,1004 mb,1016 mb,1014 mb,1022 mb,1017 mb,1016 mb,1025 mb,1021 mb,1014 mb,1012 mb,1012 mb,1018 mb,1010 mb,1010 mb,1020 mb,1012 mb,1020 mb,1018 mb,1023 mb,1020 mb,1023 mb,1008 mb,1015 mb,1015 mb,1021 mb,1014 mb,1014 mb,1015 mb,1012 mb,1019 mb,1020 mb,1019 mb,1017 mb,1021 mb,1012 mb,1021 mb,1007 mb,1022 mb,1021 mb,1013 mb,1010 mb,1012 mb,1019 mb,1016 mb,1019 mb,1017 mb,1019 mb,1019 mb,1019 mb,1010 mb,1026 mb,1023 mb,1012 mb,1016 mb,1013 mb,1020 mb,1010 mb,1022 mb,1012 mb,1026 mb,1021 mb,1024 mb,1016 mb,1026 mb,1022 mb,1015 mb,1022 mb,1012 mb,1022 mb,1013 mb,1018 mb,1015 mb,1027 mb,1019 mb,1026 mb,1019 mb,1020 mb,1018 mb,1021 mb,1015 mb,1019 mb,1018 mb,1022 mb,1017 mb,1015 mb,1023 mb,1019 mb,1023 mb,1020 mb,1013 mb,1017 mb,1023 mb,1016 mb,1026 mb,1016 mb,1022 mb,1016 mb,1012 mb,1024 mb,1018 mb,1020 mb,1020 mb,1011 mb,1018 mb,1023 mb,1021 mb,1028 mb,1015 mb,1019 mb,1017 mb,1013 mb,1025 mb,1024 mb,1012 mb,1019 mb,1014 mb,1019 mb,1018 mb,1018 mb,1023 mb,1014 mb,1017 mb,1019 mb,1008 mb,1024 mb,1027 mb,1011 mb,1016 mb,1015 mb,1019 mb,1014 mb,1010 mb,1019 mb,1011 mb,1021 mb,1017 mb,998 mb,1022 mb,1025 mb,1013 mb,1014 mb,1018 mb,1019 mb,1017 mb,1009 mb,1018 mb,1009 mb,1021 mb,1012 mb,998 mb,1019 mb,1019 mb,1013 mb,1014 mb,1020 mb,1019 mb,1022 mb,1012 mb,1022 mb,1016 mb,1022 mb,1012 mb,1004 mb,1016 mb,1015 mb,1010 mb,1012 mb,1021 mb,1016 mb,1022 mb,1016 mb,1017 mb,1019 mb,1018 mb,1013 mb,1010 mb,1017 mb,1018 mb,1008 mb,1015 mb,1018 mb,1014 mb,1018 mb,1019 mb,1014 mb,1022 mb,1018 mb,1014 mb,1019 mb,1016 mb,1022 mb,1011 mb,1016 mb,1013 mb,1016 mb,1016 mb,1017 mb,1010 mb,1022 mb,1023 mb,1020 mb,1021 mb,1017 mb,1024 mb,1016 mb,1014 mb,1013 mb,1020 mb,1017 mb,1013 mb,1020 mb,1012 mb,1019 mb,1020 mb,1021 mb,1014 mb,1024 mb,1016 mb,1010 mb,1011 mb,1020 mb,1014 mb,1010 mb,1028 mb,1007 mb,1017 mb,1016 mb,1018 mb,1014 mb,1018 mb,1013 mb,1012 mb,1008 mb,1023 mb,1009 mb,1009 mb,1029 mb,1008 mb,1020 mb,1021 mb,1017 mb,1020 mb,1012 mb,1015 mb,1008 mb,1006 mb,1022 mb,1009 mb,1012 mb,1030 mb,1016 mb,1011 mb,1021 mb,1015 mb,1023 mb,1015 mb,1021 mb,1008 mb,1019 mb,1011 mb,1007 mb,1030 mb,1011 mb,1011 mb,1016 mb,1017 mb,1024 mb,1019 mb,1016 mb,1014 mb,1018 mb,1014 mb,1012 mb,1025 mb,1007 mb,1020 mb,1019 mb,1014 mb,1023 mb,1021 mb,1015 mb,1014 mb,1018 mb,1018 mb,1013 mb,1022 mb,1009 mb,1023 mb,1012 mb,1009 mb,1018 mb,1020 mb,1012 mb,1015 mb,1015 mb,1019 mb,1012 mb,1022 mb,1013 mb,1016 mb,1011 mb,1011 mb,1017 mb,1013 mb,1023 mb,1011 mb,1013 mb,1014 mb,1013 mb,1023 mb,1013 mb,1018 mb,1013 mb,1012 mb,1018 mb,1012 mb,1027 mb,1012 mb,1011 mb,1010 mb,1006 mb,1023 mb,1009 mb,1017 mb,1014 mb,1022 mb,1021 mb,1017 mb,1024 mb,1011 mb,1007 mb,1012 mb,1005 mb,1023 mb,1013 mb,1016 mb,1020 mb,1017 mb,1020 mb,1019 mb,1016 mb,1016 mb,1012 mb,1017 mb,1014 mb,1023 mb,1020 mb,1019 mb,1025 mb,1022 mb,1017 mb,1020 mb,1015 mb,1020 mb,1015 mb,1008 mb,1021 mb,1023 mb,1022 mb,1018 mb,1024 mb,1023 mb,1014 mb,1019 mb,1017 mb,1009 mb,1019 mb,998 mb,1021 mb,1023 mb,1021 mb,1013 mb,1021 mb,1022 mb,1015 mb,1015 mb,1019 mb,1009 mb,1026 mb,1001 mb,1015 mb,1024 mb,1017 mb,1017 mb,1016 mb,1019 mb,1019 mb,1012 mb,1018 mb,1013 mb,1023 mb,1004 mb,1009 mb,1023 mb,1012 mb,1012 mb,1013 mb,1011 mb,1018 mb,1014 mb,1016 mb,1016 mb,1014 mb,1008 mb,1015 mb,1021 mb,1009 mb,1013 mb,1014 mb,1010 mb,1014 mb,1012 mb,1019 mb,1012 mb,1008 mb,1009 mb,1022 mb,1019 mb,1013 mb,1014 mb,1014 mb,1014 mb,1011 mb,1020 mb,1024 mb,1006 mb,1014 mb,1011 mb,1027 mb,1016 mb,1017 mb,1015 mb,1016 mb,1012 mb,1015 mb,1023 mb,1023 mb,1005 mb,1017 mb,1010 mb,1026 mb,1013 mb,1018 mb,1017 mb,1016 mb,1013 mb,1017 mb,1020 mb,1017 mb,1012 mb,1020 mb,1008 mb,1019 mb,1014 mb,1015 mb,1011 mb,1015 mb,1010 mb,1015 mb,1015 mb,1012 mb,1020 mb,1017 mb,1009 mb,1015 mb,1015 mb,1014 mb,1005 mb,1014 mb,1010 mb,1015 mb,1014 mb,1012 mb,1021 mb,1013 mb,1012 mb,1017 mb,1014 mb,1013 mb,1012 mb,1014 mb,1009 mb,1015 mb,1009 mb,1010 mb,1013 mb,1017 mb,1017 mb,1012 mb,1009 mb,1015 mb,1002 mb,1012 mb,1008 mb,1012 mb,1003 mb,1014 mb,1020 mb,1015 mb,1018 mb,1008 mb,1011 mb,1012 mb,1006 mb,1015 mb,1012 mb,1009 mb,1003 mb,1012 mb,1017 mb,1012 mb,1020 mb,1012 mb,1014 mb,1010 mb,1009 mb,1013 mb,1012 mb,1014 mb,1011 mb,1019 mb,1018 mb,1015 mb,1018 mb,1016 mb,1017 mb,1012 mb,1016 mb,1013 mb,1009 mb,1015 mb,1012 mb,1022 mb,1023 mb,1015 mb,1017 mb,1018 mb,1017 mb,1015 mb,1020 mb,1015 mb,1014 mb,1017 mb,1016 mb,1016 mb,1014 mb,1013 mb,1016 mb,1013 mb,1015 mb,1011 mb,1016 mb,1018 mb,1016 mb,1021 mb,1017 mb,1014 mb,1010 mb,1015 mb,1016 mb,1012 mb,1011 mb,1007 mb,1019 mb,1015 mb,1017 mb,1022 mb,1015 mb,1014 mb,1017 mb,1015 mb,1014 mb,1016 mb,1017 mb,1011 mb,1015 mb,1012 mb,1012 mb,1021 mb,1017 mb,1014 mb,1020 mb,1009 mb,1014 mb,1014 mb,1021 mb,1015 mb,1014 mb,1012 mb,1013 mb,1020 mb,1016 mb,1016 mb,1021 mb,1009 mb,1012 mb,1009 mb,1016 mb,1019 mb,1017 mb,1018 mb,1015 mb,1022 mb,1011 mb,1017 mb,1019 mb,1017 mb,1006 mb,1011 mb,1015 mb,1016 mb,1014 mb,1025 mb,1022 mb,1016 mb,1010 mb,1019 mb,1017 mb,1017 mb,1006 mb,1018 mb,1012 mb,1014 mb,1017 mb,1026 mb,1019 mb,1010 mb,1008 mb,1020 mb,1019 mb,1016 mb,1006 mb,1017 mb,1017 mb,1012 mb,1021 mb,1020 mb,1011 mb,1011 mb,1012 mb,1019 mb,1018 mb,1017 mb,1017 mb,1025 mb,1020 mb,1009 mb,1020 mb,1021 mb,1016 mb,1012 mb,1009 mb,1017 mb,1016 mb,1014 mb,1022 mb,1027 mb,1020 mb,1007 mb,1018 mb,1022 mb,1020 mb,1020 mb,1011 mb,1015 mb,1018 mb,1013 mb,1013 mb,1023 mb,1019 mb,1011 mb,1019 mb,1022 mb,1018 mb,1022 mb,1015 mb,1016 mb,1018 mb,1014 mb,1010 mb,1016 mb,1016 mb,1011 mb,1021 mb,1022 mb,1016 mb,1016 mb,1015 mb,1014 mb,1017 mb,1016 mb,1010 mb,1014 mb,1019 mb,1006 mb,1015 mb,1022 mb,1020 mb,1007 mb,1017 mb,1011 mb,1019 mb,1017 mb,1007 mb,1013 mb,1023 mb,1010 mb,1008 mb,1023 mb,1020 mb,1014 mb,1017 mb,1013 mb,1016 mb,1013 mb,1015 mb,1011 mb,1022 mb,1012 mb,1008 mb,1023 mb,1016 mb,1019 mb,1012 mb,1013 mb,1015 mb,1007 mb,1018 mb,1017 mb,1018 mb,1018 mb,1014 mb,1019 mb,1020 mb,1016 mb,1016 mb,1011 mb,1015 mb,1009 mb,1017 mb,1019 mb,1015 mb,1011 mb,1013 mb,1014 mb,1016 mb,1018 mb,1009 mb,1009 mb,1020 mb,1008 mb,1014 mb,1018 mb,1013 mb,1008 mb,1014 mb,1010 mb,1014 mb,1022 mb,1007 mb,1010 mb,1020 mb,1015 mb,1016 mb,1017 mb,1017 mb,1011 mb,1020 mb,1010 mb,1017 mb,1021 mb,1016 mb,1010 mb,1016 mb,1019 mb,1021 mb,1019 mb,1028 mb,1016 mb,1023 mb,1012 mb,1023 mb,1020 mb,1023 mb,1007 mb,1021 mb,1022 mb,1016 mb,1017 mb,1025 mb,1016 mb,1023 mb,1017 mb,1023 mb,1020 mb,1027 mb,1010 mb,1024 mb,1016 mb,1018 mb,1017 mb,1020 mb,1013 mb,1019 mb,1025 mb,1021 mb,1017 mb,1025 mb,1015 mb,1021 mb,1004 mb,1013 mb,1016 mb,1017 mb,1014 mb,1008 mb,1026 mb,1016 mb,1013 mb,1025 mb,1016 mb,1011 mb,1009 mb,1015 mb,1007 mb,1012 mb,1018 mb,1003 mb,1022 mb,1016 mb,1012 mb,1021 mb,1015 mb,1011 mb,1015 mb,1014 mb,1006 mb,1012 mb,1014 mb,1011 mb,1017 mb,1018 mb,1012 mb,1019 mb,1011 mb,1015 mb,1008 mb,1007 mb,1012 mb,1016 mb,1006 mb,1012 mb,1016 mb,1016 mb,1016 mb,1018 mb,1009 mb,1015 mb,1005 mb,1012 mb,1020 mb,1016 mb,1015 mb,1011 mb,1017 mb,1018 mb,1012 mb,1015 mb,1015 mb,1013 mb,1016 mb,1017 mb,1016 mb,1019 mb,1015 mb,1018 mb,1014 mb,1019 mb,1019 mb,1014 mb,1003 mb,1019 mb,1012 mb,1016 mb,1017 mb,1021 mb,1016 mb,1022 mb,1019 mb,1014 mb,1014 mb,1019 mb,1003 mb,1020 mb,1012 mb,1016 mb,1016 mb,1020 mb,1016 mb,1017 mb,1025 mb,1009 mb,1020 mb,1022 mb,1009 mb,1017 mb,1023 mb,1015 mb,1019 mb,1021 mb,1015 mb,1011 mb,1021 mb,1016 mb,1023 mb,1014 mb,1017 mb,1010 mb,1021 mb,1016 mb,1026 mb,1027 mb,1020 mb,1020 mb,1022 mb,1020 mb,1026 mb,1015 mb,1019 mb,1013 mb,1020 mb,1013 mb,1025 mb,1025 mb,1022 mb,1017 mb,1020 mb,1020 mb,1025 mb,1023 mb,1019 mb,1002 mb,1021 mb,1012 mb,1025 mb,1026 mb,1023 mb,1014 mb,1017 mb,1017 mb,1018 mb,1023 mb,1020 mb,1006 mb,1021 mb,1009 mb,1023 mb,1023 mb,1019 mb,1017 mb,1012 mb,1016 mb,1016 mb,1017 mb,1020 mb,1018 mb,1022 mb,1014 mb,1023 mb,1015 mb,1014 mb,1016 mb,1019 mb,1017 mb,1017 mb,1019 mb,1019 mb,1024 mb,1017 mb,1015 mb,1027 mb,1009 mb,1013 mb,1018 mb,1025 mb,1016 mb,1013 mb,1023 mb,1019 mb,1022 mb,1007 mb,1010 mb,1024 mb,1017 mb,1015 mb,1026 mb,1020 mb,1015 mb,1014 mb,1018 mb,1023 mb,1022 mb,1003 mb,1010 mb,1021 mb,1019 mb,1018 mb,1026 mb,1013 mb,1004 mb,1020 mb,1019 mb,1026 mb,1024 mb,1013 mb,1012 mb,1015 mb,1017 mb,1020 mb,1023 mb,1018 mb,998 mb,1021 mb,1016 mb,1022 mb,1030 mb,1020 mb,1010 mb,1014 mb,1012 mb,1020 mb,1023 mb,1016 mb,1003 mb,1022 mb,1018 mb,1022 mb,1032 mb,1019 mb,1010 mb,1012 mb,1012 mb,1019 mb,1018 mb,1017 mb,998 mb,1022 mb,1022 mb,1017 mb,1028 mb,1020 mb,1011 mb,1014 mb,1016 mb,1022 mb,1013 mb,1017 mb,1005 mb,1021 mb,1027 mb,1017 mb,1022 mb,1025 mb,1013 mb,1016 mb,1019 mb,1016 mb,1009 mb,1014 mb,1001 mb,1021 mb,1031 mb,1025 mb,1020 mb,1018 mb,1017 mb,1013 mb,1013 mb,1021 mb,1002 mb,1013 mb,1004 mb,1021 mb,1032 mb,1024 mb,1018 mb,1010 mb,1021 mb,1017 mb,1011 mb,1017 mb,1004 mb,1011 mb,1012 mb,1024 mb,1024 mb,1020 mb,1017 mb,1010 mb,1017 mb,1015 mb,1002 mb,1015 mb,1004 mb,1013 mb,1011 mb,1022 mb,1021 mb,1020 mb,1019 mb,1013 mb,1010 mb,1013 mb,1002 mb,1013 mb,1014 mb,1015 mb,1013 mb,1019 mb,1022 mb,1025 mb,1019 mb,1018 mb,1005 mb,1012 mb,1000 mb,1011 mb,1013 mb,1017 mb,1014 mb,1014 mb,1027 mb,1025 mb,1016 mb,1018 mb,1012 mb,1019 mb,1011 mb,1012 mb,1017 mb,1019 mb,1018 mb,1017 mb,1030 mb,1019 mb,1019 mb,1016 mb,1022 mb,1023 mb,1015 mb,1014 mb,1020 mb,1019 mb,1021 mb,1016 mb,1028 mb,1017 mb,1025 mb,1020 mb,1019 mb,1016 mb,1025 mb,1017 mb,1016 mb,1020 mb,1021 mb,1009 mb,1019 mb,1016 mb,1025 mb,1020 mb,1019 mb,1016 mb,1027 mb,1021 mb,1003 mb,1021 mb,1021 mb,1019 mb,1010 mb,1011 mb,1026 mb,1012 mb,1019 mb,1014 mb,1025 mb,1021 mb,1008 mb,1024 mb,1023 mb,1014 mb,1014 mb,1005 mb,1024 mb,1002 mb,1017 mb,997 mb,1017 mb,1013 mb,1017 mb,1024 mb,1023 mb,1032 mb,1010 mb,1002 mb,1027 mb,1007 mb,1019 mb,998 mb,1012 mb,1019 mb,1022 mb,1018 mb,1021 mb,1038 mb,1006 mb,996 mb,1027 mb,1008 mb,1023 mb,1001 mb,1015 mb,1023 mb,1027 mb,1024 mb,1022 mb,1034 mb,1009 mb,997 mb,1026 mb,1011 mb,1029 mb,1006 mb,1018 mb,1027 mb,1032 mb,1026 mb,1023 mb,1027 mb,1009 mb,999 mb,1024 mb,1016 mb,1029 mb,1016 mb,1014 mb,1024 mb,1036 mb,1025 mb,1023 mb,1026 mb,1011 mb,1010 mb,1020 mb,1020 mb,1027 mb,1017 mb,1011 mb,1023 mb,1035 mb,1017 mb,1020 mb,1028 mb,1003 mb,1014 mb,1018 mb,1015 mb,1026 mb,1021 mb,1011 mb,1025 mb,1034 mb,1014 mb,1017 mb,1018 mb,1008 mb,1013 mb,1015 mb,1013 mb,1026 mb,1017 mb,1014 mb,1026 mb,1031 mb,1010 mb,1020 mb,1018 mb,1002 mb,1004 mb,1017 mb,1010 mb,1025 mb,1015 mb,1018 mb,1028 mb,1025 mb,1012 mb,1014 mb,1019 mb,1010 mb,997 mb,1011 mb,1006 mb,1022 mb,1011 mb,1018 mb,1025 mb,1016 mb,1024 mb,1019 mb,1024 mb,1018 mb,990 mb,1011 mb,1003 mb,1020 mb,1009 mb,1016 mb,1017 mb,1016 mb,1032 mb,1022 mb,1026 mb,1007 mb,993 mb,1014 mb,1005 mb,1019 mb,1010 mb,1018 mb,1017 mb,1012 mb,1032 mb,1013 mb,1019 mb,1015 mb,997 mb,1011 mb,1011 mb,1010 mb,1012 mb,1025 mb,1011 mb,1004 mb,1025 mb,1019 mb,1010 mb,1013 mb,1001 mb,1010 mb,1020 mb,1011 mb,1020 mb,1026 mb,1003 mb,1010 mb,1021 mb,1018 mb,1018 mb,1016 mb,1008 mb,1014 mb,1020 mb,1016 mb,1019 mb,1025 mb,1006 mb,1019 mb,1024 mb,1017 mb,1022 mb,1008 mb,1015 mb,1021 mb,1018 mb,1019 mb,1015 mb,1017 mb,1006 mb,1022 mb,1026 mb,1020 mb,1022 mb,1008 mb,1018 mb,1012 mb,1015 mb,1016 mb,1016 mb,1008 mb,1014 mb,1020 mb,1024 mb,1016 mb,1017 mb,1012 mb,1019 mb,1013 mb,1016 mb,1017 mb,1012 mb,1015 mb,1014 mb,1018 mb,1022 mb,1016 mb,1013 mb,1013 mb,1019 mb,1018 mb,1018 mb,1019 mb,1007 mb,1018 mb,1013 mb,1018 mb,1020 mb,1020 mb,1019 mb,1010 mb,1019 mb,1027 mb,1018 mb,1028 mb,1009 mb,1016 mb,1006 mb,1018 mb,1017 mb,1025 mb,1018 mb,1010 mb,1013 mb,1031 mb,1018 mb,1033 mb,1001 mb,1014 mb,1008 mb,1019 mb,1009 mb,1026 mb,1011 mb,1011 mb,1016 mb,1029 mb,1015 mb,1030 mb,1004 mb,1009 mb,1007 mb,1018 mb,1011 mb,1023 mb,1013 mb,1007 mb,1019 mb,1023 mb,1013 mb,1025 mb,1008 mb,1013 mb,1006 mb,1018 mb,1020 mb,1022 mb,1018 mb,1009 mb,1021 mb,1023 mb,1022 mb,1021 mb,1009 mb,1013 mb,1013 mb,1018 mb,1021 mb,1021 mb,1019 mb,1010 mb,1021 mb,1023 mb,1021 mb,1011 mb,1009 mb,1018 mb,1019 mb,1020 mb,1020 mb,1014 mb,1023 mb,1007 mb,1022 mb,1019 mb,1007 mb,1015 mb,1012 mb,1012 mb,1017 mb,1022 mb,1014 mb,1011 mb,1025 mb,1006 mb,1021 mb,1009 mb,1011 mb,1025 mb,1017 mb,1012 mb,1017 mb,1023 mb,1014 mb,1011 mb,1030 mb,1009 mb,1012 mb,1005 mb,1022 mb,1028 mb,1017 mb,1014 mb,1007 mb,1020 mb,1015 mb,1012 mb,1029 mb,1016 mb,1008 mb,1003 mb,1020 mb,1023 mb,1020 mb,1008 mb,1017 mb,1016 mb,1014 mb,1012 mb,1031 mb,1023 mb,1011 mb,1011 mb,1009 mb,1017 mb,1023 mb,1006 mb,1023 mb,1023 mb,1014 mb,1019 mb,1026 mb,1016 mb,1011 mb,1014 mb,1009 mb,1009 mb,1020 mb,1017 mb,1020 mb,1019 mb,1014 mb,1021 mb,1023 mb,1009 mb,1014 mb,1014 mb,1023 mb,1005 mb,1016 mb,1013 mb,1019 mb,1023 mb,1023 mb,1022 mb,1019 mb,1018 mb,1005 mb,1017 mb,1028 mb,1012 mb,1011 mb,1011 mb,1024 mb,1020 mb,1029 mb,1024 mb,1009 mb,1015 mb,1003 mb,1022 mb,1023 mb,1015 mb,1008 mb,1005 mb,1024 mb,1016 mb,1032 mb,1027 mb,1008 mb,1019 mb,1006 mb,1020 mb,1020 mb,1022 mb,1015 mb,1000 mb,1019 mb,1012 mb,1033 mb,1021 mb,1014 mb,1023 mb,1008 mb,1023 mb,1011 mb,1023 mb,1013 mb,1011 mb,1017 mb,1018 mb,1034 mb,1014 mb,1004 mb,1025 mb,1016 mb,1027 mb,1003 mb,1022 mb,1004 mb,1022 mb,1022 mb,1025 mb,1031 mb,1026 mb,991 mb,1027 mb,1020 mb,1025 mb,1003 mb,1019 mb,1000 mb,1023 mb,1022 mb,1027 mb,1028 mb,1026 mb,1013 mb,1023 mb,1019 mb,1012 mb,1010 mb,1014 mb,987 mb,1015 mb,1020 mb,1030 mb,1022 mb,1022 mb,1011 mb,1008 mb,1012 mb,1001 mb,1014 mb,1013 mb,996 mb,1003 mb,1014 mb,1027 mb,1019 mb,1014 mb,1021 mb,991 mb,1010 mb,996 mb,1013 mb,1005 mb,1001 mb,1002 mb,1001 mb,1022 mb,1021 mb,1016 mb,1028 mb,985 mb,1022 mb,987 mb,1018 mb,1003 mb,1001 mb,990 mb,996 mb,1019 mb,1014 mb,1008 mb,1017 mb,989 mb,1030 mb,994 mb,1020 mb,1007 mb,1002 mb,996 mb,1002 mb,1020 mb,1002 mb,1010 mb,1009 mb,996 mb,1038 mb,1004 mb,1013 mb,1015 mb,1016 mb,1001 mb,1010 mb,1020 mb,1000 mb,1022 mb,1007 mb,1002 mb,1033 mb,999 mb,1005 mb,1018 mb,1022 mb,1006 mb,1006 mb,1022 mb,1006 mb,1022 mb,1009 mb,999 mb,1025 mb,1006 mb,986 mb,1018 mb,1020 mb,1008 mb,1010 mb,1025 mb,1010 mb,1019 mb,1019 mb,1006 mb,1024 mb,1012 mb,979 mb,1021 mb,1015 mb,1007 mb,1009 mb,1022 mb,1003 mb,1023 mb,1014 mb,1008 mb,1024 mb,1010 mb,989 mb,1022 mb,1003 mb,1009 mb,1010 mb,1023 mb,1006 mb,1017 mb,1004 mb,1012 mb,1025 mb,1009 mb,1000 mb,1023 mb,1011 mb,1028 mb,1007 mb,1024 mb,1017 mb,1011 mb,1007 mb,1007 mb,1023 mb,1008 mb,993 mb,1030 mb,1025 mb,1026 mb,1004 mb,1024 mb,1024 mb,1005 mb,1014 mb,1002 mb,1019 mb,1008 mb,996 mb,1032 mb,1031 mb,1031 mb,1012 mb,1022 mb,1026 mb,1017 mb,1024 mb,1001 mb,1019 mb,1006 mb,998 mb,1027 mb,1029 mb,1021 mb,1008 mb,1024 mb,1032 mb,1024 mb,1028 mb,1003 mb,1017 mb,1011 mb,1013 mb,1022 mb,1024 mb,1027 mb,1003 mb,1013 mb,1026 mb,1026 mb,1026 mb,1002 mb,1008 mb,1008 mb,1021 mb,1022 mb,1019 mb,1031 mb,1001 mb,1014 mb,1016 mb,1024 mb,1028 mb,1009 mb,1013 mb,1012 mb,1014 mb,1023 mb,1012 mb,1025 mb,1005 mb,1008 mb,1005 mb,1026 mb,1031 mb,1012 mb,1025 mb,1016 mb,1010 mb,1023 mb,1013 mb,1012 mb,1010 mb,1012 mb,999 mb,1021 mb,1029 mb,1004 mb,1023 mb,1020 mb,1015 mb,1021 mb,1017 mb,1007 mb,1020 mb,1012 mb,1006 mb,1018 mb,1020 mb,1013 mb,1021 mb,1019 mb,1015 mb,1021 mb,1018 mb,1005 mb,1026 mb,1007 mb,999 mb,1017 mb,1011 mb,1017 mb,1035 mb,1022 mb,1010 mb,1018 mb,1015 mb,1002 mb,1023 mb,997 mb,1001 mb,1012 mb,1016 mb,1012 mb,1031 mb,1010 mb,1006 mb,1019 mb,1021 mb,1011 mb,1019 mb,1008 mb,1009 mb,1008 mb,1020 mb,1007 mb,1027 mb,1003 mb,1005 mb,1026 mb,1017 mb,1018 mb,1018 mb,1022 mb,1018 mb,1004 mb,1018 mb,1000 mb,1027 mb,1009 mb,1006 mb,1031 mb,1017 mb,1023 mb,1024 mb,1017 mb,1021 mb,1010 mb,1012 mb,1006 mb,1024 mb,1007 mb,1004 mb,1027 mb,1010 mb,1030 mb,1025 mb,1006 mb,1021 mb,1013 mb,1011 mb,1009 mb,1017 mb,1007 mb,1005 mb,1028 mb,1007 mb,1034 mb,1016 mb,1016 mb,1020 mb,1021 mb,1012 mb,1004 mb,1019 mb,1003 mb,1006 mb,1021 mb,1005 mb,1033 mb,1009 mb,1017 mb,1021 mb,1015 mb,1019 mb,991 mb,1021 mb,1002 mb,1007 mb,1027 mb,1006 mb,1032 mb,1010 mb,1011 mb,1030 mb,1006 mb,1020 mb,992 mb,1021 mb,997 mb,1009 mb,1018 mb,1004 mb,1023 mb,1015 mb,1009 mb,1035 mb,1006 mb,1014 mb,1010 mb,1025 mb,997 mb,1014 mb,1024 mb,1010 mb,1020 mb,1014 mb,1015 mb,1033 mb,1005 mb,1012 mb,1023 mb,1025 mb,1008 mb,1008 mb,1014 mb,1012 mb,1030 mb,1012 mb,1022 mb,1027 mb,1015 mb,1012 mb,1021 mb,1015 mb,1009 mb,1009 mb,1011 mb,1011 mb,1033 mb,1014 mb,1027 mb,1023 mb,1026 mb,1001 mb,1026 mb,1018 mb,1001 mb,1012 mb,1006 mb,1010 mb,1029 mb,1021 mb,1028 mb,1026 mb,1025 mb,1001 mb,1028 mb,1002 mb,1007 mb,1015 mb,1000 mb,1000 mb,1026 mb,1018 mb,1027 mb,1028 mb,1030 mb,1019 mb,1023 mb,987 mb,1008 mb,1005 mb,1002 mb,1003 mb,1020 mb,1018 mb,1027 mb,1028 mb,1034 mb,1023 mb,1022 mb,996 mb,1005 mb,1003 mb,1006 mb,1014 mb,1020 mb,1023 mb,1023 mb,1031 mb,1030 mb,1016 mb,1013 mb,1001 mb,1010 mb,1005 mb,1004 mb,1006 mb,1025 mb,1020 mb,1030 mb,1032 mb,1016 mb,1007 mb,1012 mb,998 mb,1010 mb,1007 mb,1015 mb,1021 mb,1025 mb,1018 mb,1028 mb,1030 mb,1010 mb,1003 mb,1004 mb,1005 mb,1023 mb,1021 mb,1008 mb,1015 mb,1029 mb,1026 mb,1034 mb,1029 mb,1012 mb,1002 mb,1002 mb,1009 mb,1021 mb,1027 mb,1015 mb,1012 mb,1034 mb,1017 mb,1032 mb,1024 mb,989 mb,1020 mb,1022 mb,1007 mb,1027 mb,1020 mb,1015 mb,1025 mb,1034 mb,1010 mb,1023 mb,1020 mb,982 mb,1024 mb,1009 mb,997 mb,1028 mb,1018 mb,1007 mb,1022 mb,1030 mb,1001 mb,1021 mb,1025 mb,1004 mb,1026 mb,999 mb,997 mb,1025 mb,1025 mb,999 mb,1012 mb,1025 mb,1010 mb,1019 mb,1025 mb,1003 mb,1022 mb,979 mb,1009 mb,1023 mb,1029 mb,999 mb,1000 mb,1026 mb,1017 mb,1021 mb,1025 mb,992 mb,1024 mb,990 mb,1010 mb,1020 mb,1029 mb,1002 mb,999 mb,1027 mb,1014 mb,1023 mb,1026 mb,996 mb,1024 mb,1000 mb,1009 mb,1013 mb,1008 mb,981 mb,1004 mb,1025 mb,1013 mb,1023 mb,1029 mb,1011 mb,1013 mb,1006 mb,1017 mb,1008 mb,996 mb,1002 mb,1005 mb,1025 mb,1008 mb,1022 mb,1037 mb,1022 mb,1019 mb,1003 mb,1018 mb,1011 mb,999 mb,1010 mb,1013 mb,1018 mb,1011 mb,1016 mb,1036 mb,1023 mb,1021 mb,1015 mb,1021 mb,1010 mb,995 mb,1016 mb,1023 mb,1007 mb,1013 mb,1016 mb,1029 mb,1033 mb,1013 mb,1010 mb,1015 mb,1000 mb,1004 mb,1010 mb,1015 mb,1022 mb,1021 mb,1017 mb,1025 mb,1034 mb,1012 mb,991 mb,1019 mb,999 mb,1006 mb,1018 mb,1011 mb,1024 mb,1027 mb,1020 mb,1026 mb,1034 mb,1005 mb,990 mb,1017 mb,988 mb,1004 mb,1022 mb,1013 mb,1015 mb,1020 mb,1021 mb,1029 mb,1034 mb,1013 mb,984 mb,1012 mb,996 mb,1003 mb,1020 mb,1006 mb,1012 mb,1019 mb,1023 mb,1032 mb,1033 mb,1018 mb,1005 mb,1011 mb,993 mb,1008 mb,1022 mb,1006 mb,993 mb,1016 mb,1021 mb,1025 mb,1025 mb,1029 mb,1010 mb,1009 mb,991 mb,1023 mb,1030 mb,1001 mb,990 mb,1024 mb,1026 mb,1024 mb,1016 mb,1036 mb,1019 mb,1022 mb,1007 mb,1025 mb,1035 mb,1007 mb,997 mb,1028 mb,1025 mb,1027 mb,1001 mb,1033 mb,1024 mb,1021 mb,1003 mb,1023 mb,1035 mb,1004 mb,999 mb,1003 mb,1026 mb,1040 mb,986 mb,1028 mb,1028 mb,991 mb,1005 mb,1020 mb,1025 mb,1022 mb,1000 mb,1024 mb,1023 mb,1044 mb,998 mb,1029 mb,1040 mb,977 mb,1001 mb,1023 mb,1018 mb,1015 mb,1015 mb,1033 mb,1025 mb,1040 mb,1004 mb,1031 mb,1038 mb,985 mb,993 mb,1025 mb,1013 mb,1014 mb,1022 mb,1036 mb,1025 mb,1037 mb,1000 mb,1032 mb,1032 mb,1000 mb,995 mb,1026 mb,1011 mb,1013 mb,1016 mb,1035 mb,1019 mb,1033 mb,1002 mb,1033 mb,1033 mb,1002 mb
